Webots Project File version R2021b
perspectives: 000000ff00000000fd0000000200000001000000fd00000308fc0200000001fb0000001400540065007800740045006400690074006f00720000000000000003080000004500ffffff00000003000005e800000039fc0100000001fb0000001a0043006f006e0073006f006c00650041006c006c0041006c006c0100000000000005e80000000000000000000005e80000039a00000001000000020000000100000008fc00000000
simulationViewPerspectives: 000000ff000000010000000200000000000004e70100000002010000000100
sceneTreePerspectives: 000000ff0000000100000002000000c0000000000100000002010000000200
maximizedDockId: -1
centralWidgetVisible: 1
orthographicViewHeight: 1
textFiles: -1
renderingDevicePerspectives: tesla:console;1;1;0.202259;0.00931676
renderingDevicePerspectives: tesla:speedometer;1;1;0;0
