track_name,session_id,step_idx,sim_time_s,x,y,xdot,ydot,speed,speed_norm,psi,psidot,cross_track_error,cross_track_error_norm,heading_error,track_heading_error,battery_soc,battery_soc_norm,track_progress,v_target,v_target_norm,corner_feasible_speed,corner_feasible_speed_norm,preview_speed_limit,preview_speed_limit_norm,max_heading_change,distance_to_turn_start,distance_to_turn_start_norm,deploy_track_factor,soc_factor,brake_required,throttle_fraction,brake_fraction,F_cmd,delta_cmd,delT
raceline_xy,20260415_212047_eb9da4db,0,0.032,1.39,3.86663968016672e-15,43.43749864257607,1.3501826819132695e-05,43.43749864257816,1.8098957767740902,-3.1083343010607223e-07,-2.5096493921476523e-19,1.39,6.949999999999999,0.22688825647234445,0.8771255687394435,100.0,1.0,0.0,7.94800355496753,0.33116681479031373,7.94800355496753,0.33116681479031373,7.94800355496753,0.33116681479031373,0.8705646589507907,0.0,0.0,0.0,1.0,1.0,0.0,1.0,-10000.0,-0.5,0.032
raceline_xy,20260415_212047_eb9da4db,1,0.064,1.3899903164959486,3.1339290003234513e-07,1e-05,9.793611364074367e-06,1.3996957653380488e-05,5.832065688908537e-07,2.7647825451282415e-07,1.835348635490859e-05,1.389990316495984,6.949951582479919,0.2268888145214465,0.8771261560511281,100.0,1.0,0.0,7.94800355496753,0.33116681479031373,7.94800355496753,0.33116681479031373,7.94800355496753,0.33116681479031373,0.8705646589507907,0.0,0.0,0.07290236796463839,1.0,0.0,1.0,0.0,10000.0,-0.3359666356607144,0.032
raceline_xy,20260415_212047_eb9da4db,2,0.096,1.3900380923657223,1.6693287175104732e-06,0.0014929959123309517,4.237198666326013e-05,0.0014935970606193367,6.223321085913903e-05,6.740197857624253e-07,1.242569875323253e-05,1.3900380923667246,6.950190461833623,0.226889400618127,0.8771265535926593,100.0,1.0,0.0,7.94800355496753,0.33116681479031373,7.94800355496753,0.33116681479031373,7.94800355496753,0.33116681479031373,0.8705646589507907,0.0,0.0,0.07288546776983312,1.0,0.0,0.8713116803663244,0.0,8713.116803663244,-0.336017590022833,0.032
raceline_xy,20260415_212047_eb9da4db,3,0.128,1.395001436851857,-0.00017099815236840303,0.15510468472085517,-0.005390843821561251,0.1551983389713445,0.006466597457139354,-3.233168991956248e-05,-0.0010320239320598158,1.395001447332265,6.975007236661324,0.22687121156133916,0.8770935478829536,100.0,1.0,0.0,7.94800355496753,0.33116681479031373,7.94800355496753,0.33116681479031373,7.94800355496753,0.33116681479031373,0.8705646589507907,0.0,0.0,0.07116187349384555,1.0,0.0,0.8030961602670699,0.0,8030.961602670699,-0.33853601466942174,0.032
raceline_xy,20260415_212047_eb9da4db,4,0.16,1.4000089936393771,-0.0004872713299544413,0.15648744756179772,-0.009862886921489056,0.15679795210025058,0.006533248004177108,-0.00013195726216785886,-0.0031166290740575996,1.4000090784364545,7.0000453921822725,0.22678437380415062,0.8769939223107057,100.0,1.0,0.0,7.94800355496753,0.33116681479031373,7.94800355496753,0.33116681479031373,7.94800355496753,0.33116681479031373,0.8705646589507907,0.0,0.0,0.07085240491597186,1.0,0.0,0.8523211613176076,0.0,8523.211613176076,-0.33568799021818924,0.032
raceline_xy,20260415_212047_eb9da4db,5,0.192,1.409293881606282,-0.0014252613406126199,0.2901680529483695,-0.029160209543549215,0.2916295883007612,0.01215123284586505,-0.0005237702040385983,-0.012259783861644903,1.409294602310954,7.04647301155477,0.22641092331714985,0.876602109368835,100.0,1.0,0.0,7.94800355496753,0.33116681479031373,7.94800355496753,0.33116681479031373,7.94800355496753,0.33116681479031373,0.8705646589507907,0.0,0.0,0.06915401799982916,1.0,0.0,0.7924993739309929,0.0,7924.993739309929,-0.3264045119427547,0.032
raceline_xy,20260415_212047_eb9da4db,6,0.224,1.4223150167471912,-0.00304176217971628,0.40697760870514654,-0.049971788890892974,0.41003408842718836,0.017084753684466183,-0.0013364507778228507,-0.025445004958512388,1.4223182692990062,7.111591346495031,0.2256194177099058,0.8757894287950503,100.0,1.0,0.0,7.94800355496753,0.33116681479031373,7.94800355496753,0.33116681479031373,7.94800355496753,0.33116681479031373,0.8705646589507907,0.0,0.0,0.06750973466946242,1.0,0.0,0.7832959157168848,0.0,7832.959157168848,-0.31135504082962545,0.032
raceline_xy,20260415_212047_eb9da4db,7,0.256,1.4389139106473352,-0.005269391632009152,0.5188963707990412,-0.06825151583075803,0.523365754555657,0.021806906439819043,-0.0026250696269691787,-0.040378410012590064,1.438923559033828,7.19461779516914,0.22435526072661816,0.8745008099459044,100.0,1.0,0.0,7.94800355496753,0.33116681479031373,7.94800355496753,0.33116681479031373,7.94800355496753,0.33116681479031373,0.8705646589507907,0.0,0.0,0.06583902528345817,1.0,0.0,0.7709613367763987,0.0,7709.613367763986,-0.29382677821680786,0.032
raceline_xy,20260415_212047_eb9da4db,8,0.28800000000000003,1.459017729609103,-0.008027358740372493,0.6286164350305172,-0.08342909809569535,0.6341285648821835,0.026422023536757645,-0.004387704693858296,-0.055278567390264606,1.4590398122745136,7.295199061372568,0.22262135599507182,0.8727381748790153,100.0,1.0,0.0,7.94800355496753,0.33116681479031373,7.94800355496753,0.33116681479031373,7.94800355496753,0.33116681479031373,0.8705646589507907,0.0,0.0,0.06411616841420212,1.0,0.0,0.7580759401643828,0.0,7580.759401643829,-0.2759272070465349,0.032
raceline_xy,20260415_212047_eb9da4db,9,0.32000000000000006,1.482612055186799,-0.011236680953787971,0.7379649227457227,-0.09545057848171071,0.744112249687904,0.031004677070329334,-0.006562408938314057,-0.06826335668571212,1.4826546358421036,7.413273179210518,0.22048081269555064,0.8705634706345595,100.0,1.0,0.0,7.94800355496753,0.33116681479031373,7.94800355496753,0.33116681479031373,7.94800355496753,0.33116681479031373,0.8705646589507907,0.0,0.0,0.062300394275598775,1.0,0.0,0.744639400208938,0.0,7446.394002089381,-0.25988262226239356,0.032
raceline_xy,20260415_212047_eb9da4db,10,0.3520000000000001,1.509687828087151,-0.01485319125638956,0.8471085357792818,-0.10533372366233872,0.8536322772310644,0.03556801155129435,-0.009073998603312816,-0.07890893737781769,1.5097608935076436,7.5488044675382175,0.2180094679407758,0.8680518809695608,100.0,1.0,0.0,7.94800355496753,0.33116681479031373,7.94800355496753,0.33116681479031373,7.94800355496753,0.33116681479031373,0.8705646589507907,0.0,0.0,0.06036156391064708,1.0,0.0,0.7310724170295156,0.0,7310.724170295157,-0.24614526634196127,0.032
raceline_xy,20260415_212047_eb9da4db,11,0.3840000000000001,1.5402171328853413,-0.018873973133743976,0.9554639002450565,-0.11432522858174865,0.9622793370751366,0.04009497237813069,-0.011860739308979795,-0.08762490556434678,1.5403327703114658,7.701663851557329,0.21526901652785346,0.8652651402638938,100.0,1.0,0.0,7.94800355496753,0.33116681479031373,7.94800355496753,0.33116681479031373,7.94800355496753,0.33116681479031373,0.8705646589507907,0.0,0.0,0.05828257829182425,1.0,0.0,0.7176458408112834,0.0,7176.458408112833,-0.23417089065619567,0.032
raceline_xy,20260415_212047_eb9da4db,12,0.41600000000000015,1.5741610450248424,-0.023303341910779804,1.0626883759843537,-0.12262773705217485,1.0697402237678082,0.04457250932365867,-0.014871882054885432,-0.09474526566291433,1.5743335229289614,7.871667614644807,0.21231002043075886,0.8622539975179881,100.0,1.0,0.0,7.94800355496753,0.33116681479031373,7.94800355496753,0.33116681479031373,7.94800355496753,0.33116681479031373,0.8705646589507907,0.0,0.0,0.05605062295962364,1.0,0.0,0.7043587764448376,0.0,7043.587764448376,-0.2236259247380295,0.032
raceline_xy,20260415_212047_eb9da4db,13,0.4480000000000002,1.6114724346406686,-0.02814605912978069,1.1685244263501018,-0.1302472769795106,1.1757608975201599,0.048990037396673326,-0.018065547096817625,-0.10053971519359338,1.6117182161442678,8.058591080721339,0.20917413795858852,0.859060332476056,100.0,1.0,0.0,7.94800355496753,0.33116681479031373,7.94800355496753,0.33116681479031373,7.94800355496753,0.33116681479031373,0.8705646589507907,0.0,0.0,0.05365653534459377,1.0,0.0,0.6912195798984567,0.0,6912.195798984568,-0.2142649905109068,0.032
raceline_xy,20260415_212047_eb9da4db,14,0.4800000000000002,1.6520974379807296,-0.03340755623144126,1.2727600410340763,-0.13720844895852827,1.2801344775134635,0.05333893656306098,-0.021407688747411502,-0.10524774530194805,1.6524351755502689,8.262175877751345,0.20589516045560874,0.8557181908254621,100.0,1.0,0.0,7.94800355496753,0.33116681479031373,7.94800355496753,0.33116681479031373,7.94800355496753,0.33116681479031373,0.8705646589507907,0.0,0.0,0.051094318847955275,1.0,0.0,0.6782383221624169,0.0,6782.383221624168,-0.20586547598331623,0.032
raceline_xy,20260415_212047_eb9da4db,15,0.5120000000000002,1.6959769720387865,-0.039094184899862765,1.3752306401106464,-0.1435514776669104,1.3827025494442007,0.057612606226841695,-0.024871162827015514,-0.10908195239910305,1.6964274947603377,8.482137473801687,0.20249994607782762,0.8522547167458581,100.0,1.0,0.0,7.94800355496753,0.33116681479031373,7.94800355496753,0.33116681479031373,7.94800355496753,0.33116681479031373,0.8705646589507907,0.0,0.0,0.04836055148890805,1.0,0.0,0.6654215830435731,0.0,6654.215830435732,-0.19822538251387312,0.032
raceline_xy,20260415_212047_eb9da4db,16,0.5440000000000003,1.7430483241783579,-0.04521294407044058,1.4758213803914157,-0.1493127108261287,1.4833553291220114,0.06180647204675047,-0.028434687620221055,-0.1122245755235438,1.7436346150304824,8.718173075152412,0.1990094683267971,0.8486911919526525,100.0,1.0,0.0,7.94800355496753,0.33116681479031373,7.94800355496753,0.33116681479031373,7.94800355496753,0.33116681479031373,0.8705646589507907,0.0,0.0,0.045453791684431186,1.0,0.0,0.6527721160285508,0.0,6527.721160285508,-0.1911710027046578,0.032
raceline_xy,20260415_212047_eb9da4db,17,0.5760000000000003,1.7932466817238595,-0.05177096821777423,1.5744650552395376,-0.15451488344931763,1.5820287795668562,0.06591786581528568,-0.03208171448917252,-0.1148243731608975,1.7939938390819068,8.969969195409533,0.1954399584018085,0.8450441650837011,100.0,1.0,0.0,7.94800355496753,0.33116681479031373,7.94800355496753,0.33116681479031373,7.94800355496753,0.33116681479031373,0.8705646589507907,0.0,0.0,0.042374040121385875,1.0,0.0,0.6402895728143151,0.0,6402.895728143151,-0.1845630025068557,0.032
raceline_xy,20260415_212047_eb9da4db,18,0.6080000000000003,1.8465064713538413,-0.058775038784800476,1.6711359455526151,-0.1591664649844305,1.6786986960421675,0.06994577900175698,-0.03579929778844848,-0.11699621461826752,1.8474416510233196,9.237208255116597,0.1918040472819733,0.8413265817844251,100.0,1.0,0.0,7.94800355496753,0.33116681479031373,7.94800355496753,0.33116681479031373,7.94800355496753,0.33116681479031373,0.8705646589507907,0.0,0.0,0.03912230238810124,1.0,0.0,0.6279716903635026,0.0,6279.716903635026,-0.1782982409139709,0.032
raceline_xy,20260415_212047_eb9da4db,19,0.6400000000000003,1.9027626030526532,-0.06623045225209462,1.7658456400162155,-0.16324187103613236,1.7733749555081844,0.07389062314617435,-0.03957642662024341,-0.11880384922848365,1.903914913114876,9.519574565574379,0.1881124555715865,0.8375494529526302,100.0,1.0,0.0,7.94800355496753,0.33116681479031373,7.94800355496753,0.33116681479031373,7.94800355496753,0.33116681479031373,0.8705646589507907,0.0,0.0,0.035700161117440454,1.0,0.0,0.615814478033134,0.0,6158.14478033134,-0.17233405318950595,0.032
raceline_xy,20260415_212047_eb9da4db,20,0.6720000000000004,1.9619512510229717,-0.07414083892732766,1.8586291120843819,-0.16671169010543155,1.8660908241308587,0.07775378433878578,-0.043403072887641336,-0.12028188592168904,1.9633516178686516,9.816758089343258,0.18437495093448408,0.8337228066852322,100.0,1.0,0.0,7.94800355496753,0.33116681479031373,7.94800355496753,0.33116681479031373,7.94800355496753,0.33116681479031373,0.8705646589507907,0.0,0.0,0.03210962784297629,1.0,0.0,0.603814832752341,0.0,6038.14832752341,-0.16666094173831536,0.032
raceline_xy,20260415_212047_eb9da4db,21,0.7040000000000004,2.0240097413479017,-0.08250999668050435,1.9495198164526122,-0.1696049025797431,1.9568835779679155,0.08153681574866314,-0.04727063638908646,-0.12147911336938721,2.0256908284887447,10.128454142443722,0.18059987438865388,0.8298552431837871,100.0,1.0,0.0,7.94800355496753,0.33116681479031373,7.94800355496753,0.33116681479031373,7.94800355496753,0.33116681479031373,0.8705646589507907,0.0,0.0,0.028353297121633373,1.0,0.0,0.5919754769726212,0.0,5919.754769726212,-0.16124389010972817,0.032
raceline_xy,20260415_212047_eb9da4db,22,0.7360000000000004,2.088876530270142,-0.09134241077915116,2.038551587768558,-0.1719669589730353,2.0457920742275206,0.08524133642614669,-0.051171919573195446,-0.12244356005056778,2.090872687353387,10.454363436766934,0.17679415733540393,0.8259539599996781,100.0,1.0,0.0,7.94800355496753,0.33116681479031373,7.94800355496753,0.33116681479031373,7.94800355496753,0.33116681479031373,0.8705646589507907,0.0,0.0,0.024434275053377048,1.0,0.0,0.5802997116645416,0.0,5802.997116645416,-0.15604402354233632,0.032
raceline_xy,20260415_212047_eb9da4db,23,0.7680000000000005,2.1564916245245307,-0.10064233181221174,2.125770235238437,-0.17381445479859292,2.13286440209466,0.08886935008727749,-0.05510055459955865,-0.1232051588627661,2.1588388095448554,10.794194047724277,0.17296391002991296,0.8220253249733149,100.0,1.0,0.0,7.94800355496753,0.33116681479031373,7.94800355496753,0.33116681479031373,7.94800355496753,0.33116681479031373,0.8705646589507907,0.0,0.0,0.020355994162663937,1.0,0.0,0.5687872762342271,0.0,5687.872762342271,-0.15104532538113252,0.032
raceline_xy,20260415_212047_eb9da4db,24,0.8000000000000005,2.2267976890432686,-0.11041356102794694,2.211255999439348,-0.17515212210873293,2.21818199454772,0.09242424977282167,-0.05905239652961214,-0.12383699928986071,2.229533382209675,11.147666911048374,0.16911303558118984,0.8180734830432614,100.0,1.0,0.0,7.94800355496753,0.33116681479031373,7.94800355496753,0.33116681479031373,7.94800355496753,0.33116681479031373,0.8705646589507907,0.0,0.0,0.016122136280630826,1.0,0.0,0.5574267122087855,0.0,5574.267122087855,-0.14618266983773487,0.032
raceline_xy,20260415_212047_eb9da4db,25,0.8320000000000005,2.2997406999233663,-0.12065899454218673,2.2951085279136594,-0.175967455337006,2.301844412691654,0.09591018386215226,-0.06302422277981412,-0.12437103844737275,2.3029037930074163,11.51451896503708,0.1652445398530209,0.8141016567930595,100.0,1.0,0.0,7.94800355496753,0.33116681479031373,7.94800355496753,0.33116681479031373,7.94800355496753,0.33116681479031373,0.8705646589507907,0.0,0.0,0.011736529042733838,1.0,0.0,0.5462094026791797,0.0,5462.094026791797,-0.1414374444330082,0.032
raceline_xy,20260415_212047_eb9da4db,26,0.8640000000000005,2.3752689426302966,-0.13138086950825661,2.377395865149521,-0.1762630742234844,2.38392109159778,0.09933004548324083,-0.06701042466010154,-0.1247352490140114,2.378899636953353,11.894498184766764,0.16136383257278109,0.810115454912772,100.0,1.0,0.0,7.94800355496753,0.33116681479031373,7.94800355496753,0.33116681479031373,7.94800355496753,0.33116681479031373,0.8705646589507907,0.0,0.0,0.00720320853813363,1.0,0.0,0.5351448508690844,0.0,5351.4485086908435,-0.13690707258659485,0.032
raceline_xy,20260415_212047_eb9da4db,27,0.8960000000000006,2.45333188473008,-0.14258260413077478,2.4581545725267695,-0.17610400377309224,2.464454609559523,0.10268560873164678,-0.07100471323100344,-0.12491023776633142,2.4574716957950824,12.287358478975412,0.15747698895969453,0.8061211663418701,100.0,1.0,0.0,7.94800355496753,0.33116681479031373,7.94800355496753,0.33116681479031373,7.94800355496753,0.33116681479031373,0.8705646589507907,0.0,0.0,0.002526597493809111,1.0,0.0,0.5242440917479048,0.0,5242.440917479048,-0.13262183992962145,0.032
raceline_xy,20260415_212047_eb9da4db,28,0.9280000000000006,2.5338797279250542,-0.15426874273758556,2.5374077898697003,-0.1755561858223204,2.543473661446471,0.1059780692269363,-0.07500076741335704,-0.12489627478219162,2.5385715118104084,12.692857559052042,0.15359010066970313,0.8021251121595165,100.0,1.0,0.0,7.94800355496753,0.33116681479031373,7.94800355496753,0.33116681479031373,7.94800355496753,0.33116681479031373,0.8705646589507907,0.0,0.0,0.0,1.0,0.0,0.5151864494606968,0.0,5151.864494606968,-0.12858921471050677,0.032
raceline_xy,20260415_212047_eb9da4db,29,0.9600000000000006,2.6168719023750824,-0.16644615751677408,2.6154469971668077,-0.17470260453012645,2.6212752612075065,0.10921980255031277,-0.07899267830916834,-0.1247071239437545,2.5840675073130694,12.920337536565347,0.1511482739506329,-0.2754458610200863,100.0,1.0,0.004521659716882609,10.5,0.4375,10.5,0.4375,11.083779428582204,0.4618241428575918,0.49154733590971755,0.0,0.0,0.0,1.0,0.0,1.0,0.0,10000.0,0.5,0.032
raceline_xy,20260415_212047_eb9da4db,30,0.9920000000000007,2.7032387416968304,-0.17900648897962215,2.7220796148434885,-0.16956325149470464,2.727355702104867,0.11363982092103612,-0.0822061422754361,-0.1003739360899962,2.5541416509804904,12.770708254902452,0.14810083378572259,-0.2772269574712265,100.0,1.0,0.004595626295134888,10.5,0.4375,10.5,0.4375,11.103720230282603,0.46265500959510847,0.48993953003008484,0.0,0.0,0.0,1.0,0.0,0.7416739352371504,0.0,7416.739352371504,0.06581620160014003,0.032
raceline_xy,20260415_212047_eb9da4db,31,1.0240000000000007,2.791349032563126,-0.1899359589369879,2.7724757559403947,-0.10723548725588378,2.774548840262912,0.11560620167762133,-0.08475333297761001,-0.07951269266770139,2.52548568719216,12.627428435960798,0.14569871955670566,-0.2797741481734004,100.0,1.0,0.004595626295134888,10.5,0.4375,10.5,0.4375,11.103720230282603,0.46265500959510847,0.48993953003008484,0.0,0.0,0.0,1.0,0.0,0.7556513111026516,0.0,7556.5131110265165,-0.020051637676300513,0.032
raceline_xy,20260415_212047_eb9da4db,32,1.0560000000000007,2.879258727713359,-0.19998716709847403,2.7640579867363595,-0.07502503653145232,2.76507600440704,0.11521150018362668,-0.08670484085609687,-0.06086855132192689,2.497455744415124,12.48727872207562,0.14395607013231926,-0.2802446399994514,100.0,1.0,0.004669940309366425,10.5,0.4375,10.5,0.4375,11.12437177812568,0.4635154907552366,0.48828177626811753,0.0,0.0,0.0002230677532229387,1.0,0.0,0.7748424403778168,0.0,7748.424403778168,0.021442983177300104,0.032
raceline_xy,20260415_212047_eb9da4db,33,1.0880000000000007,2.9711512325671876,-0.20966301320310968,2.887101960607163,-0.048889983829506156,2.8875158807287233,0.12031316169703014,-0.08797638667187657,-0.03966085845748878,2.469159270616233,12.345796353081164,0.14291275536398595,-0.2799871466264179,100.0,1.0,0.004744601332978688,10.5,0.4375,10.5,0.4375,11.145732462108889,0.46440551925453705,0.48657492759032506,0.0,0.0,0.0026702323540033416,1.0,0.0,0.7248887819956316,0.0,7248.887819956316,-0.002094113347959989,0.032
raceline_xy,20260415_212047_eb9da4db,34,1.1200000000000008,3.0668086037276017,-0.21897030302508097,3.0033027782210318,-0.025277450797437206,3.0034091508132863,0.1251420479505536,-0.08857653922825381,-0.018722785715245903,2.4406077928209453,12.203038964104726,0.1425593736242301,-0.279010851049053,100.0,1.0,0.004819608953206958,10.5,0.4375,10.5,0.4375,11.167800995922159,0.46532504149675663,0.48481982585094396,0.0,0.0,0.005069799284229475,1.0,0.0,0.7187317484234471,0.0,7187.3174842344715,-0.026404777616155277,0.032
raceline_xy,20260415_212047_eb9da4db,35,1.1520000000000008,3.1662118658110443,-0.22809408370013462,3.1193960013361273,-0.009094598483169292,3.1194092589580786,0.12997538578991993,-0.0886135777197099,-0.0011709098022259553,2.4116132977433677,12.058066488716838,0.1427848588267393,-0.2774246358271144,100.0,1.0,0.004894962771769269,10.5,0.4375,10.5,0.4375,11.190576409107154,0.4662740170461314,0.48301730218227235,0.0,0.0,0.007422614515790117,1.0,0.0,0.7103506144284052,0.0,7103.5061442840515,-0.047332906481730136,0.032
raceline_xy,20260415_212047_eb9da4db,36,1.1840000000000008,3.2692776160979395,-0.2378362024833094,3.2351076412060813,-0.018580634831375342,3.2351609991128285,0.1347983749630345,-0.08849995333224081,0.0034900684578528978,2.3814083795430543,11.90704189771527,0.1431645616549706,-0.2756415450586571,100.0,1.0,0.004970662405501292,10.5,0.4375,10.5,0.4375,11.214058039677266,0.46725241831988606,0.4811681773742138,0.0,0.0,0.00979088052275548,1.0,0.0,0.7020553113888196,0.0,7020.553113888196,-0.051394424816231146,0.032
raceline_xy,20260415_212047_eb9da4db,37,1.2160000000000009,3.3759162278680974,-0.24850363369295364,3.348881172324383,-0.03726046057839877,3.3490884503505205,0.13954535209793836,-0.08857601639190049,-0.002483606097460795,2.349723615271592,11.748618076357959,0.1433532883107218,-0.274002511891414,100.0,1.0,0.005046707486977522,10.5,0.4375,10.5,0.4375,11.238245527175552,0.46826023029898134,0.4792732622432001,0.0,0.0,0.01220468830538252,1.0,0.0,0.6944249291866859,0.0,6944.249291866859,-0.0422333100306464,0.032
raceline_xy,20260415_212047_eb9da4db,38,1.2480000000000009,3.486065636150447,-0.25997713757100166,3.460413113299954,-0.05122275387581937,3.460792204859012,0.14419967520245883,-0.08898739675586942,-0.01299968615878008,2.316713042396295,11.583565211981474,0.14320701230387956,-0.27269460181084026,100.0,1.0,0.005123097665119191,10.5,0.4375,10.5,0.4375,11.262613069104946,0.4692755445460394,0.4773742205348168,0.0,0.0,0.014660102697891609,1.0,0.0,0.6871229383759799,0.0,6871.229383759799,-0.027863962597590143,0.032
raceline_xy,20260415_212047_eb9da4db,39,1.280000000000001,3.5997098246621952,-0.27194915864861235,3.5706178951881777,-0.05443611786357638,3.571032825999519,0.14879303441664662,-0.08971500528755882,-0.02290557604809495,2.282718546736549,11.413592733682744,0.14274939490031135,-0.27171884110072586,100.0,1.0,0.005199832605789259,10.5,0.4375,10.5,0.4375,11.284895097069576,0.470203962377899,0.47564641593180923,0.0,0.0,0.017132476465497672,1.0,0.0,0.6796730346669005,0.0,6796.7303466690055,-0.014729223782809754,0.032
raceline_xy,20260415_212047_eb9da4db,40,1.312000000000001,3.7168480389258716,-0.2841514808093647,3.6800578989851034,-0.04844327452290742,3.6803767321741883,0.15334903050725784,-0.09063296245501506,-0.028863955080012958,2.24805441168779,11.240272058438949,0.1421103586427992,-0.27089483147022886,100.0,1.0,0.005276911992374829,10.5,0.4375,10.5,0.4375,11.304167348623563,0.47100697285931514,0.4741586613723978,0.0,0.0,0.019592887981626707,1.0,0.0,0.6720417072855253,0.0,6720.417072855253,-0.006618930283705693,0.032
raceline_xy,20260415_212047_eb9da4db,41,1.344000000000001,3.837468166441494,-0.2964384404799298,3.7886980817707054,-0.0376153245064601,3.7888848052495274,0.1578702002187303,-0.09158679316799789,-0.0299846272509994,2.212931928170165,11.064659640850824,0.14144655953862628,-0.2700694165377797,100.0,1.0,0.005354335526357347,10.5,0.4375,10.5,0.4375,11.32407731594991,0.47183655483124626,0.4726281301087383,0.0,0.0,0.022016395327047376,1.0,0.0,0.6643538741512094,0.0,6643.538741512094,-0.004348946833376777,0.032
raceline_xy,20260415_212047_eb9da4db,42,1.376000000000001,3.961538553832419,-0.3087817215978243,3.8962520419071045,-0.026107332416209827,3.8963395086762103,0.16234747952817544,-0.09245930500791211,-0.02743687418751509,2.176881767957577,10.884408839787884,0.14092129853057145,-0.26727679262613924,100.0,1.0,0.005510213936248762,10.5,0.4375,10.5,0.4375,11.365772924627258,0.4735738718594691,0.46944395934361616,0.0,0.0,0.024425952929917883,1.0,0.0,0.6568511642378093,0.0,6568.511642378093,0.042492897842900654,0.032
raceline_xy,20260415_212047_eb9da4db,43,1.408000000000001,4.089000117967336,-0.3212488901081652,4.002144965302168,-0.017211069485013164,4.002181972900072,0.16675758220416967,-0.09320062240562699,-0.023327496711558662,2.140209660496414,10.70104830248207,0.14049125315222266,-0.2661347741412139,100.0,1.0,0.005588668310558994,10.5,0.4375,10.5,0.4375,11.387540359689275,0.47448084832038645,0.46779288908608185,0.0,0.0,0.02679947001854759,1.0,0.0,0.6494829226738046,0.0,6494.829226738046,-0.009011608656988114,0.032
raceline_xy,20260415_212047_eb9da4db,44,1.440000000000001,4.219869048145071,-0.3331978516054581,4.1066533181713645,0.009959700263758586,4.106665395582798,0.17111105814928326,-0.09347759357707197,-0.008801048407967834,2.1038005099007635,10.519002549503817,0.14054554769783145,-0.26449623879788,100.0,1.0,0.005667465830128499,10.5,0.4375,10.5,0.4375,11.40990907849838,0.47541287827076584,0.4661041803820307,0.0,0.0,0.02903182371425253,1.0,0.0,0.6419441174388871,0.0,6419.441174388871,-0.02750051883261876,0.032
raceline_xy,20260415_212047_eb9da4db,45,1.472000000000001,4.354009324780134,-0.3456307419063169,4.209847606031003,0.004938282514113268,4.209850502409695,0.17541043760040395,-0.093594716475776,-0.003800147058008431,2.0668192689486222,10.334096344743111,0.1407643353406427,-0.26266691936830666,100.0,1.0,0.005746606295056671,10.5,0.4375,10.5,0.4375,11.432870464901647,0.4763696027042353,0.4643790756875261,0.0,0.0,0.031207279396951036,1.0,0.0,0.6343925717195762,0.0,6343.925717195762,-0.03212582485508951,0.032
raceline_xy,20260415_212047_eb9da4db,46,1.5040000000000011,4.491334559210279,-0.3588792652005165,4.311326313881631,-0.010211453806852344,4.311338406870542,0.17963910028627258,-0.09380935006698721,-0.006840848194172913,2.0290858486674135,10.145429243337066,0.14092828653250322,-0.25890071493093814,100.0,1.0,0.00590591536825652,10.5,0.4375,10.5,0.4375,11.480537657036226,0.47835573570984274,0.4608245632071788,0.0,0.0,0.03336060918857235,1.0,0.0,0.6271708611933755,0.0,6271.7086119337555,0.016818665332830177,0.032
raceline_xy,20260415_212047_eb9da4db,47,1.5360000000000011,4.631806975990744,-0.3727944250372792,4.411203555066946,-0.019870098336601805,4.4112483068903705,0.18380201278709876,-0.09423317536891407,-0.01336502593698949,1.9893904495685084,9.94695224784254,0.14084082722921698,-0.257292528906111,100.0,1.0,0.005986083685064891,10.5,0.4375,10.5,0.4375,11.505227084659825,0.47938446186082606,0.4589975553338368,0.0,0.0,0.03559881727489888,1.0,0.0,0.6199910885054556,0.0,6199.910885054556,-0.016076572606968355,0.032
raceline_xy,20260415_212047_eb9da4db,48,1.5680000000000012,4.775472653040713,-0.38654951751336075,4.510081009239933,-0.004120083797693741,4.510082891144817,0.18792012046436737,-0.09453927699848252,-0.00966363067836235,1.950016445395539,9.750082226977694,0.1408852221696315,-0.255540452159869,100.0,1.0,0.006066594365260665,10.5,0.4375,10.5,0.4375,11.530476406003391,0.48043651691680794,0.4571389513138904,0.0,0.0,0.03771607752396842,1.0,0.0,0.612560945500802,0.0,6125.60945500802,-0.021283771071334577,0.032
raceline_xy,20260415_212047_eb9da4db,49,1.6000000000000012,4.922228026642586,-0.400754851752128,4.607533789300439,-0.0074870176119230525,4.607539872315592,0.19198082801314967,-0.09487043687624563,-0.010429926236152885,1.9105695046166677,9.552847523083338,0.14090929055216872,-0.25378841621887815,100.0,1.0,0.006147447320147601,10.5,0.4375,10.5,0.4375,11.556277806089536,0.4815115752537307,0.45524990865947723,0.0,0.0,0.039760463722907174,1.0,0.0,0.6052291628934883,0.0,6052.291628934883,-0.019304921320888582,0.032
raceline_xy,20260415_212047_eb9da4db,50,1.6320000000000012,5.072010868915705,-0.4155246413109037,4.703394342360278,-0.014000812915333671,4.703415180749937,0.1959756325312474,-0.09531352795582793,-0.013911142174397447,1.8697116185383358,9.348558092691679,0.14086492182324895,-0.24999457716963702,100.0,1.0,0.0063101798178550285,10.5,0.4375,10.5,0.4375,11.60950934839478,0.48372955618311586,0.45138482907103317,0.0,0.0,0.04183078557487474,1.0,0.0,0.5982162211843123,0.0,5982.162211843123,0.02425478793940728,0.032
raceline_xy,20260415_212047_eb9da4db,51,1.6640000000000013,5.224800589874569,-0.43068288300092283,4.798096638756456,-0.01454858018138605,4.798118695492151,0.19992161231217295,-0.09585409406288026,-0.016939608332692365,1.8284332776245615,9.142166388122806,0.14068731522222144,-0.24838362388214463,100.0,1.0,0.006392059303251861,10.5,0.4375,10.5,0.4375,11.636924647860102,0.48487186032750423,0.44941101487589297,0.0,0.0,0.04386734059101408,1.0,0.0,0.5909747779934381,0.0,5909.7477799343815,-0.008263800682888067,0.032
raceline_xy,20260415_212047_eb9da4db,52,1.6960000000000013,5.380616894810539,-0.4455447631801771,4.891355505085729,0.005186912004579103,4.891358255248598,0.20380659396869158,-0.09615352717320658,-0.009386876035866687,1.788244984008294,8.941224920041469,0.14080585084202069,-0.24436554866696847,100.0,1.0,0.006553398525501426,10.5,0.4375,10.5,0.4375,11.692663049694506,0.4871942937372711,0.44543274500557084,0.0,0.0,0.045714685844881975,1.0,0.0,0.5838074883986284,0.0,5838.074883986284,0.01624279815081449,0.032
raceline_xy,20260415_212047_eb9da4db,53,1.7280000000000013,5.539358330048887,-0.4607793511757893,4.983461061206287,0.0035596710836948153,4.983462332537241,0.20764426385571835,-0.09639235527474277,-0.0074824677505338855,1.7462112979550706,8.731056489775352,0.14095072990002988,-0.24250598323147132,100.0,1.0,0.006627997514480964,10.5,0.4375,10.5,0.4375,11.720036085274891,0.4883348368864538,0.4434958859327125,0.0,0.0,0.04759706460730465,1.0,0.0,0.5763747074676314,0.0,5763.747074676315,-0.019187592227229964,0.032
raceline_xy,20260415_212047_eb9da4db,54,1.7600000000000013,5.701009948245794,-0.4760256421915594,5.074016983879817,0.012082662861668814,5.074031369970299,0.21141797374876245,-0.09641883364088866,-0.0008379971851664145,1.7053380671195946,8.526690335597973,0.14135659991107596,-0.23828448910225797,100.0,1.0,0.006778012337289034,10.5,0.4375,10.5,0.4375,11.776219311701478,0.4906758046542283,0.4395548163920395,0.0,0.0,0.049289330405217435,1.0,0.0,0.5691027610968169,0.0,5691.027610968169,0.003670474890489474,0.032
raceline_xy,20260415_212047_eb9da4db,55,1.7920000000000014,5.865455728604766,-0.49197959965396115,5.163058081093705,-0.000953922568545762,5.163058169216697,0.21512742371736238,-0.09652908918995085,-0.0034506468886031524,1.6630650553478907,8.315325276739452,0.14164056786088297,-0.23624501873373305,100.0,1.0,0.006853422468754522,10.5,0.4375,10.5,0.4375,11.805045906346056,0.49187691276441897,0.4375504605982736,0.0,0.0,0.05101262168615718,1.0,0.0,0.5618716511613252,0.0,5618.716511613252,-0.022588713214258968,0.032
raceline_xy,20260415_212047_eb9da4db,56,1.8240000000000014,6.032704843686133,-0.5081454043589154,5.250892445590186,0.001242987957236652,5.250892592709848,0.21878719136291033,-0.09659442845800204,-0.0020421206153715715,1.620948872155171,8.104744360775854,0.14201334169687296,-0.23195904452647964,100.0,1.0,0.007005033995352766,10.5,0.4375,10.5,0.4375,11.864211937594547,0.49434216406643944,0.43347372927470484,0.0,0.0,0.05263416461300338,1.0,0.0,0.5546112319226941,0.0,5546.1123192269415,0.0039318896566045425,0.032
raceline_xy,20260415_212047_eb9da4db,57,1.8560000000000014,6.202655345862988,-0.5249873283009437,5.336957635669894,-0.010372037142062696,5.336967714357063,0.2223736547648776,-0.09683305500207506,-0.007453348733982365,1.5788944003677636,7.8944720018388175,0.14217645681916347,-0.22999592477423336,100.0,1.0,0.00708122975224603,10.5,0.4375,10.5,0.4375,11.894569306600872,0.495607054441703,0.4314011970611036,0.0,0.0,0.054219103447347074,1.0,0.0,0.5475314474122635,0.0,5475.314474122634,-0.01647856310294038,0.032
raceline_xy,20260415_212047_eb9da4db,58,1.8880000000000015,6.375327972144719,-0.5419361862947873,5.421949581704773,-0.004376331985832094,5.421951347884838,0.2259146394952016,-0.09703544889258087,-0.006318686417586498,1.535693018546261,7.6784650927313045,0.1424195728203559,-0.225742235951492,100.0,1.0,0.007234387240114865,10.5,0.4375,10.5,0.4375,11.956883458046363,0.49820347741859844,0.42718713728919244,0.0,0.0,0.055783672189189344,1.0,0.0,0.5403867461685399,0.0,5403.867461685399,0.00699192698853441,0.032
raceline_xy,20260415_212047_eb9da4db,59,1.9200000000000015,6.550635817066663,-0.5593815842776473,5.505419480904456,-0.010143191284636255,5.505428824810264,0.22939286770042766,-0.09734398651861786,-0.009633769740146464,1.4929194386503601,7.464597193251801,0.14255805440030533,-0.2215240012562285,100.0,1.0,0.007388547473538913,10.5,0.4375,10.5,0.4375,12.021394272175595,0.5008914280073165,0.42288065063902014,0.0,0.0,0.05727456183417821,1.0,0.0,0.5334131987849107,0.0,5334.131987849107,0.00977330890741844,0.032
raceline_xy,20260415_212047_eb9da4db,60,1.9520000000000015,6.7285884020642115,-0.5768399133628372,5.587716039003048,-0.0012256213354630008,5.5877161734182215,0.23282150722575923,-0.09757434108472385,-0.00719128532533964,1.4509782627228935,7.2548913136144675,0.14275058643179905,-0.21953617458419528,100.0,1.0,0.0074659967053085545,10.5,0.4375,10.5,0.4375,12.053407453988523,0.5022253105828551,0.4207644639749226,0.0,0.0,0.058640172330190914,1.0,0.0,0.5262091326577059,0.0,5262.091326577059,-0.016858138231023674,0.032
raceline_xy,20260415_212047_eb9da4db,61,1.9840000000000015,6.909138232660522,-0.5943401416815173,5.6686211194750635,0.0057194641683624425,5.668624004855949,0.23619266686899787,-0.09763454140971461,-0.001876459454859886,1.4078711158536918,7.039355579268459,0.14315534196781154,-0.2151303485410403,100.0,1.0,0.007621619672114743,10.5,0.4375,10.5,0.4375,12.118772130374282,0.504948838765595,0.416486007740815,0.0,0.0,0.05996523406133297,1.0,0.0,0.5192296708028318,0.0,5192.296708028318,-0.003744943623809588,0.032
raceline_xy,20260415_212047_eb9da4db,62,2.0160000000000013,7.092175752563864,-0.6125085756416004,5.7480277189274895,-0.006641565103863489,5.74803155592815,0.23950131483033957,-0.09778117692855437,-0.004577340336355053,1.3649845305722117,6.8249226528610585,0.14347223285994248,-0.21075461268302087,100.0,1.0,0.0077781904801882355,10.5,0.4375,10.5,0.4375,12.186232406580455,0.507759683607519,0.41212915207886347,0.0,0.0,0.06123241470225302,1.0,0.0,0.5123529705100536,0.0,5123.5297051005355,-0.001471321605032088,0.032
raceline_xy,20260415_212047_eb9da4db,63,2.0480000000000014,7.277696918150318,-0.6309816380100397,5.826201679802051,-0.00750672273189934,5.826206515788333,0.24275860482451386,-0.09795829294915048,-0.005530982309784204,1.3226793649570867,6.613396824785434,0.14376268053274543,-0.2063601368440957,100.0,1.0,0.007935687504887313,10.5,0.4375,10.5,0.4375,12.255748506377742,0.5106561877657393,0.40770082763612514,0.0,0.0,0.062410638444926725,1.0,0.0,0.5053937993038555,0.0,5053.937993038555,-0.00251181454891216,0.032
raceline_xy,20260415_212047_eb9da4db,64,2.0800000000000014,7.465668057791279,-0.649674925393696,5.903070453155389,-0.005891885131533603,5.903073393515159,0.24596139139646497,-0.0981236328100481,-0.0051646786970110485,1.280602143996941,6.403010719984705,0.14404051184407907,-0.204223435925996,100.0,1.0,0.008014776645310383,10.5,0.4375,10.5,0.4375,12.291264606392591,0.5121360252663579,0.40546201715025676,0.0,0.0,0.06352039039641809,1.0,0.0,0.4984359753580964,0.0,4984.359753580964,-0.019747006254603527,0.032
raceline_xy,20260415_212047_eb9da4db,65,2.1120000000000014,7.656041871365103,-0.6686429942292305,5.9786350206432095,-0.006225833291731098,5.978638262268558,0.24910992759452324,-0.09826681133445891,-0.0044736178965948305,1.2376646412945764,6.188323206472882,0.1443752971743022,-0.19973444717888666,100.0,1.0,0.008173622887546188,10.5,0.4375,10.5,0.4375,12.363785994106856,0.5151577497544523,0.40093938352812586,0.0,0.0,0.06460538099613332,1.0,0.0,0.49162619894293286,0.0,4916.261989429328,-0.00739879940301158,0.032
raceline_xy,20260415_212047_eb9da4db,66,2.1440000000000015,7.848730435658455,-0.688258119407188,6.052611349208512,-0.017426086675563113,6.052636434898804,0.2521931847874502,-0.09856848578770183,-0.009424918118143708,1.1949574078273861,5.97478703913693,0.1445500590229556,-0.1953723573801085,100.0,1.0,0.00833334217076998,10.5,0.4375,10.5,0.4375,12.438255220241484,0.5182606341767285,0.3963624241114396,0.0,0.0,0.06566041162598192,1.0,0.0,0.48500547304768177,0.0,4850.054730476818,-0.002735889679739284,0.032
raceline_xy,20260415_212047_eb9da4db,67,2.1760000000000015,8.04373374774972,-0.708154409268892,6.125467409609695,-0.016778240550529122,6.125490388168647,0.2552287661736936,-0.09893957550182275,-0.01159434441514952,1.152846872316134,5.7642343615806695,0.14465939361029667,-0.19105509045182734,100.0,1.0,0.008493913592683488,10.5,0.4375,10.5,0.4375,12.514624329785072,0.5214426804077114,0.39173795259427013,0.0,0.0,0.06664493342321183,1.0,0.0,0.47826627315266285,0.0,4782.662731526629,-0.0024954936550539396,0.032
raceline_xy,20260415_212047_eb9da4db,68,2.2080000000000015,8.241025088506932,-0.7282171076118176,6.197137208041467,-0.01268378870570852,6.19715018809355,0.2582145911705646,-0.09929563564102217,-0.01112581625843835,1.1114504392125653,5.557252196062826,0.14478941279585378,-0.18670519893952253,100.0,1.0,0.00865531646927733,10.5,0.4375,10.5,0.4375,12.592843014792205,0.5247017922830085,0.38707270451001063,0.0,0.0,0.0675388098387157,1.0,0.0,0.47155755591681375,0.0,4715.575559168137,-0.0057321033750593435,0.032
raceline_xy,20260415_212047_eb9da4db,69,2.2400000000000015,8.4405595846053,-0.7484929713142187,6.26755443366862,-0.010409728324057288,6.267563078377668,0.2611484615990695,-0.0996073381900775,-0.009740479142460198,1.070727159051585,5.353635795257925,0.14496863486884903,-0.1823003581742575,100.0,1.0,0.008817530340371178,10.5,0.4375,10.5,0.4375,12.672851696500217,0.5280354873541757,0.38237372291846805,0.0,0.0,0.06834179318363189,1.0,0.0,0.46489192476014624,0.0,4648.919247601462,-0.00998741803532834,0.032
raceline_xy,20260415_212047_eb9da4db,70,2.2720000000000016,8.642284669869124,-0.7690957385418152,6.336690699158628,-0.011894682794560518,6.336701862979056,0.264029244290794,-0.09990287153902644,-0.009234826202991753,1.029373413377662,5.146867066888309,0.14514256320128416,-0.18030823225998027,100.0,1.0,0.008894037775860186,10.5,0.4375,10.5,0.4375,12.712255104042388,0.5296772960017662,0.3800861973219609,0.0,0.0,0.06913101842855919,1.0,0.0,0.4583122789090211,0.0,4583.122789090211,-0.0176529878338486,0.032
raceline_xy,20260415_212047_eb9da4db,71,2.3040000000000016,8.84614869900031,-0.7901265081654602,6.404539170229962,-0.016420642036315436,6.404560220693906,0.2668566758622461,-0.10023323431901643,-0.010321594754480063,0.988644388350842,4.94322194175421,0.14530838689367886,-0.17607729507209147,100.0,1.0,0.009046385474315261,10.5,0.4375,10.5,0.4375,12.792030317447558,0.5330012632269816,0.3755078833826291,0.0,0.0,0.06984960316345284,1.0,0.0,0.45181506907644514,0.0,4518.150690764452,-0.012416373508331274,0.032
raceline_xy,20260415_212047_eb9da4db,72,2.3360000000000016,9.052094140015177,-0.8117120325107272,6.471003440938631,-0.02416719672675216,6.471048569284366,0.26962702372018194,-0.10069589037741,-0.01445224804973491,0.9481785748744668,4.740892874372333,0.1453412261837137,-0.17197225198845034,100.0,1.0,0.009199382555115317,10.5,0.4375,10.5,0.4375,12.873572664856898,0.5363988610357041,0.3709001462279722,0.0,0.0,0.070547836748667,1.0,0.0,0.44544989796344037,0.0,4454.498979634403,-0.009278066954275055,0.032
raceline_xy,20260415_212047_eb9da4db,73,2.3680000000000017,9.260103839960955,-0.8336556144857883,6.536324455649169,-0.025214707235050038,6.536373089946622,0.2723488787477759,-0.10124671774889693,-0.017205265253896627,0.9079101904001803,4.539550952000901,0.14530993814481086,-0.16565452836642258,100.0,1.0,0.00943003900702339,10.5,0.4375,10.5,0.4375,12.999415552497826,0.5416423146874094,0.3639284153540103,0.0,0.0,0.07121227424660843,1.0,0.0,0.4390897797625344,0.0,4390.897797625344,-0.00854600430776716,0.032
raceline_xy,20260415_212047_eb9da4db,74,2.4000000000000017,9.470151341228075,-0.8558670975745772,6.600540407626736,-0.023282830786642505,6.600581471576786,0.2750242279823661,-0.10182612565145632,-0.018096941292533975,0.867972784604307,4.339863923021535,0.14523090671769667,-0.16164027069037123,100.0,1.0,0.009584546079646018,10.5,0.4375,10.5,0.4375,13.085810626072757,0.5452421094196982,0.35923752700001144,0.0,0.0,0.07183472052350066,1.0,0.0,0.43276466022418647,0.0,4327.6466022418645,-0.011702387759617117,0.032
raceline_xy,20260415_212047_eb9da4db,75,2.4320000000000017,9.682198542606752,-0.8783610837409324,6.663618418434117,-0.021881864474788237,6.663654345964179,0.27765226441517415,-0.10240107974366497,-0.017956433240727196,0.8285160327585662,4.142580163792831,0.14515955366111255,-0.1576072423096564,100.0,1.0,0.009739611861663883,10.5,0.4375,10.5,0.4375,13.174319267749592,0.5489299694895663,0.35451038512308486,0.0,0.0,0.07239836692523419,1.0,0.0,0.42649902832801817,0.0,4264.990283280182,-0.014745813813321764,0.032
raceline_xy,20260415_212047_eb9da4db,76,2.4640000000000017,9.896196047793046,-0.9012426692758408,6.725499565514671,-0.02370917888496027,6.725541355972872,0.280230889832203,-0.1029945796652969,-0.01853375845257645,0.7895023444266316,3.9475117221331577,0.145071178993883,-0.1535842218631247,100.0,1.0,0.00989521053782183,10.5,0.4375,10.5,0.4375,13.264882730487656,0.5527034471036524,0.34975389725587913,0.0,0.0,0.07291415799254386,1.0,0.0,0.42032018300969165,0.0,4203.201830096917,-0.01669256129795179,0.032
raceline_xy,20260415_212047_eb9da4db,77,2.4960000000000018,10.112097823133917,-0.9245798835624879,6.786175702081335,-0.027354431232144316,6.786230833417556,0.28275961805906485,-0.10364288034715319,-0.020243215275668407,0.750946836054829,3.754734180274145,0.14492839117900402,-0.1496577856690804,100.0,1.0,0.01005131633973042,10.5,0.4375,10.5,0.4375,13.356565207045108,0.5565235502935462,0.34501959332830756,0.0,0.0,0.07339322046857655,1.0,0.0,0.4142264830145152,0.0,4142.264830145152,-0.017159005411372736,0.032
raceline_xy,20260415_212047_eb9da4db,78,2.528000000000002,10.32986387123383,-0.9483885903528917,6.845670311032461,-0.031004807633020603,6.845740522795737,0.2852391884498224,-0.10436997212477106,-0.022701940888362943,0.7129365962905477,3.5646829814527385,0.144706863615502,-0.14579580323593833,100.0,1.0,0.01020790354931906,10.5,0.4375,10.5,0.4375,13.450479329938798,0.5604366387474499,0.34025256033749685,0.0,0.0,0.07384015839305488,1.0,0.0,0.40821047119586673,0.0,4082.1047119586674,-0.016725536296625706,0.032
raceline_xy,20260415_212047_eb9da4db,79,2.560000000000002,10.549459918132548,-0.9726460805944153,6.904036864765582,-0.03342676405870759,6.904117784235551,0.28767157434314794,-0.10517651451506005,-0.025181319658334637,0.6756232531404743,3.3781162657023716,0.14440619727983872,-0.14200221204108487,100.0,1.0,0.010364946502315849,10.5,0.4375,10.5,0.4375,13.546614011780346,0.5644422504908477,0.3354572830314311,0.0,0.0,0.07425073629008973,1.0,0.0,0.40225505412758644,0.0,4022.5505412758644,-0.016347556565273123,0.032
raceline_xy,20260415_212047_eb9da4db,80,2.592000000000002,10.770854204620926,-0.9973219021491729,6.9613263385960815,-0.03447740046310632,6.961411716280988,0.29005882151170786,-0.10604567197353987,-0.027134927860691344,0.6391998020285118,3.195999010142559,0.14404360588367382,-0.13826352668261466,100.0,1.0,0.010522419591762009,10.5,0.4375,10.5,0.4375,13.644954227631104,0.5685397594846293,0.330638317030568,0.0,0.0,0.07461489780684627,1.0,0.0,0.3963487416045531,0.0,3963.487416045531,-0.0166937505740402,0.032
raceline_xy,20260415_212047_eb9da4db,81,2.624000000000002,10.994013694505984,-1.0224047300073813,7.017560069034882,-0.03488430989974722,7.017646773498225,0.2924019488957594,-0.10695792713369778,-0.02847896736726741,0.6038823148662585,3.0194115743312926,0.14363869831787435,-0.1345636573194149,100.0,1.0,0.010680297271568648,10.5,0.4375,10.5,0.4375,13.745480463854829,0.5727283526606178,0.32580029380123765,0.0,0.0,0.07492180845650344,1.0,0.0,0.39049174154449645,0.0,3904.9174154449647,-0.017822376407170746,0.032
raceline_xy,20260415_212047_eb9da4db,82,2.656000000000002,11.218902230123444,-1.0479108166782416,7.072732804795339,-0.035578312854169236,7.0728222898906274,0.2947009287454428,-0.10790367975770598,-0.029523131746996518,0.5687024619989235,2.843512309994617,0.14321448917812463,-0.12859089705422244,100.0,1.0,0.010917816675708595,10.5,0.4375,10.5,0.4375,13.900311134584872,0.5791796306077029,0.3185179561910658,0.0,0.0,0.07520676218039549,1.0,0.0,0.3846726793148879,0.0,3846.726793148879,-0.03379123286806944,0.032
raceline_xy,20260415_212047_eb9da4db,83,2.688000000000002,11.445482757051314,-1.0738804312767658,7.126899816359278,-0.03733032244415602,7.12699758281113,0.29695823261713045,-0.10887951758970527,-0.030460645064606672,0.5325812495207627,2.6629062476038134,0.1427453269723027,-0.12495945579137668,100.0,1.0,0.011076594499439686,10.5,0.4375,10.5,0.4375,14.006178184567855,0.5835907576903273,0.3136532707814643,0.0,0.0,0.07551760205449441,1.0,0.0,0.37899634321412556,0.0,3789.9634321412555,-0.022846243184653885,0.032
raceline_xy,20260415_212047_eb9da4db,84,2.720000000000002,11.673656841406313,-1.1007128007872176,7.179398098982684,-0.05017832089711183,7.179573450252057,0.2991488937605024,-0.110069329046806,-0.0371393730989796,0.49726913741125395,2.4863456870562697,0.14205566142766823,-0.12155038639374505,100.0,1.0,0.011235688034184973,10.5,0.4375,10.5,0.4375,14.114149591369063,0.5880895663070443,0.3087850148807143,0.0,0.0,0.0758446459327884,1.0,0.0,0.3736912870082322,0.0,3736.9128700823217,-0.016292046398387886,0.032
raceline_xy,20260415_212047_eb9da4db,85,2.752000000000002,11.903447390395268,-1.1280023304015714,7.231246467159394,-0.04944816953616871,7.231415531573034,0.3013089804822097,-0.11136663180731654,-0.04049422588076,0.4636863026514588,2.318431513257294,0.1412581495694245,-0.1183018908071718,100.0,1.0,0.011392254181010636,10.5,0.4375,10.5,0.4375,14.223274398373011,0.5926364332655422,0.3039578694257301,0.0,0.0,0.07610902069867807,1.0,0.0,0.36811932055891305,0.0,3681.1932055891307,-0.014912010178591489,0.032
raceline_xy,20260415_212047_eb9da4db,86,2.784000000000002,12.13485051558833,-1.1555797727158428,7.2823889304096205,-0.04345009827491342,7.282518550940511,0.3034382729558546,-0.11264905969205685,-0.04002850801964127,0.43277429012853547,2.1638714506426773,0.14048793048659913,-0.11282563659198841,100.0,1.0,0.011624978281376331,10.5,0.4375,10.5,0.4375,14.39007948726649,0.5995866453027704,0.2967547092289555,0.0,0.0,0.07624612454719697,1.0,0.0,0.3624634352234323,0.0,3624.6343522343227,-0.03887528323633458,0.032
raceline_xy,20260415_212047_eb9da4db,87,2.816000000000002,12.367833831679565,-1.1834994477809553,7.332712333270095,-0.03967820909094555,7.33281968432117,0.3055341535133821,-0.11385569997704881,-0.03766068060968195,0.3980572911311741,1.9902864556558704,0.13978373200451344,-0.10953848200874639,100.0,1.0,0.011780409543107051,10.5,0.4375,10.5,0.4375,14.504093216176575,0.6043372173406906,0.2919496157743722,0.0,0.0,0.076488204944961,1.0,0.0,0.35704992915999145,0.0,3570.4992915999146,-0.02670033433948751,0.032
raceline_xy,20260415_212047_eb9da4db,88,2.848000000000002,12.602253818134129,-1.2124606983501227,7.381102719315983,-0.056483779406534596,7.381318836795349,0.30755495153313955,-0.11526908746236142,-0.04411233866096602,0.36579812551336327,1.8289906275668162,0.13886315716920805,-0.10646548321160276,100.0,1.0,0.011936042582467584,10.5,0.4375,10.5,0.4375,14.620487955259215,0.6091869981358006,0.28714029161755894,0.0,0.0,0.07669978569994686,1.0,0.0,0.35213178493796965,0.0,3521.3178493796963,-0.021546967779250935,0.032
raceline_xy,20260415_212047_eb9da4db,89,2.880000000000002,12.838147751226316,-1.2419815948621862,7.428965061830315,-0.05725706991933155,7.4291857065193385,0.30954940443830575,-0.11679043211899032,-0.04748163884471022,0.3375927670425806,1.687963835212903,0.13783235588398401,-0.10350598877009753,100.0,1.0,0.01209185705099796,10.5,0.4375,10.5,0.4375,14.739365167655176,0.6141402153189657,0.2823259545143575,0.0,0.0,0.076774175557,1.0,0.0,0.34679305378446135,0.0,3467.9305378446134,-0.02015055871382633,0.032
raceline_xy,20260415_212047_eb9da4db,90,2.912000000000002,13.075512726464709,-1.2718996629375057,7.476157528285218,-0.05282034810927383,7.4763441184117605,0.3115143382671567,-0.11831624008474773,-0.04762036096990348,0.30368595312280844,1.5184297656140422,0.1368040715233172,-0.09831688724223975,100.0,1.0,0.012325874376450196,10.5,0.4375,10.5,0.4375,14.922533851647096,0.621772243818629,0.2750948003562912,0.0,0.0,0.0770334140450587,1.0,0.0,0.34159129526228055,0.0,3415.9129526228057,-0.04939787980371914,0.032
raceline_xy,20260415_212047_eb9da4db,91,2.944000000000002,13.314324107357193,-1.3022434690609854,7.522693257124888,-0.049635575137073173,7.52285700589287,0.31345237524553626,-0.11978654924857546,-0.04588714657505989,0.2743651377152593,1.3718256885762963,0.13582335802389212,-0.09530709997713505,100.0,1.0,0.012482053278966527,10.5,0.4375,10.5,0.4375,15.048150136062354,0.6270062556692647,0.2702625278533226,0.0,0.0,0.07710166193481574,1.0,0.0,0.3363931159422042,0.0,3363.931159422042,-0.030296938452020153,0.032
raceline_xy,20260415_212047_eb9da4db,92,2.976000000000002,13.554396522698731,-1.3338732037749244,7.5667585122434815,-0.0714433608599313,7.567095779519389,0.3152956574799745,-0.12155486951570227,-0.055186363837544446,0.2468431109516452,1.234215554758226,0.13453594360158583,-0.09034185014260077,100.0,1.0,0.0127165216589685,10.5,0.4375,10.5,0.4375,15.218388899302862,0.6340995374709526,0.2638725157881212,0.0,0.0,0.07721033429034173,1.0,0.0,0.33191977587915655,0.0,3319.197758791566,-0.04790975147138645,0.032
raceline_xy,20260415_212047_eb9da4db,93,3.0080000000000022,13.7958209865723,-1.3660707450303253,7.610993195205753,-0.0697307628663415,7.611312619828343,0.31713802582618095,-0.12342092229532486,-0.0582369148784268,0.21455103691951277,1.0727551845975638,0.13314215286787867,-0.08772381633814597,100.0,1.0,0.012872937496127366,10.5,0.4375,10.5,0.4375,15.328725780929503,0.6386969075387293,0.25982565198427787,0.0,0.0,0.07747699616080957,1.0,0.0,0.32688263876928325,0.0,3268.8263876928327,-0.019974120370336614,0.032
raceline_xy,20260415_212047_eb9da4db,94,3.0400000000000023,14.038478224838872,-1.3992860519502714,7.653328005298247,-0.08026008620128933,7.653748835578516,0.31890620148243815,-0.12554960203696908,-0.06643190544596336,0.1905323410919415,0.9526617054597075,0.13147586793947585,-0.08537539082727674,100.0,1.0,0.013029412379599637,10.5,0.4375,10.5,0.4375,15.441504168685839,0.6433960070285766,0.25576399058694754,0.0,0.0,0.0775467646160181,1.0,0.0,0.32249666863651716,0.0,3224.9666863651714,-0.01057339312052081,0.032
raceline_xy,20260415_212047_eb9da4db,95,3.0720000000000023,14.282491677261758,-1.4326899032014597,7.696263676377499,-0.06498560867657321,7.696538033795634,0.3206890847414848,-0.12760426441107953,-0.06412398840063464,0.15883494581330793,0.7941747290665396,0.1298893312045699,-0.08073314351109273,100.0,1.0,0.013264190746551998,10.5,0.4375,10.5,0.4375,15.615270172999832,0.6506362572083263,0.2496495483516803,0.0,0.0,0.07781495775802141,1.0,0.0,0.3173899335312809,0.0,3173.899335312809,-0.04757502396642373,0.032
raceline_xy,20260415_212047_eb9da4db,96,3.1040000000000023,14.527854465605925,-1.4662339772753472,7.738746851557796,-0.05018788933012919,7.738909590939224,0.3224545662891343,-0.12938466581442887,-0.055566610909485586,0.13515113787720454,0.6757556893860226,0.12857727880839587,-0.0780652195189333,100.0,1.0,0.013420723907106486,10.5,0.4375,10.5,0.4375,15.734203948702294,0.6555918311959289,0.24556203876113258,0.0,0.0,0.07773146034824072,1.0,0.0,0.312471933726467,0.0,3124.71933726467,-0.03158759755070705,0.032
raceline_xy,20260415_212047_eb9da4db,97,3.1360000000000023,14.774338893650711,-1.5011077967772966,7.779020759879552,-0.07175781090016597,7.779351718881351,0.32413965495338964,-0.13132771008424937,-0.06063855603429861,0.10810898780134408,0.5405449390067204,0.12708888475202773,-0.07336671026293695,100.0,1.0,0.013655493985562964,10.5,0.4375,10.5,0.4375,15.917233260482142,0.6632180525200893,0.23942125815467197,0.0,0.0,0.07782748889684557,1.0,0.0,0.30828613970936886,0.0,3082.8613970936885,-0.057547608252909443,0.032
raceline_xy,20260415_212047_eb9da4db,98,3.1680000000000024,15.022022785736869,-1.5366756451530812,7.81918118742813,-0.07284411413219871,7.819520490848125,0.32581335378533854,-0.13331091508639847,-0.06189369574505405,0.08336876222189772,0.4168438111094886,0.12555335884844077,-0.07094665790947285,100.0,1.0,0.01381195783835155,10.5,0.4375,10.5,0.4375,16.04234282924141,0.668430951218392,0.2353249037537446,0.0,0.0,0.07783992250242279,1.0,0.0,0.3036299734403561,0.0,3036.2997344035607,-0.026724337490983813,0.032
raceline_xy,20260415_212047_eb9da4db,99,3.2000000000000024,15.270725372342277,-1.573616148599568,7.856672315888354,-0.0927990923259081,7.85722034505734,0.3273841810440558,-0.13564382034456912,-0.07280408234789139,0.06140183548272132,0.3070091774136066,0.12365194120997591,-0.06669615521846772,100.0,1.0,0.01404795875409416,10.5,0.4375,10.5,0.4375,16.235333349868363,0.6764722229111818,0.22916144808012584,0.0,0.0,0.07789659368270402,1.0,0.0,0.29990643865942945,0.0,2999.0643865942943,-0.046272558863488404,0.032
raceline_xy,20260415_212047_eb9da4db,100,3.2320000000000024,15.520626957961893,-1.6109012565788092,7.89545851884509,-0.08024738368325646,7.895866315065847,0.3289944297944103,-0.13794325376286354,-0.07176522315432406,0.03649807140920603,0.18249035704603014,0.12178378439652215,-0.06463146299317613,100.0,1.0,0.014205302451828656,10.5,0.4375,10.5,0.4375,16.367357556889562,0.6819732315370651,0.2250503176161427,0.0,0.0,0.07798524688630637,1.0,0.0,0.29505998578572984,0.0,2950.5998578572985,-0.017991633239684817,0.032
raceline_xy,20260415_212047_eb9da4db,101,3.2640000000000025,15.77158171703258,-1.6491569161279305,7.932462442652608,-0.08641688090738864,7.932933144896656,0.3305388810373607,-0.14038220020832703,-0.07611906046638736,0.029180070531232595,0.14590035265616297,0.11976466212080261,-0.060559775303771435,100.0,1.0,0.014441096503319376,10.5,0.4375,10.5,0.4375,16.57074747674611,0.6904478115310879,0.2188782109968539,0.0,0.0,0.07757790643742138,1.0,0.0,0.29086535747899356,0.0,2908.6535747899356,-0.047663680456342755,0.032
raceline_xy,20260415_212047_eb9da4db,102,3.2960000000000025,16.02371570719398,-1.6876325262923526,7.97008935338364,-0.07027722967261307,7.970399186360098,0.3320999660983374,-0.14261422475908514,-0.06967015939200959,0.02949677843887832,0.1474838921943916,0.11795552211206006,-0.058472579688174875,100.0,1.0,0.014598115315172015,10.5,0.4375,10.5,0.4375,16.710139485939685,0.6962558119141535,0.2147575151128387,0.0,0.0,0.07685460852002697,1.0,0.0,0.285916165518526,0.0,2859.16165518526,-0.024447676723318365,0.032
raceline_xy,20260415_212047_eb9da4db,103,3.3280000000000025,16.27681790907561,-1.7272988247011218,8.005547139382653,-0.08396825427444865,8.00598748866145,0.3335828120275604,-0.14496760139280163,-0.07345509325456266,0.0447498792898533,0.2237493964492665,0.11600862505783516,-0.054374644044223874,100.0,1.0,0.014833326840325949,10.5,0.4375,10.5,0.4375,16.925377047147787,0.7052240436311578,0.20856275897581966,0.0,0.0,0.07574707313436709,1.0,0.0,0.28166196865553583,0.0,2816.6196865553584,-0.05399880733278915,0.032
raceline_xy,20260415_212047_eb9da4db,104,3.3600000000000025,16.531008335990585,-1.7674100647430673,8.041392550865925,-0.07493849803395713,8.041741722761902,0.33507257178174593,-0.14719058254893191,-0.0693936716564998,0.0695065815238934,0.347532907619467,0.11419291181806379,-0.052301127285893756,100.0,1.0,0.014989893625158268,10.5,0.4375,10.5,0.4375,17.07366755396865,0.7114028147486938,0.20440952847814176,0.0,0.0,0.07431013569022582,1.0,0.0,0.2766689046931324,0.0,2766.689046931324,-0.026720271543505123,0.032
raceline_xy,20260415_212047_eb9da4db,105,3.3920000000000026,16.786061947678235,-1.8088810717346797,8.074560256774287,-0.0932129518907574,8.075098265326499,0.33646242772193746,-0.14964310174118722,-0.076552709121163,0.08202521597464862,0.4101260798732431,0.11212702494427251,-0.04822854759914952,100.0,1.0,0.015224331255319128,10.5,0.4375,10.5,0.4375,17.306975575221486,0.7211239823008952,0.1980571935416604,0.0,0.0,0.07337288629700896,1.0,0.0,0.27298308691219364,0.0,2729.8308691219363,-0.05173438396020434,0.032
raceline_xy,20260415_212047_eb9da4db,106,3.4240000000000026,17.042149138346932,-1.8507761305065384,8.108691388964665,-0.08234774734300387,8.109109519112575,0.3378795632963573,-0.1520052115455517,-0.07374084522690223,0.11270176875870447,0.5635088437935223,0.11014869424508067,-0.04408041072701696,100.0,1.0,0.01545821218701932,10.5,0.4375,10.5,0.4375,17.54995305199252,0.7312480438330217,0.19166857113523061,0.0,0.0,0.07184417100493924,1.0,0.0,0.267963818417686,0.0,2679.6381841768602,-0.05773476151205983,0.032
raceline_xy,20260415_212047_eb9da4db,107,3.4560000000000026,17.299076829077922,-1.893904408389164,8.140757975866869,-0.09588905397330927,8.141322689361473,0.3392217787233947,-0.1545326907664566,-0.07889898333959564,0.12211559500494239,0.6105779750247119,0.10799508513854139,-0.042271887934111074,100.0,1.0,0.015613789190274651,10.5,0.4375,10.5,0.4375,17.71780343920922,0.7382418099670508,0.1873849051544756,0.0,0.0,0.07104407287161718,1.0,0.0,0.26440905721912156,0.0,2644.0905721912154,-0.01628859286196538,0.032
raceline_xy,20260415_212047_eb9da4db,108,3.4880000000000027,17.556792606889193,-1.9382671390180486,8.171363307310942,-0.10727059624314061,8.172067381078424,0.34050280754493434,-0.15734069259528383,-0.08765025076855328,0.14305198777115416,0.7152599388557708,0.10554003561060199,-0.03857698386352837,100.0,1.0,0.015846587610881802,10.5,0.4375,10.5,0.4375,17.97915036643531,0.7491312652681379,0.1809169942025326,0.0,0.0,0.06999957402448345,1.0,0.0,0.2607389719989067,0.0,2607.389719989067,-0.03874995633764262,0.032
raceline_xy,20260415_212047_eb9da4db,109,3.5200000000000027,17.81554764982431,-1.9826313298488134,8.203680492703484,-0.08129068320243382,8.204083239554507,0.3418368016481044,-0.15989276258453522,-0.07968231328173994,0.16381727530874876,0.8190863765437437,0.10335137067373212,-0.03679202515320368,100.0,1.0,0.016001378296772235,10.5,0.4375,10.5,0.4375,18.16021821897894,0.7566757591241225,0.1765744715219082,0.0,0.0,0.06886343304174347,1.0,0.0,0.2560886777738058,0.0,2560.886777738058,-0.016530819987775613,0.032
raceline_xy,20260415_212047_eb9da4db,110,3.5520000000000027,18.075148485645546,-2.0278734950696093,8.234378160617926,-0.08350145204508941,8.234801526725164,0.34311673028021517,-0.16240273919115378,-0.07837192732102048,0.1762235382851039,0.8811176914255194,0.10118824442406549,-0.03279041973454477,100.0,1.0,0.01623290004136629,10.5,0.4375,10.5,0.4375,18.44290494459569,0.7684543726914871,0.1700114651603224,0.0,0.0,0.06800298199858212,1.0,0.0,0.25250342984435664,0.0,2525.0342984435665,-0.051533042018096026,0.032
raceline_xy,20260415_212047_eb9da4db,111,3.5840000000000027,18.335690773122668,-2.073440657471373,8.26523069630496,-0.07036521973201992,8.265530214528871,0.3443970922720363,-0.16462917099912744,-0.06953652163495742,0.19401279855624864,0.9700639927812432,0.09930705017198749,-0.02844404854649829,100.0,1.0,0.01646720649599972,10.5,0.4375,10.5,0.4375,18.742281434853165,0.7809283931188818,0.16333548228385553,0.0,0.0,0.06692596624211525,1.0,0.0,0.2484218744080432,0.0,2484.218744080432,-0.06382530471946887,0.032
raceline_xy,20260415_212047_eb9da4db,112,3.6160000000000028,18.596922833992725,-2.1204311931623328,8.29402272436841,-0.09112579625674844,8.294523305355348,0.3456051377231395,-0.1669906374218879,-0.07374265850113872,0.2105847083119298,1.052923541559649,0.09728053188902486,-0.02637224546313499,100.0,1.0,0.01662608587696337,10.5,0.4375,10.5,0.4375,18.95265796396156,0.7896940818317316,0.1588049900023436,0.0,0.0,0.06596183350194547,1.0,0.0,0.24523999039714553,0.0,2452.3999039714554,-0.023622989687606476,0.032
raceline_xy,20260415_212047_eb9da4db,113,3.648000000000003,18.85874081579269,-2.1689722660850204,8.320474526747594,-0.11294815283803827,8.321241111486023,0.34671837964525093,-0.16974468091030115,-0.0859832069974431,0.22342831963871848,1.1171415981935924,0.09483214932087236,-0.02246621098620194,100.0,1.0,0.01686360357000893,10.5,0.4375,10.5,0.4375,19.282369461898934,0.8034320609124556,0.15195829434866592,0.0,0.0,0.06524697535477687,1.0,0.0,0.24254633679188245,0.0,2425.4633679188246,-0.03907223713898153,0.032
raceline_xy,20260415_212047_eb9da4db,114,3.680000000000003,19.121451383545974,-2.2176796801435175,8.349114009195887,-0.09143217802437675,8.349614636720027,0.34790060986333443,-0.17237103513111807,-0.08201601584541557,0.24053590666050045,1.2026795333025022,0.09251209271335936,-0.018420175463516486,100.0,1.0,0.01710016321597276,10.5,0.4375,10.5,0.4375,19.5,0.8125,0.14505382833877878,0.0,0.0,0.06433085607719916,1.0,0.0,0.2383255781674025,0.0,2383.255781674025,-0.04540949050884241,0.032
raceline_xy,20260415_212047_eb9da4db,115,3.712000000000003,19.384907159114906,-2.267198150620392,8.376666666154327,-0.09073595234523846,8.377158077111178,0.34904825321296573,-0.17495824360476542,-0.08079869844763402,0.2526653839903135,1.2633269199515675,0.09023185157796654,-0.016552223938321564,100.0,1.0,0.01725733937338174,10.5,0.4375,10.5,0.4375,19.5,0.8125,0.14042070955988573,0.0,0.0,0.0635688484016034,1.0,0.0,0.23514524097481262,0.0,2351.4524097481262,-0.01380198801540758,0.032
raceline_xy,20260415_212047_eb9da4db,116,3.744000000000003,19.64903257157814,-2.3177236440763442,8.403036495363475,-0.09564542021183287,8.403580807537818,0.35014920031407576,-0.17762839683049592,-0.08338669188209982,0.2634868527761339,1.3174342638806693,0.08784625444642513,-0.012485557858773255,100.0,1.0,0.017492311115185767,10.5,0.4375,10.5,0.4375,19.5,0.8125,0.13338510708991924,0.0,0.0,0.06288959522846334,1.0,0.0,0.2321777098751939,0.0,2321.777098751939,-0.040763438599042134,0.032
raceline_xy,20260415_212047_eb9da4db,117,3.776000000000003,19.914018025116174,-2.3683545413765423,8.430270121078946,-0.07429736942452214,8.430597512244304,0.35127489634351267,-0.17998198590749892,-0.07352659692042966,0.27603725518995426,1.3801862759497712,0.08577868987722415,-0.008028427030154273,100.0,1.0,0.01772633530619041,10.5,0.4375,10.5,0.4375,19.5,0.8125,0.1262410047381759,0.0,0.0,0.06208319552674795,1.0,0.0,0.22855644260753616,0.0,2285.5644260753616,-0.05404897359555284,0.032
raceline_xy,20260415_212047_eb9da4db,118,3.808000000000003,20.17963698957565,-2.420067590967891,8.456021015276212,-0.08428697479642411,8.456441077954324,0.35235171158143014,-0.18231614650202532,-0.07291651841639736,0.2880197841926428,1.4400989209632138,0.08372826631623553,-0.005844851014353392,100.0,1.0,0.017881826900585807,10.5,0.4375,10.5,0.4375,19.5,0.8125,0.12148379612192839,0.0,0.0,0.061320832532697093,1.0,0.0,0.2257219956203011,0.0,2257.219956203011,-0.02224160355774423,0.032
raceline_xy,20260415_212047_eb9da4db,119,3.840000000000003,20.44576424350666,-2.473166825848047,8.47978849072135,-0.10204487039990018,8.480402467038061,0.3533501027932526,-0.18490617788827013,-0.08089067473838307,0.2952866402838123,1.4764332014190613,0.08139183332044464,-0.0017254342793169286,100.0,1.0,0.018114280272675205,10.5,0.4375,10.5,0.4375,19.5,0.8125,0.1143925889708397,0.0,0.0,0.06078804189290894,1.0,0.0,0.22337598345486195,0.0,2233.7598345486194,-0.04018965038058145,0.032
raceline_xy,20260415_212047_eb9da4db,120,3.872000000000003,20.71265708062048,-2.526526271387818,8.505031986276023,-0.08494917689319359,8.505456216466763,0.35439400901944845,-0.18733889249075597,-0.0759958722382933,0.3031570467067951,1.5157852335339754,0.07921156584117117,0.002430062924164922,100.0,1.0,0.018345796102010623,10.5,0.4375,10.5,0.4375,19.5,0.8125,0.10739582532104208,0.0,0.0,0.10503478899131595,1.0,0.0,0.23145307819777444,0.0,2314.5307819777445,-0.04686965476562182,0.032
raceline_xy,20260415_212047_eb9da4db,121,3.904000000000003,20.98021060265246,-2.5808293552100996,8.531052284952423,-0.0892779370828285,8.531519421453703,0.3554799758939043,-0.18977692439765015,-0.07616189496207004,0.311659535880217,1.558297679401085,0.07701426925365729,0.006412285543787366,100.0,1.0,0.0185763780176212,10.5,0.4375,10.5,0.4375,19.5,0.8125,0.10054007695448242,0.0,0.0,0.16216602537931318,1.0,0.0,0.24823481937352526,0.0,2482.3481937352526,-0.04515129128998274,0.032
raceline_xy,20260415_212047_eb9da4db,122,3.936000000000003,21.24845600992837,-2.636282848105482,8.559348578322242,-0.09850875509560031,8.559915423650953,0.356663142652123,-0.19234671284041394,-0.08027147657750894,0.32047473981056773,1.6023736990528386,0.07467058792137893,0.010050218898466134,100.0,1.0,0.01880625143315248,10.5,0.4375,10.5,0.4375,19.5,0.8125,0.094306848118344,0.0,0.0,0.21410959901379997,1.0,0.0,0.26384626807248385,0.0,2638.4626807248387,-0.03795476201069753,0.032
raceline_xy,20260415_212047_eb9da4db,123,3.968000000000003,21.517507392922106,-2.692729424784013,8.590306247921697,-0.10104859725222015,8.590900549540146,0.35795418956417274,-0.19503664407963317,-0.0840244589324985,0.32482496530139227,1.6241248265069612,0.07220870417668612,0.011429997577443896,100.0,1.0,0.018964435976512813,10.5,0.4375,10.5,0.4375,19.5,0.8125,0.09058715776153337,0.0,0.0,0.2451070186538886,1.0,0.0,0.26869563116493744,0.0,2686.9563116493746,-0.0033895957682415663,0.032
raceline_xy,20260415_212047_eb9da4db,124,4.000000000000003,21.787469069392884,-2.749856338500496,8.622615257575058,-0.09325149477976713,8.62311948899265,0.35929664537469375,-0.19772050207595093,-0.08384642124270808,0.32817683372494266,1.6408841686247133,0.06973280095904055,0.014618130397022533,100.0,1.0,0.019200943094982836,10.5,0.4375,10.5,0.4375,19.5,0.8125,0.08519977104883258,0.0,0.0,0.29000190792639513,1.0,0.0,0.2784881506957825,0.0,2784.8815069578245,-0.03000662704271887,0.032
raceline_xy,20260415_212047_eb9da4db,125,4.032000000000003,22.05859403715131,-2.8068584610349663,8.657654722798656,-0.06312478100898322,8.657884847765954,0.3607452019902481,-0.19993382375420232,-0.06919325262336341,0.3313205318018748,1.656602659009374,0.06773370446042737,0.017990206214328897,100.0,1.0,0.01943660589858533,10.5,0.4375,10.5,0.4375,19.5,0.8125,0.0800504848470065,0.0,0.0,0.33291262627494583,1.0,0.0,0.28781278532219323,0.0,2878.127853221932,-0.04915123138912903,0.032
raceline_xy,20260415_212047_eb9da4db,126,4.064000000000003,22.3306929956074,-2.8648374471336666,8.693708233819835,-0.06920884634680546,8.693983708243273,0.36224932117680303,-0.20198013186448094,-0.0639829339545408,0.33492450322004463,1.674622516100223,0.06589077814627764,0.021234812827272798,100.0,1.0,0.01967151242060651,10.5,0.4375,10.5,0.4375,19.5,0.8125,0.07514716369407637,0.0,0.0,0.3737736358826969,1.0,0.0,0.2975259412114989,0.0,2975.2594121149887,-0.05373803183562133,0.032
raceline_xy,20260415_212047_eb9da4db,127,4.096000000000003,22.603651618213114,-2.924373694266046,8.730017042711792,-0.09193658441549313,8.73050112545622,0.3637708802273425,-0.20422048849915653,-0.07002772821409381,0.33695599547645416,1.6847799773822707,0.06384911655638881,0.022363517908087438,100.0,1.0,0.01982773950274548,10.5,0.4375,10.5,0.4375,19.5,0.8125,0.0720091945517698,0.0,0.0,0.3999233787352517,1.0,0.0,0.30241444350583113,0.0,3024.1444350583115,-0.017257896295642346,0.032
raceline_xy,20260415_212047_eb9da4db,128,4.128000000000003,22.877508812684557,-2.9852568528817147,8.766346962074724,-0.10507554413101672,8.76697666983614,0.3652906945765058,-0.20677376454743435,-0.07978837403630437,0.3364579308262914,1.682289654131457,0.06146304584759665,0.024626674815269922,100.0,1.0,0.020061577710262516,10.5,0.4375,10.5,0.4375,19.5,0.8125,0.06749872082104513,0.0,0.0,0.4375106598246239,1.0,0.0,0.31250146555657027,0.0,3125.014655565703,-0.02809477145479989,0.032
raceline_xy,20260415_212047_eb9da4db,129,4.160000000000003,23.152639714993494,-3.046282469127102,8.806431046994309,-0.08045905476842319,8.806798592278554,0.36694994134493975,-0.2091358944282531,-0.07384837939548129,0.3352963700342757,1.6764818501713785,0.059270946042878414,0.026789776233338447,100.0,1.0,0.020294888204668547,10.5,0.4375,10.5,0.4375,19.5,0.8125,0.06323004566280588,0.0,0.0,0.473082952809951,1.0,0.0,0.32070487064325764,0.0,3207.048706432576,-0.03608310404940061,0.032
raceline_xy,20260415_212047_eb9da4db,130,4.192000000000003,23.428956421974277,-3.108050956150733,8.84769015363486,-0.07580025831147519,8.848014847065263,0.36866728529438597,-0.21135957380447934,-0.06953720759033682,0.3338698907929335,1.6693494539646674,0.057210860563684296,0.028814304050016837,100.0,1.0,0.020527754488507726,10.5,0.4375,10.5,0.4375,19.5,0.8125,0.05918833617981267,0.0,0.0,0.5067638651682277,1.0,0.0,0.32909881189907125,0.0,3290.988118990713,-0.040091352997143684,0.032
raceline_xy,20260415_212047_eb9da4db,131,4.224000000000003,23.706412768597655,-3.170909409743582,8.88986137229199,-0.08183651013340643,8.890238041411493,0.3704265850588122,-0.2135863861673788,-0.06963557884240924,0.3323752118909294,1.661876059454647,0.05513588362189292,0.030574107281474916,100.0,1.0,0.020760258929048706,10.5,0.4375,10.5,0.4375,19.5,0.8125,0.055357509699530905,0.0,0.0,0.5386874191705758,1.0,0.0,0.3371438925264443,0.0,3371.438925264443,-0.03777115099015447,0.032
raceline_xy,20260415_212047_eb9da4db,132,4.256000000000003,23.98502524171568,-3.2349119848368133,8.93297700442282,-0.0884029885451747,8.933414422824603,0.37222560095102514,-0.21590554871668477,-0.0725173949166361,0.33075167902111735,1.6537583951055868,0.052956080767513125,0.03199646852677729,100.0,1.0,0.02099248281012548,10.5,0.4375,10.5,0.4375,19.5,0.8125,0.051720420400803935,0.0,0.0,0.5689964966599672,1.0,0.0,0.34470405594070747,0.0,3447.0405594070744,-0.03192095789240533,0.032
raceline_xy,20260415_212047_eb9da4db,133,4.288000000000003,24.26486777957776,-3.2998994642787336,8.977355385793807,-0.08879491966147968,8.977794509822486,0.3740747712426036,-0.21829345017338486,-0.07466687161781199,0.32887777415410596,1.6443888707705296,0.050697743999191136,0.03312924027724051,99.91634558523144,0.9991634558523144,0.021225400171078438,10.5,0.4375,10.5,0.4375,19.5,0.8125,0.04825211488555947,0.0,0.0,0.5978990426203378,0.997908639630786,0.0,0.35165377557472965,0.0,3516.5377557472966,-0.027224222245617123,0.032
raceline_xy,20260415_212047_eb9da4db,134,4.320000000000003,24.546026233616132,-3.3656906510739,9.023162438301107,-0.08310319689101853,9.023545119813026,0.37598104665887605,-0.22065472515281037,-0.07384489180868602,0.3267673429076528,1.633836714538264,0.048459290657159926,0.03408484884256513,99.83032992064443,0.9983032992064443,0.021460042441777346,10.5,0.4375,10.5,0.4375,19.5,0.8125,0.04493563495786379,0.0,0.0,0.625536375351135,0.9957582480161108,0.0,0.3575809531530848,0.0,3575.809531530848,-0.026576718086769043,0.032
raceline_xy,20260415_212047_eb9da4db,135,4.352000000000003,24.82855218918676,-3.4322260688576756,9.070145251271768,-0.07601146730281183,9.070463749022391,0.3779359895425996,-0.22290739598264864,-0.07046535346480275,0.3222351267862201,1.6111756339311005,0.046341224954817406,0.033921924207422016,99.74301951661162,0.9974301951661162,0.021616391299832616,10.5,0.4375,10.5,0.4375,19.5,0.8125,0.04281736010010162,0.0,0.0,0.6431886658324865,0.9935754879152906,0.0,0.3583501725707267,0.0,3583.5017257072673,-0.008040964583805887,0.032
raceline_xy,20260415_212047_eb9da4db,136,4.384000000000003,25.112432304947607,-3.499558368909196,9.117095332961746,-0.07134224266692724,9.117374459015139,0.3798906024589641,-0.22505730156720283,-0.06726406776327515,0.31653320324864404,1.58266601624322,0.04430226114410596,0.03472402126006546,99.65341637959132,0.9965341637959132,0.02185079954099641,10.5,0.4375,10.5,0.4375,19.5,0.8125,0.039779421276988636,0.0,0.0,0.6685048226917614,0.991335409489783,0.0,0.3636438983286543,0.0,3636.438983286543,-0.03116829447078527,0.032
raceline_xy,20260415_212047_eb9da4db,137,4.416000000000003,25.397816632753965,-3.567227071903024,9.165375470319349,-0.054633488346058634,9.165538300066205,0.3818974291694252,-0.22685387025285575,-0.05625199189945406,0.31010218724554184,1.5505109362277092,0.04261761647327189,0.03566026602603145,99.56171384324739,0.9956171384324739,0.022085073987759034,10.5,0.4375,10.5,0.4375,19.5,0.8125,0.036909245682209324,0.0,0.0,0.6924229526482556,0.9890428460811848,0.0,0.367682726610925,0.0,3676.8272661092496,-0.04453820932505803,0.032
raceline_xy,20260415_212047_eb9da4db,138,4.448000000000003,25.684501579915658,-3.636109535886784,9.213640476413572,-0.06620585032273008,9.213878338855112,0.38391159745229636,-0.22861696473556137,-0.05519606549269411,0.3038054570216593,1.5190272851082964,0.0409535847488689,0.036419041110779204,99.46795764454902,0.9946795764454902,0.022319218939152747,10.5,0.4375,10.5,0.4375,19.5,0.8125,0.03420075842642456,0.0,0.0,0.7149936797797953,0.9866989411137255,0.0,0.3714422331865908,0.0,3714.422331865908,-0.043363744282900296,0.032
raceline_xy,20260415_212047_eb9da4db,139,4.480000000000003,25.972391396230364,-3.706522857129403,9.261344949204153,-0.08573066948905383,9.26174173769925,0.38590590573746875,-0.23061848570090726,-0.06261932702144045,0.29796360629969093,1.4898180314984546,0.039033181304985565,0.03674406873539926,99.37221096473307,0.9937221096473308,0.02255323818611608,10.5,0.4375,10.5,0.4375,19.5,0.8125,0.03164213357007428,0.0,0.0,0.7363155535827143,0.9843052741183268,0.0,0.3748993850075933,0.0,3748.9938500759326,-0.030987356510423218,0.032
raceline_xy,20260415_212047_eb9da4db,140,4.512000000000003,26.26156136027643,-3.778130760347361,9.309053606707531,-0.09202482031699111,9.309508452120813,0.38789618550503385,-0.23286406521423908,-0.07022866089961974,0.29224883261880363,1.461244163094018,0.03685608135817331,0.036653464129220215,99.27460144504482,0.9927460144504482,0.02278713504498058,10.5,0.4375,10.5,0.4375,19.5,0.8125,0.029213700764069372,0.0,0.0,0.7565524936327552,0.9818650361261205,0.0,0.3776903469359795,0.0,3776.903469359795,-0.019199136950506845,0.032
raceline_xy,20260415_212047_eb9da4db,141,4.544000000000003,26.552152760372714,-3.850442319033023,9.357559694559216,-0.08184950231970545,9.357917651821326,0.38991323549255524,-0.23514251369345107,-0.07126053441364934,0.2861949756296552,1.4309748781482758,0.034641344171677524,0.03638209977631046,99.17528422362469,0.9917528422362468,0.023020912391120002,10.5,0.4375,10.5,0.4375,19.5,0.8125,0.026895848851731685,0.0,0.0,0.7758679262355693,0.9793821055906171,0.0,0.37963109834527003,0.0,3796.3109834527004,-0.01651278816586369,0.032
raceline_xy,20260415_212047_eb9da4db,142,4.576000000000003,26.84423926772867,-3.923227699907159,9.406603843515295,-0.0656786643783942,9.406833131069737,0.39195138046123906,-0.23723520097438655,-0.06547476821966762,0.2796348979917106,1.3981744899585529,0.032611317131424844,0.03617222833825817,99.07434122537592,0.9907434122537592,0.02325457269274652,10.5,0.4375,10.5,0.4375,19.5,0.8125,0.024669019894710154,0.0,0.0,0.7944248342107487,0.976858530634398,0.0,0.3811241719683965,0.0,3811.241719683965,-0.022540729741496422,0.032
raceline_xy,20260415_212047_eb9da4db,143,4.608000000000003,27.137783087260956,-3.9966339742882657,9.455549777859492,-0.05633380755338768,9.455717587758855,0.3939882328232856,-0.23908613143495483,-0.05793456031898513,0.2728176092966003,1.3640880464830014,0.03081966349912424,0.03610366966901868,98.97180051318551,0.9897180051318551,0.023488185572559817,10.5,0.4375,10.5,0.4375,19.5,0.8125,0.022513730556710687,0.0,0.0,0.8123855786940776,0.9742950128296378,0.0,0.38248193457345714,0.0,3824.8193457345715,-0.03016671697635525,0.032
raceline_xy,20260415_212047_eb9da4db,144,4.640000000000003,27.432690724562725,-4.0709843343398235,9.504058414356088,-0.05852535020996674,9.504238610225963,0.3960099420927485,-0.24080951466601697,-0.05394659091273943,0.26607439813706124,1.3303719906853062,0.029146998748377673,0.03608383870069609,98.86767829958309,0.988676782995831,0.023722569373725518,10.5,0.4375,10.5,0.4375,19.5,0.8125,0.020410604167061752,0.0,0.0,0.829911631941152,0.9716919574895773,0.0,0.3837754410751169,0.0,3837.754410751169,-0.03263852808149922,0.032
raceline_xy,20260415_212047_eb9da4db,145,4.672000000000003,27.72889147260354,-4.146483203388676,9.551993817811866,-0.06699879677747012,9.552228783602585,0.3980095326501077,-0.24256251839116239,-0.05485676943266312,0.25984011781876637,1.2992005890938318,0.02743283383297701,0.03595482385737192,98.76533556144425,0.9876533556144425,0.02395685351798556,10.5,0.4375,10.5,0.4375,20.91653005427767,0.8715220855949029,0.021034514498075474,10.0,0.007803696193889393,0.8247123791827043,0.9691333890361061,0.0,0.37174024059380933,0.0,3717.402405938093,-0.028788151580336346,0.032
raceline_xy,20260415_212047_eb9da4db,146,4.704000000000003,28.0263158496199,-4.223054466847557,9.597312967755276,-0.07258041145595895,9.59758741128054,0.39989947547002247,-0.2444135860768739,-0.05790345660730089,0.2541945423745828,1.2709727118729137,0.025609569430522505,0.035647857295640684,98.66562678851193,0.9866562678851193,0.0241910514878384,10.5,0.4375,10.5,0.4375,20.91653005427767,0.8715220855949029,0.0226119691171065,10.0,0.007803696193889393,0.8115669240241125,0.9666406697127983,0.0,0.3564244622826146,0.0,3564.244622826146,-0.022484419790016683,0.032
raceline_xy,20260415_212047_eb9da4db,147,4.736000000000003,28.324931363882467,-4.30045709038108,9.639867497034817,-0.07051077241821657,9.640125368967736,0.40167189037365564,-0.246308853972379,-0.05927400550284317,0.24695487142203718,1.234774357110186,0.023715236344737267,0.03568671817724001,98.56878578431423,0.9856878578431423,0.024503204511507736,10.5,0.4375,10.5,0.4375,20.91653005427767,0.8715220855949029,0.024590473946569436,10.0,0.007803696193889393,0.795079383778588,0.9642196446078557,0.0,0.34006375031599984,0.0,3400.6375031599982,-0.03242093777542672,0.032
raceline_xy,20260415_212047_eb9da4db,148,4.768000000000003,28.62469763668325,-4.378500551578439,9.679757988554417,-0.06354038328292777,9.67996653389312,0.40333193891221336,-0.2481295605262921,-0.056941704071474974,0.2381294152725933,1.1906470763629664,0.021909722014223476,0.0352255252533622,98.47399673780538,0.9847399673780538,0.024737253275473787,10.5,0.4375,10.5,0.4375,20.91653005427767,0.8715220855949029,0.025983197473041564,10.0,0.007803696193889393,0.7834733543913203,0.9618499184451345,0.0,0.3271373913121719,0.0,3271.373913121719,-0.019699663594476467,0.032
raceline_xy,20260415_212047_eb9da4db,149,4.800000000000003,28.925426811026085,-4.457548520423918,9.716782726506267,-0.06821013298405498,9.717022135220866,0.4048759223008694,-0.25002008833048794,-0.05910233930656061,0.22971308712936353,1.1485654356468176,0.020023298576443693,0.03462171242325107,98.38103877855963,0.9838103877855963,0.0249712600946794,10.5,0.4375,10.5,0.4375,20.91653005427767,0.8715220855949029,0.027303059894912884,10.0,0.007803696193889393,0.772474500875726,0.9595259694639907,0.0,0.31525227207909695,0.0,3152.5227207909693,-0.013887473386717853,0.032
raceline_xy,20260415_212047_eb9da4db,150,4.832000000000003,29.227180938323507,-4.537129716482299,9.752060951118757,-0.058934210180115354,9.752239026780714,0.40634329278252973,-0.25181420687432166,-0.0560879884266998,0.2214759723802138,1.1073798619010689,0.01822943354766826,0.034046557094077556,98.2897932508077,0.982897932508077,0.02520523804063466,10.5,0.4375,10.5,0.4375,20.91653005427767,0.8715220855949029,0.028555108095975168,10.0,0.007803696193889393,0.7620407658668736,0.9572448312701927,0.0,0.3038315608082926,0.0,3038.3156080829262,-0.015644967463276566,0.032
raceline_xy,20260415_212047_eb9da4db,151,4.864000000000003,29.529921293964776,-4.617153932829677,9.78544886122545,-0.04903727163224181,9.78557172932004,0.407732155388335,-0.2534110375439562,-0.04992627046665197,0.2136081507657349,1.0680407538286745,0.016630182458692744,0.03360603172288146,98.20009696537227,0.9820009696537226,0.02543920010139529,10.5,0.4375,10.5,0.4375,20.91653005427767,0.8715220855949029,0.029744437888731934,10.0,0.007803696193889393,0.7521296842605673,0.9550024241343067,0.0,0.2931828442718155,0.0,2931.828442718155,-0.021399148688361107,0.032
raceline_xy,20260415_212047_eb9da4db,152,4.8960000000000035,29.833536155141665,-4.697798201006007,9.81683978589844,-0.04681377406634191,9.8169514061872,0.4090396419244667,-0.2548503935487485,-0.04499959236672438,0.20661026160626544,1.033051308031327,0.015182646086232765,0.03326545784395485,98.11180240401667,0.9811180240401667,0.025673159185944188,10.5,0.4375,10.5,0.4375,20.91653005427767,0.8715220855949029,0.0308761821766117,10.0,0.007803696193889393,0.7426984818615692,0.9527950601004168,0.0,0.2832809990723849,0.0,2832.809990723849,-0.02515147222967231,0.032
raceline_xy,20260415_212047_eb9da4db,153,4.9280000000000035,30.137909183682698,-4.779256634692781,9.846263527584082,-0.05164795474051065,9.846398984697979,0.4102666243624158,-0.2562533441812507,-0.043844349513753475,0.2010245208563204,1.005122604281602,0.013762393627756886,0.03290879240453615,98.02478354857483,0.9802478354857483,0.025907120592726547,10.5,0.4375,10.5,0.4375,20.91653005427767,0.8715220855949029,0.03195536693536516,10.0,0.007803696193889393,0.7337052755386236,0.9506195887143708,0.0,0.2740495068496698,0.0,2740.495068496698,-0.023700933671996556,0.032
raceline_xy,20260415_212047_eb9da4db,154,4.9600000000000035,30.442973556092713,-4.861550022314981,9.873869321794361,-0.057045138636432124,9.87403410626649,0.4114180877611038,-0.25770843233762,-0.045451747304146764,0.19720816582612263,0.9860408291306131,0.012280292402883308,0.032449971467543914,97.93893331702554,0.9793893331702554,0.02614109338757455,10.5,0.4375,10.5,0.4375,20.91653005427767,0.8715220855949029,0.03298447106561753,10.0,0.007803696193889393,0.7251294077865206,0.9484733329256386,0.0,0.2654054817505049,0.0,2654.054817505049,-0.018901265905857216,0.032
raceline_xy,20260415_212047_eb9da4db,155,4.9920000000000035,30.748719869585887,-4.944520667469984,9.899967123818815,-0.05725209242565921,9.90013266854442,0.4125055278560175,-0.2592061289584353,-0.04676669529459026,0.1868387391482348,0.934193695741174,0.010728606888219971,0.03220294278749236,97.85441455858493,0.9785441455858493,0.026453092571879274,10.5,0.4375,10.5,0.4375,20.91653005427767,0.8715220855949029,0.03427882399097992,10.0,0.007803696193889393,0.7143431334085006,0.9463603639646234,0.0,0.25597098798960344,0.0,2559.709879896034,-0.02344122674720503,0.032
raceline_xy,20260415_212047_eb9da4db,156,5.024000000000004,31.055147950646305,-5.027990181315702,9.924643288485822,-0.05241092287173066,9.924781675609944,0.41353256981708103,-0.2606620271249813,-0.045453142474753384,0.1771673968164372,0.8858369840821859,0.009233505616607296,0.03162674838355173,97.7708672199848,0.9777086721998479,0.026687123931572018,10.5,0.4375,10.5,0.4375,20.91653005427767,0.8715220855949029,0.035191218768053645,10.0,0.007803696193889393,0.706739843599553,0.9442716804996198,0.0,0.24839149282603376,0.0,2483.9149282603375,-0.014101779119135896,0.032
raceline_xy,20260415_212047_eb9da4db,157,5.056000000000004,31.362161266564573,-5.1121346123276545,9.947839562578006,-0.053352801716240794,9.947982633893323,0.4144992764122218,-0.2621421009805802,-0.04619374872329246,0.16929005247607268,0.8464502623803634,0.007706442349440845,0.030975531588542715,97.68820411870675,0.9768820411870675,0.026921187260542496,10.5,0.4375,10.5,0.4375,20.91653005427767,0.8715220855949029,0.036052705661868245,10.0,0.007803696193889393,0.699560786151098,0.9422051029676688,0.0,0.24133533480525776,0.0,2413.3533480525775,-0.010350204260889336,0.032
raceline_xy,20260415_212047_eb9da4db,158,5.088000000000004,31.669813917842824,-5.19663367084996,9.970079780940168,-0.045153269484901504,9.970182027227844,0.4154242511344935,-0.26351876727313117,-0.04296248573642375,0.16337152233062754,0.8168576116531376,0.006279971590088529,0.030378025084052407,97.6063735569046,0.976063735569046,0.027155286629272014,10.5,0.4375,10.5,0.4375,20.91653005427767,0.8715220855949029,0.03686443242894777,10.0,0.007803696193889393,0.6927963964254352,0.940159338922615,0.0,0.23455649869102643,0.0,2345.5649869102645,-0.012302354170595267,0.032
raceline_xy,20260415_212047_eb9da4db,159,5.120000000000004,31.978078807989768,-5.281457784508446,9.99125095901177,-0.037867250919294104,9.99132271797112,0.41630511324879665,-0.26473080256994885,-0.037821739597875034,0.1598701279207812,0.799350639603906,0.005015640593997617,0.029895669155440174,97.52530049609996,0.9752530049609995,0.02738942607485327,10.5,0.4375,10.5,0.4375,20.91653005427767,0.8715220855949029,0.03762661591147953,10.0,0.007803696193889393,0.6864448674043372,0.938132512402499,0.0,0.22822855841734363,0.0,2282.2855841734363,-0.016628337457279128,0.032
raceline_xy,20260415_212047_eb9da4db,160,5.152000000000004,32.286877626858086,-5.366758404517096,10.011297530361322,-0.03691965727430313,10.011365606275298,0.41714023359480407,-0.26582496608481243,-0.034136231918936784,0.1518324589236421,0.7591622946182105,0.0038446976196113702,0.029697791856643896,97.44506996477959,0.974450699647796,0.027701681262698775,10.5,0.4375,10.5,0.4375,20.91653005427767,0.8715220855949029,0.038566144235147704,10.0,0.007803696193889393,0.6786154647071024,0.9361267491194898,0.0,0.22150005945602885,0.0,2215.0005945602884,-0.0243975257160577,0.032
raceline_xy,20260415_212047_eb9da4db,161,5.184000000000004,32.59613167598204,-5.452674694499101,10.03012769694647,-0.04103934425638167,10.030211655036483,0.41792548562652015,-0.2668924519930371,-0.03329362289429187,0.14069647972029506,0.7034823986014752,0.0027124353431053905,0.02924532415946679,97.36544326568327,0.9736544326568327,0.027935929746171095,10.5,0.4375,10.5,0.4375,20.91653005427767,0.8715220855949029,0.03921352192723937,10.0,0.007803696193889393,0.6732206506063386,0.9341360816420817,0.0,0.21614825772861765,0.0,2161.4825772861764,-0.01682508072561322,0.032
raceline_xy,20260415_212047_eb9da4db,162,5.216000000000004,32.905758647478365,-5.539361371562812,10.04778374556006,-0.04927008815835121,10.047904544686325,0.41866268936193024,-0.26807858496272097,-0.036983303700549704,0.1327267600104119,0.6636338000520594,0.0014514367986682153,0.028625194894503103,97.28636366347747,0.9728636366347747,0.028170054611111325,10.5,0.4375,10.5,0.4375,20.91653005427767,0.8715220855949029,0.03981182243395631,10.0,0.007803696193889393,0.668234813050364,0.9321590915869369,0.0,0.21119312839391413,0.0,2111.9312839391414,-0.009108082655626638,0.032
raceline_xy,20260415_212047_eb9da4db,163,5.248000000000004,33.21584242306419,-5.626433954094913,10.064804733077692,-0.04501137527332766,10.064905381516862,0.4193710575632026,-0.2692814262771255,-0.037502236838179624,0.12849572340847523,0.6424786170423761,0.0001696772131247748,0.027939297234683913,97.20780317512894,0.9720780317512895,0.028403850340867096,10.5,0.4375,10.5,0.4375,20.91653005427767,0.8715220855949029,0.04036100034889056,10.0,0.007803696193889393,0.6636583304259119,0.9301950793782237,0.0,0.2064061421392533,0.0,2064.061421392533,-0.0062805535770134695,0.032
raceline_xy,20260415_212047_eb9da4db,164,5.280000000000004,33.5264239220512,-5.713674764593984,10.081240549976554,-0.03501023759766664,10.08130134175287,0.4200542225730362,-0.2703657075229846,-0.03380582218144133,0.12848441738037644,0.6424220869018822,-0.0009941823024131047,0.027323453407685605,97.12971805601605,0.9712971805601605,0.028637707917524232,10.5,0.4375,10.5,0.4375,20.91653005427767,0.8715220855949029,0.04086160962376928,10.0,0.007803696193889393,0.6594865864685894,0.9282429514004011,0.0,0.20189491933850573,0.0,2018.9491933850572,-0.009128795375367408,0.032
raceline_xy,20260415_212047_eb9da4db,165,5.312000000000004,33.837469476735116,-5.8011221131188595,10.09696940723851,-0.02807509660663987,10.09700843922396,0.42070868496766495,-0.27128497566595566,-0.02865904451690401,0.11455776284979068,0.5727888142489533,-0.0020134722199700583,0.02695335162298962,97.052143037507,0.97052143037507,0.028949622221849648,10.5,0.4375,10.5,0.4375,20.91653005427767,0.8715220855949029,0.04145357495381763,10.0,0.007803696193889393,0.6545535420515197,0.9263035759376749,0.0,0.19723729309604238,0.0,1972.372930960424,-0.01658693390257047,0.032
raceline_xy,20260415_212047_eb9da4db,166,5.344000000000004,34.14890107190087,-5.888959801298592,10.111887166764241,-0.028350227476015455,10.111926908792867,0.42133028786636945,-0.2721002689190972,-0.025413033539141337,0.10414652488227549,0.5207326244113775,-0.002914066130743187,0.02649293203991654,96.97493123048268,0.9697493123048269,0.02918364207075156,10.5,0.4375,10.5,0.4375,20.91653005427767,0.8715220855949029,0.04184047713457506,10.0,0.007803696193889393,0.6513293572118745,0.924373280762067,0.0,0.19348795592941653,0.0,1934.8795592941653,-0.01506614702059109,0.032
raceline_xy,20260415_212047_eb9da4db,167,5.376000000000004,34.460632450975275,-5.977403489496554,10.126034353715323,-0.03539212621361543,10.126096204126288,0.42192067517192866,-0.27295757531956877,-0.02671907587338094,0.09935692109720551,0.49678460548602754,-0.003864648391334491,0.025941584864180633,96.89804232936599,0.96898042329366,0.02941773911770535,10.5,0.4375,10.5,0.4375,20.91653005427767,0.8715220855949029,0.042178403032450795,10.0,0.007803696193889393,0.6485133080629101,0.9224510582341499,0.0,0.1900349094655356,0.0,1900.349094655356,-0.010732719357131196,0.032
raceline_xy,20260415_212047_eb9da4db,168,5.408000000000004,34.772692227075915,-6.066281417981212,10.139612052433797,-0.03656778855003617,10.139677991781602,0.4224865829909001,-0.2738575529493765,-0.028050035047043533,0.10102634319191847,0.5051317159595923,-0.004863220236622112,0.025298163375020888,96.8214448614668,0.968214448614668,0.029651917930235805,10.5,0.4375,10.5,0.4375,20.91653005427767,0.8715220855949029,0.04246686375113473,10.0,0.007803696193889393,0.6461094687405439,0.9205361215366701,0.0,0.1868060577021196,0.0,1868.0605770211962,-0.006886376945382031,0.032
raceline_xy,20260415_212047_eb9da4db,169,5.440000000000004,35.08511794247528,-6.15540789129545,10.152753956186752,-0.03209006507191248,10.152804669998437,0.42303352791660154,-0.27473047822340924,-0.02720909845783569,0.0891621906172412,0.445810953086206,-0.005855832817616147,0.024689331781474255,96.74514714354889,0.9674514714354889,0.029964291405325784,10.5,0.4375,10.5,0.4375,20.91653005427767,0.8715220855949029,0.042773400590103705,10.0,0.007803696193889393,0.6435549950824692,0.9186286785887223,0.0,0.1835580456082102,0.0,1835.580456082102,-0.0073755448744014605,0.032
raceline_xy,20260415_212047_eb9da4db,170,5.472000000000004,35.397916262473125,-6.244705322754649,10.165434011812932,-0.02614243300117014,10.16546762698728,0.42356115112446996,-0.2755106602805668,-0.02431951336243415,0.07720955512391284,0.38604777561956416,-0.006738162743458176,0.02404789223846615,96.6690630681488,0.966690630681488,0.030198678688258526,10.5,0.4375,10.5,0.4375,20.91653005427767,0.8715220855949029,0.04294390460763742,10.0,0.007803696193889393,0.6421341282696882,0.91672657670372,0.0,0.1808585527986662,0.0,1808.5855279866619,-0.007797843663720093,0.032
raceline_xy,20260415_212047_eb9da4db,171,5.504000000000004,35.711047393631965,-6.33426096335155,10.177656495400644,-0.02394439332981646,10.177684661667547,0.4240701942361478,-0.27621155593581115,-0.021848123372491545,0.07297608987058239,0.3648804493529119,-0.007543904344370578,0.023434152051010404,96.59315823612494,0.9659315823612493,0.030433088837461555,10.5,0.4375,10.5,0.4375,20.91653005427767,0.8715220855949029,0.043062759545902995,10.0,0.007803696193889393,0.6411436704508083,0.9148289559031234,0.0,0.1784047263003576,0.0,1784.047263003576,-0.008997558366692266,0.032
raceline_xy,20260415_212047_eb9da4db,172,5.536000000000004,36.024487513554774,-6.4241091505882055,10.189456870951851,-0.02352702304900589,10.189484032364026,0.42456183468183445,-0.2768572866171426,-0.020128895224886117,0.07870280645033939,0.39351403225169695,-0.008297790940442251,0.022823416317145462,96.51739969539534,0.9651739969539535,0.030666725321406695,10.5,0.4375,10.5,0.4375,20.91653005427767,0.8715220855949029,0.04312939200915045,10.0,0.007803696193889393,0.6405883999237463,0.9129349923848835,0.0,0.1761869790779142,0.0,1761.869790779142,-0.009250248497637545,0.032
raceline_xy,20260415_212047_eb9da4db,173,5.568000000000004,36.33821554531373,-6.5142774834197645,10.2008632540283,-0.02432090961472433,10.200892246957093,0.4250371769565455,-0.27748178614499475,-0.019468354410403146,0.06318995890146961,0.31594979450734806,-0.00905246279403471,0.022164894145177527,96.44175200135949,0.9644175200135949,0.030978399212443653,10.5,0.4375,10.5,0.4375,20.91653005427767,0.8715220855949029,0.04313745648073386,10.0,0.007803696193889393,0.6405211959938845,0.9110438000339872,0.0,0.174219743810691,0.0,1742.1974381069099,-0.00797308231364793,0.032
raceline_xy,20260415_212047_eb9da4db,174,5.600000000000004,36.65222597442571,-6.604744592913337,10.211925432539738,-0.024560041404583455,10.211954966380615,0.4254981235991923,-0.27810096870275025,-0.019304957412018764,0.05096615561312088,0.2548307780656044,-0.00978701407013638,0.021459775401506676,96.36617963275451,0.9636617963275451,0.031212275409777963,10.5,0.4375,10.5,0.4375,20.91653005427767,0.8715220855949029,0.043083013554160665,10.0,0.007803696193889393,0.6409748870486611,0.9091544908188627,0.0,0.17249933845320942,0.0,1724.993384532094,-0.0062670729355714504,0.032
raceline_xy,20260415_212047_eb9da4db,175,5.632000000000004,36.966527172526625,-6.6954479640066005,10.222705416277348,-0.02302754852766098,10.222731352039798,0.4259471396683249,-0.27870134535475266,-0.01872147549574783,0.052577433002640846,0.2628871650132042,-0.010505323944292044,0.020722036606343863,96.29065484690258,0.9629065484690258,0.03144625670871273,10.5,0.4375,10.5,0.4375,20.91653005427767,0.8715220855949029,0.04297708391041688,10.0,0.007803696193889393,0.6418576340798593,0.9072663711725646,0.0,0.17097323748969992,0.0,1709.732374896999,-0.005339881702229992,0.032
raceline_xy,20260415_212047_eb9da4db,176,5.664000000000004,37.28112490993378,-6.786338654309074,10.233238072382548,-0.020395085556769388,10.233258396306358,0.4263857665127649,-0.27925942263137493,-0.01740518851410174,0.05946136328488224,0.2973068164244112,-0.011200945534296736,0.0199048324266764,96.2151169664766,0.962151169664766,0.03175839771476906,10.5,0.4375,10.5,0.4375,20.91653005427767,0.8715220855949029,0.042759772256256934,10.0,0.007803696193889393,0.6436685645311923,0.905377924161915,0.0,0.16983798327158686,0.0,1698.3798327158686,-0.004321810303786982,0.032
raceline_xy,20260415_212047_eb9da4db,177,5.696000000000004,37.59601418946843,-6.877410699340603,10.243568492537076,-0.018138037300039045,10.243584550814983,0.4268160229506243,-0.2797664262754358,-0.01581474940803166,0.03719847005266307,0.18599235026331534,-0.011829321563955109,0.019151505855030226,96.13956846341351,0.9613956846341352,0.03199262976276779,10.5,0.4375,10.5,0.4375,20.91653005427767,0.8715220855949029,0.0425447388051734,10.0,0.007803696193889393,0.6454605099568883,0.9034892115853378,0.0,0.1687081573229096,0.0,1687.0815732290962,-0.0055620822113847945,0.032
raceline_xy,20260415_212047_eb9da4db,178,5.728000000000004,37.911191447470046,-6.968652941818554,10.253694855175493,-0.01616762514136738,10.253707601407164,0.42723781672529854,-0.2802147816591547,-0.01398759936435417,0.028884083415354946,0.14442041707677472,-0.012400650708125127,0.01841680384625155,96.06398637032615,0.9606398637032615,0.032226971640684485,10.5,0.4375,10.5,0.4375,20.91653005427767,0.8715220855949029,0.04228961996524205,10.0,0.007803696193889393,0.6475865002896496,0.9015996592581537,0.0,0.1677403480952864,0.0,1677.403480952864,-0.006354605376728148,0.032
raceline_xy,20260415_212047_eb9da4db,179,5.760000000000004,38.22663390008066,-7.060121318645347,10.263621078419703,-0.016371589920939122,10.263634135643075,0.4276514223184615,-0.28063326403032196,-0.013057578299156245,0.04378056096090423,0.21890280480452112,-0.012944635128584903,0.017676020697455996,95.98835048828263,0.9598835048828264,0.03246142477401326,10.5,0.4375,10.5,0.4375,20.91653005427767,0.8715220855949029,0.04199848664268879,10.0,0.007803696193889393,0.6500126113109267,0.8997087622070659,0.0,0.16691676301085695,0.0,1669.1676301085695,-0.0059230532112993,0.032
raceline_xy,20260415_212047_eb9da4db,180,5.792000000000004,38.54233242039645,-7.151826629154655,10.273368745783545,-0.017031518034734017,10.27338286347047,0.42805761931126957,-0.2810458163075773,-0.01287468851872739,0.03734337436261834,0.18671687181309168,-0.013502631092503936,0.016784922586972062,95.91258168092095,0.9591258168092095,0.03277407125639614,10.5,0.4375,10.5,0.4375,20.91653005427767,0.8715220855949029,0.04156140195019109,10.0,0.007803696193889393,0.6536549837484076,0.8978145420230238,0.0,0.1665895742445417,0.0,1665.895742445417,-0.0024529268479965456,0.032
raceline_xy,20260415_212047_eb9da4db,181,5.824000000000004,38.85829504123989,-7.243730012501731,10.28302248360741,-0.016483939503277867,10.283035695680388,0.4284598206533495,-0.2814547826037819,-0.012765364557287644,0.011643091727452044,0.05821545863726022,-0.014041810902336582,0.01598535872842355,95.83672576092543,0.9583672576092543,0.03300780184996207,10.5,0.4375,10.5,0.4375,20.91653005427767,0.8715220855949029,0.04120182845657627,10.0,0.007803696193889393,0.6566514295285311,0.8959181440231359,0.0,0.1659929208723734,0.0,1659.929208723734,-0.002938655110914257,0.032
raceline_xy,20260415_212047_eb9da4db,182,5.856000000000004,39.17455180704582,-7.335715455620982,10.292570245339602,-0.012754231760433221,10.292578147659503,0.42885742281914596,-0.28180844124164217,-0.011042456115312621,0.026085328778008034,0.13042664389004016,-0.014525965367735427,0.015214169184232684,95.76076696778243,0.9576076696778243,0.03324163722427231,10.5,0.4375,10.5,0.4375,20.91653005427767,0.8715220855949029,0.04081526018449555,10.0,0.007803696193889393,0.6598728317958704,0.8940191741945608,0.0,0.16550487024647445,0.0,1655.0487024647446,-0.00391377745007678,0.032
raceline_xy,20260415_212047_eb9da4db,183,5.888000000000004,39.49108198855678,-7.427840421777628,10.301993946386709,-0.01140648212488049,10.302000261076627,0.42925001087819276,-0.2821151548620411,-0.009579332066647519,0.04466938737194432,0.2233469368597216,-0.01498113382497035,0.01430882669385003,95.68461084420859,0.956846108442086,0.03355356752077331,10.5,0.4375,10.5,0.4375,20.91653005427767,0.8715220855949029,0.040257819413144436,10.0,0.007803696193889393,0.6645181715571297,0.8921152711052148,0.0,0.16559805071556377,0.0,1655.9805071556377,-0.0016645600904672906,0.032
raceline_xy,20260415_212047_eb9da4db,184,5.920000000000004,39.80787182314515,-7.520147371582835,10.311374308128563,-0.011642075210714697,10.311380880379167,0.4296408700157986,-0.282402963222248,-0.008990778885278857,0.015115052892642974,0.07557526446321486,-0.015402424545059024,0.013540932646069592,95.60832029789348,0.9560832029789349,0.033787617704514154,10.5,0.4375,10.5,0.4375,20.91653005427767,0.8715220855949029,0.03980855415329465,10.0,0.007803696193889393,0.6682620487225446,0.8902080074473371,0.0,0.16531335001089895,0.0,1653.1335001089894,-0.0034479897415390856,0.032
raceline_xy,20260415_212047_eb9da4db,185,5.952000000000004,40.124943064088974,-7.612552040980567,10.320673518649503,-0.009622740891548354,10.320678004651409,0.4300282501938087,-0.28264534567219535,-0.007574903565178272,0.017587513537045112,0.08793756768522555,-0.015778866152908133,0.012794876398646515,95.53187987812777,0.9553187987812777,0.034021747246716416,10.5,0.4375,10.5,0.4375,20.91653005427767,0.8715220855949029,0.039335640433838304,10.0,0.007803696193889393,0.6722029963846808,0.8882969969531942,0.0,0.1651326517155494,0.0,1651.326517155494,-0.004085728831010381,0.032
raceline_xy,20260415_212047_eb9da4db,186,5.984000000000004,40.44227123442657,-7.705128723037344,10.329885752360687,-0.010189255728098257,10.329890777629577,0.4304121157345657,-0.2828734522181904,-0.0071303488077863715,0.04762778242037843,0.23813891210189211,-0.016142811051646166,0.012045262616104502,95.45527917451446,0.9545527917451446,0.0342559485368416,10.5,0.4375,10.5,0.4375,20.91653005427767,0.8715220855949029,0.03884483206853373,10.0,0.007803696193889393,0.6762930660955523,0.8863819793628614,0.0,0.16502306119190846,0.0,1650.2306119190846,-0.0033358200884672454,0.032
raceline_xy,20260415_212047_eb9da4db,187,6.0160000000000045,40.75985237982992,-7.79788234182843,10.339023162696318,-0.010884489951494825,10.339028892061984,0.4307928705025827,-0.2831063317954614,-0.007280391232629776,0.02862155472575982,0.1431077736287991,-0.016529493140452267,0.011099912279405988,95.37841735930813,0.9537841735930813,0.03456831539327844,10.5,0.4375,10.5,0.4375,20.91653005427767,0.8715220855949029,0.03817319790992313,10.0,0.007803696193889393,0.6818900174173073,0.8844604339827032,0.0,0.16551986752878514,0.0,1655.1986752878515,0.0015671100853818388,0.032
raceline_xy,20260415_212047_eb9da4db,188,6.0480000000000045,41.077701116350646,-7.8907654379055865,10.348185377445349,-0.010020035523055082,10.348190228590003,0.43117459285791676,-0.2833395756948516,-0.007293236808535833,0.021423041369103713,0.10711520684551856,-0.016901400963797997,0.010327439784994397,95.30139008302305,0.9530139008302305,0.03480265454668565,10.5,0.4375,10.5,0.4375,20.91653005427767,0.8715220855949029,0.03766452652709473,10.0,0.007803696193889393,0.6861289456075439,0.8825347520755763,0.0,0.16543791746910283,0.0,1654.3791746910283,-0.0003851961265295481,0.032
raceline_xy,20260415_212047_eb9da4db,189,6.0800000000000045,41.395860813535606,-7.983624006291495,10.357302050946036,-0.00494667536046256,10.357303232218706,0.4315543013424461,-0.2834960611239401,-0.00489932396173804,0.04519759270568241,0.22598796352841205,-0.017195200344422457,0.009634389522750197,95.22419496756117,0.9522419496756117,0.035037040142942365,10.5,0.4375,10.5,0.4375,20.91653005427767,0.8715220855949029,0.03715845804144724,10.0,0.007803696193889393,0.6903461829879397,0.8806048741890293,0.0,0.16537864351534265,0.0,1653.7864351534265,-0.002597565306358681,0.032
raceline_xy,20260415_212047_eb9da4db,190,6.1120000000000045,41.71429196823929,-8.076585995995174,10.366351053976437,-0.004544012763236349,10.366352049893461,0.43193133541222756,-0.2836053325296879,-0.0034257591797916117,0.040292961674775515,0.20146480837387756,-0.017458082373267292,0.008823503290698032,95.14674287814992,0.9514674287814993,0.03534910899893628,10.5,0.4375,10.5,0.4375,20.91653005427767,0.8715220855949029,0.036497409985052354,10.0,0.007803696193889393,0.6958549167912303,0.878668571953748,0.0,0.1658518745382463,0.0,1658.5187453824628,0.000485489309250629,0.032
raceline_xy,20260415_212047_eb9da4db,191,6.144000000000005,42.03297364285799,-8.16972430564029,10.375409667862392,-0.006463327078137127,10.375411681016292,0.4323088200423455,-0.2837190576370272,-0.0035645217992888107,0.03041848008985462,0.1520924004492731,-0.017711554249039363,0.008195198836149054,95.06913778918387,0.9506913778918387,0.03558313958900584,10.5,0.4375,10.5,0.4375,20.91653005427767,0.8715220855949029,0.03601318454671487,10.0,0.007803696193889393,0.6998901287773761,0.8767284447295968,0.0,0.16570492813139032,0.0,1657.049281313903,-0.001660421993420232,0.032
raceline_xy,20260415_212047_eb9da4db,192,6.176000000000005,42.3519427371656,-8.262904664974355,10.384400662024634,-0.004400313791388388,10.384401594324977,0.4326833997635407,-0.2837970839491444,-0.0024508519222345626,0.04813386619438738,0.24066933097193688,-0.017929067420312972,0.0076124775940189515,94.99138091207733,0.9499138091207733,0.035817199696357604,10.5,0.4375,10.5,0.4375,20.91653005427767,0.8715220855949029,0.03553878261102561,10.0,0.007803696193889393,0.7038434782414532,0.8747845228019333,0.0,0.16556253917683103,0.0,1655.6253917683102,-0.0022321347116892815,0.032
raceline_xy,20260415_212047_eb9da4db,193,6.208000000000005,42.6711712136834,-8.356214067858966,10.393311683949875,-0.005224197623161064,10.393312996921136,0.4330547082050473,-0.28387192071221623,-0.0023510522283468668,0.04859642955700427,0.24298214778502136,-0.01815961158211543,0.006880070893134693,94.91338914076653,0.9491338914076652,0.03612931945078952,10.5,0.4375,10.5,0.4375,20.91653005427767,0.8715220855949029,0.03492150939370697,10.0,0.007803696193889393,0.7089874217191086,0.8728347285191631,0.0,0.1659149681081974,0.0,1659.149681081974,0.0028330083996273986,0.032
raceline_xy,20260415_212047_eb9da4db,194,6.240000000000005,42.990659261478505,-8.449651257684335,10.402217657033562,-0.005833335502289483,10.402219292636735,0.43342580385986396,-0.2839634904849433,-0.002873356543362687,0.03852388791474598,0.1926194395737299,-0.018392787643928266,0.00630617426700697,94.83526119264675,0.9483526119264676,0.0363634342415841,10.5,0.4375,10.5,0.4375,20.91653005427767,0.8715220855949029,0.03446933514390871,10.0,0.007803696193889393,0.7127555404674274,0.8708815298161688,0.0,0.16568493894913944,0.0,1656.8493894913945,0.0006427414073828745,0.032
raceline_xy,20260415_212047_eb9da4db,195,6.272000000000005,43.31045669530159,-8.54303679892302,10.411046633120973,-0.001269523341457468,10.41104671052383,0.43379361293849295,-0.2839928565460692,-0.0009324186242059961,0.05285993826294415,0.2642996913147207,-0.018562026016952782,0.005802305241253691,94.75699748301979,0.9475699748301979,0.03659756637789643,10.5,0.4375,10.5,0.4375,20.91653005427767,0.8715220855949029,0.03402492399545043,10.0,0.007803696193889393,0.7164589667045798,0.8689249370754947,0.0,0.16546500824966992,0.0,1654.6500824966993,-0.0012201169634482147,0.032
raceline_xy,20260415_212047_eb9da4db,196,6.304000000000005,43.630523219284356,-8.636498942239779,10.41978959154428,-0.0012358341191549549,10.419789664832035,0.43415790270133475,-0.28399050285436767,5.856051776497641e-05,0.05451294915380092,0.2725647457690046,-0.0187144338695604,0.005181830953242983,94.6785166940812,0.9467851669408119,0.036909763216463304,10.5,0.4375,10.5,0.4375,20.91653005427767,0.8715220855949029,0.0334421238627467,10.0,0.007803696193889393,0.7213156344771109,0.8669629173520299,0.0,0.16572703908921782,0.0,1657.2703908921783,0.0028404937197911238,0.032
raceline_xy,20260415_212047_eb9da4db,197,6.336000000000005,43.95084172524216,-8.730094753190743,10.428519026982542,-0.002933492042658692,10.428519439571108,0.43452164331546284,-0.2840006494916443,-0.0003306231668101926,0.04526260098570669,0.22631300492853343,-0.018865876548566085,0.00471021004591643,94.59991064628008,0.9459991064628008,0.037143921589381075,10.5,0.4375,10.5,0.4375,20.91653005427767,0.8715220855949029,0.03301060056839411,10.0,0.007803696193889393,0.7249116619300491,0.864997766157002,0.0,0.1654518521896726,0.0,1654.5185218967258,0.00020241573568050616,0.032
raceline_xy,20260415_212047_eb9da4db,198,6.368000000000005,44.27145636836407,-8.823662812674348,10.43715961993999,0.00011459792982382311,10.437159620569123,0.4348816508570468,-0.28396448650837236,0.0011150872893372133,0.05842513867968814,0.2921256933984407,-0.018969688438189358,0.004288260203254346,94.52117697055364,0.9452117697055364,0.037378085097172886,10.5,0.4375,10.5,0.4375,20.91653005427767,0.8715220855949029,0.03258237827054167,10.0,0.007803696193889393,0.7284801810788194,0.863029424263841,0.0,0.16520428397052653,0.0,1652.0428397052654,-0.0010584229892643326,0.032
raceline_xy,20260415_212047_eb9da4db,199,6.400000000000005,44.5923293542392,-8.917322925360535,10.445715425916141,-0.0008455621026883797,10.445715460139516,0.4352381441724798,-0.2839203994588644,0.0013637224680429691,0.058122609872260846,0.2906130493613042,-0.019080226252169208,0.0037249221567456914,94.44223340598278,0.9444223340598278,0.037690188372046,10.5,0.4375,10.5,0.4375,20.91653005427767,0.8715220855949029,0.032014712824100844,10.0,0.007803696193889393,0.7332107264658263,0.8610558351495694,0.0,0.16544066730512685,0.0,1654.4066730512686,0.004062806991607748,0.032
raceline_xy,20260415_212047_eb9da4db,200,6.432000000000005,44.913453930254995,-9.01109666646084,10.454257488783888,-0.0022563754205404685,10.454257732284203,0.4355940721785085,-0.28390084250442005,0.0005990619614731037,0.05068168706656168,0.2534084353328084,-0.019202053645131834,0.0032910293135097746,94.36316849677073,0.9436316849677072,0.037924254841607365,10.5,0.4375,10.5,0.4375,20.91653005427767,0.8715220855949029,0.03159101206881498,10.0,0.007803696193889393,0.7367415660932085,0.8590792124192681,0.0,0.16516221490854327,0.0,1651.6221490854327,0.0015784964932578855,0.032
raceline_xy,20260415_212047_eb9da4db,201,6.464000000000005,45.23488325118452,-9.104791948232524,10.462712958254102,0.001983322375910035,10.46271314623439,0.43594638109309963,-0.2838261484552187,0.002320359744576855,0.06464817999395946,0.32324089996979727,-0.019266639214275294,0.002914089607371384,94.283979135125,0.94283979135125,0.03815832643841117,10.5,0.4375,10.5,0.4375,20.91653005427767,0.8715220855949029,0.031169066842737347,10.0,0.007803696193889393,0.7402577763105221,0.8570994783781248,0.0,0.1649150134724156,0.0,1649.150134724156,-0.00019555398374402483,0.032
raceline_xy,20260415_212047_eb9da4db,202,6.496000000000005,45.55657563311705,-9.198542736807198,10.471090655637747,0.0016140155918584753,10.471090780030057,0.436295449167919,-0.28373005962343,0.002989771630980972,0.059789539252071276,0.2989476962603564,-0.019323409137959935,0.002410925143836451,94.20458340745324,0.9420458340745325,0.03847043337445693,10.5,0.4375,10.5,0.4375,20.91653005427767,0.8715220855949029,0.03060930482529134,10.0,0.007803696193889393,0.7449224597892389,0.8551145851863311,0.0,0.16514594002062785,0.0,1651.4594002062786,0.004418075098719064,0.032
raceline_xy,20260415_212047_eb9da4db,203,6.528000000000005,45.87851653817926,-9.292398292242465,10.479463016057693,-0.0001481494708990283,10.479463017104896,0.4366442923793707,-0.28365436868276905,0.002354560033353499,0.05545046209310306,0.2772523104655153,-0.01938773764765589,0.0020396192554539283,94.12507000132086,0.9412507000132087,0.03870452480436901,10.5,0.4375,10.5,0.4375,20.91653005427767,0.8715220855949029,0.030191856902274772,10.0,0.007803696193889393,0.7484011924810435,0.8531267500330216,0.0,0.16486338616849144,0.0,1648.6338616849146,0.00157080751938154,0.032
raceline_xy,20260415_212047_eb9da4db,204,6.560000000000005,46.20075536627149,-9.386179009008126,10.487747052464112,0.0033908257287835752,10.487747600613242,0.43698948335888504,-0.2835292842604078,0.0038970287428231752,0.07143845602276208,0.3571922801138104,-0.019400651862613305,0.0017201311536791941,94.04543568551854,0.9404543568551854,0.03893862810547337,10.5,0.4375,10.5,0.4375,20.91653005427767,0.8715220855949029,0.029776772893486125,10.0,0.007803696193889393,0.7518602258876156,0.8511358921379635,0.0,0.164613192140839,0.0,1646.1319214083899,-2.8451024801229297e-05,0.032
raceline_xy,20260415_212047_eb9da4db,205,6.592000000000005,46.52325015608659,-9.480020717416648,10.495960104505269,0.002389064159940002,10.495960376401667,0.4373316823500695,-0.2833949942611711,0.0041861681759458105,0.06029666888479191,0.3014833444239595,-0.019417544425920585,0.0012661119459980164,93.9656004187026,0.9396560041870261,0.03925078780122361,10.5,0.4375,10.5,0.4375,20.91653005427767,0.8715220855949029,0.029227687750261744,10.0,0.007803696193889393,0.7564359354144855,0.8491400104675652,0.0,0.1648266212623496,0.0,1648.266212623496,0.005094351551256934,0.032
raceline_xy,20260415_212047_eb9da4db,206,6.624000000000005,46.84599092961315,-9.57395730616128,10.504169660787532,0.0005854552905861787,10.504169677102858,0.43767373654595243,-0.28328967611039424,0.0032833060061587256,0.060129935967552,0.30064967983776,-0.01945094179792317,0.0009340461168827474,93.88577792397767,0.9388577792397768,0.03948492666392754,10.5,0.4375,10.5,0.4375,20.91653005427767,0.8715220855949029,0.028819652224563175,10.0,0.007803696193889393,0.7598362314619735,0.8471444480994418,0.0,0.16368705130668065,0.0,1636.8705130668066,0.002402913223068571,0.032
raceline_xy,20260415_212047_eb9da4db,207,6.656000000000005,47.16902822092003,-9.667790461320537,10.51216387592341,0.004636271944601589,10.512164898311225,0.4380068707629677,-0.2831334104739711,0.00487427544993119,0.07533297515285467,0.3766648757642733,-0.019443629216617797,0.0005130209726873503,93.80573909915556,0.9380573909915556,0.0397971183502796,10.5,0.4375,10.5,0.4375,20.91653005427767,0.8715220855949029,0.02828139923072337,10.0,0.007803696193889393,0.7643216730773053,0.845143477478889,0.0,0.16403172853437806,0.0,1640.3172853437804,0.005430015666999943,0.032
raceline_xy,20260415_212047_eb9da4db,208,6.688000000000005,47.492323526003084,-9.761655745952542,10.520187116315034,0.004171056259329564,10.520187943187667,0.4383411642994861,-0.2829667164842746,0.0052015096640168415,0.06035510033869028,0.30177550169345135,-0.019412786777640356,0.0002516833743135827,93.7255800552847,0.937255800552847,0.040031139569868444,10.5,0.4375,10.5,0.4375,20.91653005427767,0.8715220855949029,0.027882575651078323,10.0,0.007803696193889393,0.7676452029076807,0.8431395013821174,0.0,0.16381337593760398,0.0,1638.1337593760397,0.0010170060242840036,0.032
raceline_xy,20260415_212047_eb9da4db,209,6.720000000000005,47.81590345656806,-9.855452400469456,10.528130777951414,0.006418602942443119,10.528132734540897,0.43867219727253737,-0.28274870435980093,0.006804773704361012,0.06578662569396959,0.32893312846984796,-0.019328753884774397,4.584208181146465e-05,93.64529818923504,0.9364529818923504,0.040265180893388666,10.5,0.4375,10.5,0.4375,20.91653005427767,0.8715220855949029,0.02748787003455977,10.0,0.007803696193889393,0.7709344163786686,0.8411324547308758,0.0,0.1636227850828123,0.0,1636.227850828123,-0.0007254651101739566,0.032
raceline_xy,20260415_212047_eb9da4db,210,6.752000000000005,48.13971689149798,-9.949351297112079,10.536030317152125,0.0032845379607060465,10.536030829118635,0.4390012845466098,-0.2825492263233187,0.006228329580139055,0.07063702786120209,0.3531851393060104,-0.01927631227000992,-0.00031332748291790224,93.56481863806249,0.9356481863806249,0.0405772659149491,10.5,0.4375,10.5,0.4375,20.91653005427767,0.8715220855949029,0.026967992629211235,10.0,0.007803696193889393,0.7752667280899064,0.8391204659515623,0.0,0.16385886569161234,0.0,1638.5886569161235,0.005493100675135514,0.032
raceline_xy,20260415_212047_eb9da4db,211,6.784000000000005,48.46376227985498,-10.043358214146304,10.543932770097825,0.0005862670717884377,10.543932786396729,0.4393305327665304,-0.2824091065627279,0.004376681848527248,0.06103031323592456,0.3051515661796228,-0.01927185412373511,-0.0005872751313762414,93.48422651196725,0.9348422651196725,0.04081135111005695,10.5,0.4375,10.5,0.4375,20.91653005427767,0.8715220855949029,0.026582933283179955,10.0,0.007803696193889393,0.7784755559735004,0.8371056627991813,0.0,0.16360952735591483,0.0,1636.0952735591484,0.0038505413159105883,0.032
raceline_xy,20260415_212047_eb9da4db,212,6.816000000000005,48.78810928433477,-10.137224735417352,10.551763453426616,0.005496827768951107,10.551764885183195,0.43965687021596644,-0.2822262351542566,0.005711356526936313,0.07274813671075661,0.36374068355378303,-0.01922164219771183,-0.0008142920328833014,93.40352080672933,0.9340352080672933,0.04104545380242364,10.5,0.4375,10.5,0.4375,20.91653005427767,0.8715220855949029,0.02620199371536458,10.0,0.007803696193889393,0.7816500523719618,0.8350880201682334,0.0,0.16337646767063338,0.0,1633.7646767063338,0.002211836931559342,0.032
raceline_xy,20260415_212047_eb9da4db,213,6.848000000000005,49.11272150415782,-10.23106934090847,10.559534360179589,0.006235646018320828,10.559536201325066,0.4399806750552111,-0.28201532512112326,0.006587938649291908,0.06587838335795869,0.3293919167897934,-0.01915399612628077,-0.0011436892780780639,93.32262753610574,0.9332262753610574,0.04135761658708712,10.5,0.4375,10.5,0.4375,20.91653005427767,0.8715220855949029,0.025700191387411753,10.0,0.007803696193889393,0.7858317384382354,0.8330656884026435,0.0,0.1635654098477779,0.0,1635.654098477779,0.0063090084732424865,0.032
raceline_xy,20260415_212047_eb9da4db,214,6.880000000000005,49.43758053188042,-10.32495695125839,10.567317639401741,0.004958923784454949,10.56731880293844,0.440304950122435,-0.2818135421803496,0.0063044388286420915,0.06370722369240932,0.31853611846204655,-0.01908356160334801,-0.0013426159763172407,93.24163062661827,0.9324163062661828,0.04159175705266341,10.5,0.4375,10.5,0.4375,20.91653005427767,0.8715220855949029,0.025328290420433497,10.0,0.007803696193889393,0.7889309131630542,0.8310407656654568,0.0,0.16327673225333678,0.0,1632.7673225333676,0.0025919907044372782,0.032
raceline_xy,20260415_212047_eb9da4db,215,6.912000000000005,49.76272764278751,-10.418734680057623,10.57501257186277,0.008071715377376165,10.575015652359326,0.44062565218163857,-0.28155924851551895,0.007944397856675096,0.07762569915155519,0.3881284957577759,-0.018969504066844944,-0.001616772523989063,93.16045208095132,0.9316045208095132,0.041903967345584735,10.5,0.4375,10.5,0.4375,20.91653005427767,0.8715220855949029,0.024838159472035493,10.0,0.007803696193889393,0.7930153377330376,0.8290113020237829,0.0,0.1634386456416488,0.0,1634.386456416488,0.005381628160461961,0.032
raceline_xy,20260415_212047_eb9da4db,216,6.944000000000005,50.08811788384519,-10.512560185645725,10.582727891638648,0.006137046769083554,10.582729671110835,0.4409470696296181,-0.28131247687754346,0.007711097828448748,0.06269517968838675,0.31347589844193374,-0.01885146034080387,-0.001762084707531919,93.07917588930853,0.9307917588930853,0.04213812291700161,10.5,0.4375,10.5,0.4375,20.91653005427767,0.8715220855949029,0.02447474532849947,10.0,0.007803696193889393,0.796043788929171,0.8269793972327133,0.0,0.1631225195070319,0.0,1631.2251950703192,0.0015954573748542121,0.032
raceline_xy,20260415_212047_eb9da4db,217,6.976000000000005,50.41378178666723,-10.606317867436065,10.590357765607779,0.007619616276752783,10.590360506711809,0.44126502111299204,-0.28103602065122635,0.0086385852483352,0.06957616323433351,0.3478808161716675,-0.018701917114541722,-0.0018740611089582693,92.997799363785,0.92997799363785,0.042372162306210874,10.5,0.4375,10.5,0.4375,20.91653005427767,0.8715220855949029,0.024114922457719068,10.0,0.007803696193889393,0.7990423128523411,0.8249449840946251,0.0,0.16283475972822525,0.0,1628.3475972822525,0.0005485777145080165,0.032
raceline_xy,20260415_212047_eb9da4db,218,7.008000000000005,50.73967743013379,-10.70014679604439,10.597934598680238,0.004851499431749229,10.597935709134605,0.4415806545472752,-0.28078714675131433,0.007778814480507447,0.06888900265343252,0.3444450132671626,-0.018591304794700392,-0.002137605925189856,92.91625247485334,0.9291625247485333,0.04268423559544532,10.5,0.4375,10.5,0.4375,20.91653005427767,0.8715220855949029,0.023640556983691496,10.0,0.007803696193889393,0.8029953584692375,0.8229063118713335,0.0,0.16294193276440166,0.0,1629.4193276440167,0.006788068446375633,0.032
raceline_xy,20260415_212047_eb9da4db,219,7.040000000000005,51.06580782006522,-10.794035793516032,10.605504108596584,0.0030087027240721653,10.605504535369882,0.4418960223070784,-0.2805917760615486,0.006109157280116707,0.06270288117960082,0.3135144058980041,-0.018523363377244806,-0.0023224303843378813,92.83461451373505,0.9283461451373505,0.042918306386147485,10.5,0.4375,10.5,0.4375,20.91653005427767,0.8715220855949029,0.023288832023500294,10.0,0.007803696193889393,0.8059263998041643,0.8208653628433762,0.0,0.16260475460928453,0.0,1626.0475460928453,0.004796058948256953,0.032
raceline_xy,20260415_212047_eb9da4db,220,7.072000000000005,51.39223783059831,-10.887749109098596,10.61298310369878,0.008260730561290952,10.612986318612927,0.4422077632755386,-0.280345266026639,0.007705329505740223,0.07915368224182501,0.39576841120912504,-0.018400762405267113,-0.0024525347342514436,92.75288364429696,0.9275288364429696,0.04315239094982992,10.5,0.4375,10.5,0.4375,20.91653005427767,0.8715220855949029,0.022940628514689365,10.0,0.007803696193889393,0.808828095710922,0.818822091107424,0.0,0.1622906041704726,0.0,1622.9060417047262,0.002649313077806333,0.032
raceline_xy,20260415_212047_eb9da4db,221,7.104000000000005,51.71892547932039,-10.981424925189271,10.620398543876213,0.008678995352912278,10.620402090115435,0.4425167537548098,-0.2800688630885997,0.008639386171642904,0.06254787493754542,0.31273937468772706,-0.018257454954092367,-0.002672680512882053,92.67099152903963,0.9267099152903963,0.04346452545037804,10.5,0.4375,10.5,0.4375,20.91653005427767,0.8715220855949029,0.022481868976798935,10.0,0.007803696193889393,0.8126510918600088,0.8167747882259906,0.0,0.16236160409748795,0.0,1623.6160409748795,0.0063388438425864314,0.032
raceline_xy,20260415_212047_eb9da4db,222,7.1360000000000054,52.04584825739833,-11.075141962290008,10.627818218005247,0.0067084616879964365,10.627820335253247,0.44282584730221863,-0.2798088230037381,0.008129469610951472,0.06804712566699239,0.34023562833496196,-0.01811984239918152,-0.0027808735615271196,92.58901654806992,0.9258901654806992,0.043698642879437644,10.5,0.4375,10.5,0.4375,20.91653005427767,0.8715220855949029,0.02214190809186256,10.0,0.007803696193889393,0.8154840992344786,0.814725413701748,0.0,0.16199369904442815,0.0,1619.9369904442815,0.0029537849285228056,0.032
raceline_xy,20260415_212047_eb9da4db,223,7.1680000000000055,52.37304606015873,-11.168750066367567,10.635141568895765,0.009174011954741434,10.635145525706266,0.4431310635710944,-0.27950983509237215,0.009345546534723434,0.06815446869169858,0.3407723434584929,-0.017951045356978224,-0.0029672325180376546,92.5068859919876,0.925068859919876,0.04401082187578242,10.5,0.4375,10.5,0.4375,20.91653005427767,0.8715220855949029,0.021694164717413145,10.0,0.007803696193889393,0.8192152940215571,0.81267214979969,0.0,0.16204220382374665,0.0,1620.4220382374665,0.005922279992746823,0.032
raceline_xy,20260415_212047_eb9da4db,224,7.2000000000000055,52.70047935991238,-11.26238751110403,10.642470703684952,0.007297558955821071,10.642473205658504,0.44343638356910436,-0.2792255539649342,0.008887155830499255,0.06158436360323434,0.3079218180161717,-0.017786401960060427,-0.003042698663568988,92.42467821177348,0.9242467821177348,0.04424497318033565,10.5,0.4375,10.5,0.4375,20.91653005427767,0.8715220855949029,0.02136255129542164,10.0,0.007803696193889393,0.8219787392048197,0.8106169552943371,0.0,0.1616522302519921,0.0,1616.5223025199211,0.0024676899028708062,0.032
raceline_xy,20260415_212047_eb9da4db,225,7.2320000000000055,53.028179658347256,-11.355933095933398,10.64970341614921,0.00903207976661502,10.649707246230061,0.44373780192625256,-0.27891338186174686,0.009758012258126492,0.07768987369487484,0.3884493684743742,-0.017601634245877573,-0.0032044009192557787,92.3423220474877,0.923423220474877,0.04455713544251155,10.5,0.4375,10.5,0.4375,20.91653005427767,0.8715220855949029,0.020926095956422586,10.0,0.007803696193889393,0.8256158670298118,0.8085580511871925,0.0,0.16166896018574253,0.0,1616.6896018574253,0.00576566377596015,0.032
raceline_xy,20260415_212047_eb9da4db,226,7.264000000000006,53.35610961856818,-11.449517064331905,10.656935603588481,0.006817168890000502,10.656937784036439,0.4440390743348516,-0.2786283404543024,0.008911545574443448,0.060408286256999975,0.3020414312849999,-0.017433886017758304,-0.003270363426199019,92.25989415275846,0.9225989415275846,0.044791178082286026,10.5,0.4375,10.5,0.4375,20.91653005427767,0.8715220855949029,0.020603086796606274,10.0,0.007803696193889393,0.828307610028281,0.8064973538189616,0.0,0.16125888724611223,0.0,1612.5888724611223,0.002853683160366741,0.032
raceline_xy,20260415_212047_eb9da4db,227,7.296000000000006,53.68430542056562,-11.543001297897412,10.664068771236426,0.008818481553631408,10.664072417387125,0.44433635072446354,-0.27832075737339057,0.009615159981942317,0.06829493241369568,0.3414746620684784,-0.017241334367914085,-0.0033100745342555804,92.17739209920353,0.9217739209920353,0.04502523537368187,10.5,0.4375,10.5,0.4375,20.91653005427767,0.8715220855949029,0.020283727846877486,10.0,0.007803696193889393,0.8309689346093543,0.8044348024800883,0.0,0.16087646407932274,0.0,1608.7646407932273,0.0018854636944544113,0.032
raceline_xy,20260415_212047_eb9da4db,228,7.328000000000006,54.01273046213288,-11.636505997425507,10.671135046943872,0.007079882810296034,10.67113739555697,0.44463072481487376,-0.2780310202167007,0.009058397706104173,0.06397160351935255,0.31985801759676274,-0.017075811912642624,-0.0034776285542776897,92.09475317043798,0.9209475317043798,0.04533733416879343,10.5,0.4375,10.5,0.4375,20.91653005427767,0.8715220855949029,0.01986359117751446,10.0,0.007803696193889393,0.8344700735207128,0.8023688292609495,0.0,0.16084469244830266,0.0,1608.4469244830266,0.007122846515232563,0.032
raceline_xy,20260415_212047_eb9da4db,229,7.360000000000006,54.34138283947992,-11.730035285353008,10.678179098661735,0.005630446110436171,10.678180583087165,0.4449241909619652,-0.27778187588585856,0.007791095970211627,0.060710655307941785,0.3035532765397089,-0.016940980917167003,-0.003567061405484573,92.01204951894763,0.9201204951894764,0.04557142478014846,10.5,0.4375,10.5,0.4375,20.91653005427767,0.8715220855949029,0.019552811207469656,10.0,0.007803696193889393,0.8370599066044195,0.8003012379736909,0.0,0.1604163869882074,0.0,1604.1638698820739,0.004798188473952927,0.032
raceline_xy,20260415_212047_eb9da4db,230,7.392000000000006,54.670314691402176,-11.82339335626659,10.68511408139056,0.010003125045417338,10.685118763721885,0.4452132818217452,-0.2774854170282204,0.009267641123986644,0.07094902645501901,0.354745132275095,-0.016764706017207587,-0.0037162549817559842,91.9292144332688,0.919292144332688,0.04588356718808388,10.5,0.4375,10.5,0.4375,20.91653005427767,0.8715220855949029,0.019144129729627757,10.0,0.007803696193889393,0.8404655855864354,0.7982303608317199,0.0,0.16036839722071894,0.0,1603.6839722071895,0.006892542793141559,0.032
raceline_xy,20260415_212047_eb9da4db,231,7.424000000000006,54.99948702637378,-11.916715314215855,10.69203612903613,0.00982100712702172,10.69204063950352,0.4455016933126467,-0.277174330323688,0.009724566793926056,0.05724306286806992,0.2862153143403496,-0.01656321119252402,-0.0037351018750753084,91.84632043772638,0.9184632043772638,0.04611768989597465,10.5,0.4375,10.5,0.4375,20.91653005427767,0.8715220855949029,0.018841855071747737,10.0,0.007803696193889393,0.8429845410687689,0.7961580109431594,0.0,0.1599205336240232,0.0,1599.205336240232,0.002402545139877725,0.032
raceline_xy,20260415_212047_eb9da4db,232,7.456000000000006,55.32891445464261,-12.00993703882865,10.698851057915627,0.011233291157697334,10.698856955128084,0.44578570646367016,-0.27682085175542603,0.011048131938057383,0.07137833678654366,0.3568916839327183,-0.016317092219084728,-0.003707873319178212,91.76336510831254,0.9176336510831254,0.04635182598217934,10.5,0.4375,10.5,0.4375,20.91653005427767,0.8715220855949029,0.018543204614256403,10.0,0.007803696193889393,0.8454732948811966,0.7940841277078136,0.0,0.1595010132100035,0.0,1595.010132100035,0.0006469132986857584,0.032
raceline_xy,20260415_212047_eb9da4db,233,7.488000000000006,55.65854762249898,-12.103225304925171,10.705606947820439,0.007526200773883218,10.705609593335604,0.44606706638898347,-0.27649728555868336,0.01011479637982213,0.057799137272530915,0.28899568636265455,-0.0161102120513954,-0.0038135878960727787,91.68029058344571,0.9168029058344571,0.04666402784751654,10.5,0.4375,10.5,0.4375,20.91653005427767,0.8715220855949029,0.018150631881099777,10.0,0.007803696193889393,0.8487447343241685,0.7920072645861428,0.0,0.15940230741870245,0.0,1594.0230741870246,0.006159977354790815,0.032
raceline_xy,20260415_212047_eb9da4db,234,7.520000000000006,55.988385505811564,-12.19657974043815,10.712327311226602,0.0045475803820487215,10.712328276492402,0.44634701152051676,-0.27624190071734134,0.007986004384101276,0.062250346301048205,0.311251731505241,-0.015962954061433887,-0.003875846219854484,91.59716396673477,0.9159716396673477,0.046898141653054885,10.5,0.4375,10.5,0.4375,20.91653005427767,0.8715220855949029,0.017860450521903992,10.0,0.007803696193889393,0.8511629123174668,0.7899290991683692,0.0,0.15893919274951382,0.0,1589.3919274951381,0.005156150074848382,0.032
raceline_xy,20260415_212047_eb9da4db,235,7.552000000000006,56.31849000952932,-12.289769283216804,10.718940792766471,0.008760296748421048,10.71894437254118,0.44662268218921586,-0.27596041054743203,0.00880008266154491,0.06139954017472681,0.30699770087363404,-0.015794989460535813,-0.004012112313422911,91.51392334011534,0.9151392334011534,0.04721021173596408,10.5,0.4375,10.5,0.4375,20.91653005427767,0.8715220855949029,0.017479217801844804,10.0,0.007803696193889393,0.8543398516512933,0.7878480835028835,0.0,0.15882730101466594,0.0,1588.2730101466593,0.007752256941074412,0.032
raceline_xy,20260415_212047_eb9da4db,236,7.584000000000006,56.64883496347512,-12.382882224576989,10.725521773578432,0.009889662578041136,10.725526333049158,0.44689693054371493,-0.27566007791109826,0.009388158008600253,0.05593977383125033,0.27969886915625164,-0.015597604562868739,-0.004020825104493753,91.43063598847897,0.9143063598847897,0.04744427881194155,10.5,0.4375,10.5,0.4375,20.91653005427767,0.8715220855949029,0.017197495952825825,10.0,0.007803696193889393,0.8566875337264515,0.7857658997119742,0.0,0.15834914912539283,0.0,1583.4914912539284,0.0031980730180025544,0.032
raceline_xy,20260415_212047_eb9da4db,237,7.616000000000006,56.979433509866375,-12.475857830459908,10.731984318711941,0.012330054849538197,10.731991401754458,0.44716630840643573,-0.2753016828499577,0.011200801729631437,0.06745103763926194,0.3372551881963097,-0.015347784023188815,-0.004068794224497019,91.34724081389193,0.9134724081389193,0.04775638729803263,10.5,0.4375,10.5,0.4375,20.91653005427767,0.8715220855949029,0.016827471209743372,10.0,0.007803696193889393,0.8597710732521385,0.7836810203472983,0.0,0.15821910223306526,0.0,1582.1910223306527,0.004530826090636637,0.032
raceline_xy,20260415_212047_eb9da4db,238,7.648000000000006,57.31023330192482,-12.568880484235253,10.738439754073006,0.00898614979686263,10.7384435139709,0.4474351464154542,-0.2749628451235724,0.010590696249810586,0.05257464868809124,0.26287324344045615,-0.015109169306901205,-0.004030393380561215,91.26380539963887,0.9126380539963886,0.047990482745228734,10.5,0.4375,10.5,0.4375,20.91653005427767,0.8715220855949029,0.016554220711952006,10.0,0.007803696193889393,0.8620481607337332,0.7815951349909718,0.0,0.15771826518218596,0.0,1577.1826518218595,0.0018236505018174756,0.032
raceline_xy,20260415_212047_eb9da4db,239,7.680000000000006,57.641256223566984,-12.661860295457405,10.744790572901602,0.008587562361568768,10.744794004621143,0.44769975019254765,-0.2746296308195957,0.01041495819972276,0.06934190666152497,0.34670953330762483,-0.014874918850850793,-0.003993955893517143,91.18032729749262,0.9118032729749262,0.04822459008574169,10.5,0.4375,10.5,0.4375,20.91653005427767,0.8715220855949029,0.01628457118810278,10.0,0.007803696193889393,0.8642952400991435,0.7795081824373156,0.0,0.15724530379005947,0.0,1572.4530379005946,0.0019575185574848253,0.032
raceline_xy,20260415_212047_eb9da4db,240,7.712000000000006,57.97247767004025,-12.754874577780129,10.751056337899609,0.006127277087353722,10.751058083938336,0.44796075349743064,-0.27434074101304695,0.009031000549717571,0.051875696008973064,0.2593784800448653,-0.014693063911331183,-0.004095069883224056,91.09675304109473,0.9109675304109472,0.048536751429420245,10.5,0.4375,10.5,0.4375,20.91653005427767,0.8715220855949029,0.01593064518221654,10.0,0.007803696193889393,0.8672446234815289,0.7774188260273682,0.0,0.15707068370068877,0.0,1570.7068370068878,0.007463109693735667,0.032
raceline_xy,20260415_212047_eb9da4db,241,7.744000000000006,58.30390870746143,-12.847878206447017,10.757272617043109,0.005590878686345224,10.757274069917061,0.44821975291321087,-0.274096136756496,0.007647795975541262,0.0607039162551356,0.30351958127567796,-0.01454657908033763,-0.004138690672018441,91.01314406872706,0.9101314406872706,0.048770885895036635,10.5,0.4375,10.5,0.4375,20.91653005427767,0.8715220855949029,0.015669409719062166,10.0,0.007803696193889393,0.8694215856744819,0.7753286017181764,0.0,0.15656605664795994,0.0,1565.6605664795993,0.005683959166301104,0.032
raceline_xy,20260415_212047_eb9da4db,242,7.776000000000006,58.63559922627761,-12.940679007795596,10.763366715786178,0.01068992922075429,10.763372024281262,0.44847383434505256,-0.2737990589332253,0.00928516849097631,0.05366632694767471,0.2683316347383735,-0.014351705287679817,-0.004220203644640819,90.92944415998457,0.9092944415998457,0.049083082817521405,10.5,0.4375,10.5,0.4375,20.91653005427767,0.8715220855949029,0.01532671368258276,10.0,0.007803696193889393,0.872277385978477,0.7732361039996143,0.0,0.1563811878728867,0.0,1563.8118787288672,0.006738690192873801,0.032
raceline_xy,20260415_212047_eb9da4db,243,7.808000000000006,58.9675107349577,-13.033409217147543,10.769423141658832,0.0111671687353474,10.769428931459382,0.44872620547747427,-0.2734727749336683,0.010197086624749416,0.05390029439712589,0.2695014719856294,-0.014117987585850145,-0.004173530416632598,90.84571500090827,0.9084571500090827,0.04931716547575746,10.5,0.4375,10.5,0.4375,20.91653005427767,0.8715220855949029,0.01507395509627285,10.0,0.007803696193889393,0.8743837075310595,0.7711428750227067,0.0,0.15586313874844654,0.0,1558.6313874844654,0.002140716721174392,0.032
raceline_xy,20260415_212047_eb9da4db,244,7.840000000000006,59.29964468037797,-13.126050277106597,10.7753685980809,0.011783907240720204,10.775375041499846,0.44897396006249357,-0.2731068481141561,0.011434931845780472,0.05736258434876593,0.2868129217438296,-0.013850346119420376,-0.004174680482192716,90.76190224180073,0.9076190224180073,0.04962925005221045,10.5,0.4375,10.5,0.4375,20.91653005427767,0.8715220855949029,0.014742589370762893,10.0,0.007803696193889393,0.8771450885769759,0.7690475560450182,0.0,0.1556534780639463,0.0,1556.534780639463,0.003826785311005066,0.032
raceline_xy,20260415_212047_eb9da4db,245,7.872000000000006,59.6319558843026,-13.21876074330758,10.781290715097887,0.007678021106331645,10.781293449093388,0.4492205603788912,-0.2727811524020556,0.01017927578934667,0.048863694125929016,0.24431847062964507,-0.013615752846033224,-0.0041200104835992235,90.67806616677477,0.9067806616677477,0.04986332587757789,10.5,0.4375,10.5,0.4375,20.91653005427767,0.8715220855949029,0.014498278273902265,10.0,0.007803696193889393,0.8791810143841478,0.7669516541693693,0.0,0.15511717901706612,0.0,1551.1717901706613,0.0022872018937120666,0.032
raceline_xy,20260415_212047_eb9da4db,246,7.904000000000006,59.96447315707547,-13.31142473275332,10.787103789361877,0.00748871515447469,10.787106388801403,0.4494627662000585,-0.27247310729264296,0.009627838583556899,0.061962872003313164,0.3098143600165658,-0.013405033745602424,-0.004167609853329424,90.5941538585058,0.9059415385850581,0.050175443050628474,10.5,0.4375,10.5,0.4375,20.91653005427767,0.8715220855949029,0.014178161902175912,10.0,0.007803696193889393,0.8818486508152007,0.7648538464626451,0.0,0.15488091246898447,0.0,1548.8091246898448,0.00608486806318633,0.032
raceline_xy,20260415_212047_eb9da4db,247,7.936000000000006,60.297183844326206,-13.404081295529261,10.792864684859593,0.006419649298945451,10.792866594079003,0.4497027747532918,-0.2722026352822402,0.008454422407428169,0.04541335932690455,0.22706679663452276,-0.01322369470022089,-0.004159557095409383,90.51022205446736,0.9051022205446736,0.050409542675923874,10.5,0.4375,10.5,0.4375,20.91653005427767,0.8715220855949029,0.013942320562044141,10.0,0.007803696193889393,0.8838139953162988,0.762755551361684,0.0,0.15434150444715422,0.0,1543.4150444715422,0.004353028577798442,0.032
raceline_xy,20260415_212047_eb9da4db,248,7.968000000000006,60.6301231028833,-13.496590184859384,10.798507174557319,0.009563674305796521,10.798511409580124,0.44993797539917185,-0.27190433103801137,0.009322740269451346,0.06658889367581529,0.33294446837907643,-0.01301167228435851,-0.0041200056033288135,90.42626934689108,0.9042626934689107,0.050643652103161386,10.5,0.4375,10.5,0.4375,20.91653005427767,0.8715220855949029,0.013710086881154826,10.0,0.007803696193889393,0.8857492759903765,0.7606567336722769,0.0,0.15382433524292627,0.0,1538.2433524292628,0.0029081694279572833,0.032
raceline_xy,20260415_212047_eb9da4db,249,8.000000000000005,60.963258933681686,-13.58905513060328,10.804058896490337,0.00923417189988296,10.804062842688518,0.4501692851120216,-0.27159869960828154,0.009551548734767854,0.043852225050798256,0.21926112525399127,-0.012798344119814953,-0.004153673918659173,90.34225050543628,0.9034225050543628,0.05095581283899181,10.5,0.4375,10.5,0.4375,20.91653005427767,0.8715220855949029,0.013406054354227148,10.0,0.007803696193889393,0.8882828803814404,0.758556262635907,0.0,0.15355962116551444,0.0,1535.5962116551443,0.005656606615239065,0.032
raceline_xy,20260415_212047_eb9da4db,250,8.032000000000005,61.29657698378022,-13.681521647316139,10.809560283122899,0.007654495775612169,10.809562993283937,0.4503984580534974,-0.2713156151959306,0.008847623580841584,0.05936802138378249,0.29684010691891244,-0.012599819289374814,-0.0041207859999006224,90.25821905438403,0.9025821905438403,0.05118994420357126,10.5,0.4375,10.5,0.4375,20.91653005427767,0.8715220855949029,0.013182239925247252,10.0,0.007803696193889393,0.8901480006229395,0.7564554763596008,0.0,0.15300988952833006,0.0,1530.0988952833006,0.0035558868418591534,0.032
raceline_xy,20260415_212047_eb9da4db,251,8.064000000000005,61.6301051747792,-13.77387537240556,10.814945742092897,0.009509718818719204,10.814949923100214,0.4506229134625089,-0.27101043547758774,0.009537118508433721,0.04379897674367666,0.21899488371838327,-0.012383966753024112,-0.004143496369551247,90.17412720373106,0.9017412720373106,0.05150213283989397,10.5,0.4375,10.5,0.4375,20.91653005427767,0.8715220855949029,0.01288943465784076,10.0,0.007803696193889393,0.8925880445179937,0.7543531800932766,0.0,0.1527318121154178,0.0,1527.318121154178,0.005374339869991635,0.032
raceline_xy,20260415_212047_eb9da4db,252,8.096000000000005,61.963815904155915,-13.86620965129542,10.820282144297899,0.008422882807721965,10.82028542262942,0.4508452259428925,-0.27071474756073854,0.009240848293054002,0.05303603302734132,0.26518016513670656,-0.012169722656488524,-0.004089402232303474,90.09002763105984,0.9009002763105984,0.051736198096511185,10.5,0.4375,10.5,0.4375,20.91653005427767,0.8715220855949029,0.012674085912650845,10.0,0.007803696193889393,0.8943826173945763,0.752250690776496,0.0,0.15217274510330042,0.0,1521.7274510330042,0.002821312712577677,0.032
raceline_xy,20260415_212047_eb9da4db,253,8.128000000000005,62.29772544947709,-13.95845214210319,10.825505299870013,0.009453282362823057,10.825509427369282,0.4510628928070534,-0.2704011369373056,0.009800261830335093,0.04490641770579195,0.22453208852895973,-0.01194251284347958,-0.004092215257536225,90.00587448648223,0.9000587448648223,0.052048298140697224,10.5,0.4375,10.5,0.4375,20.91653005427767,0.8715220855949029,0.012392564283903784,10.0,0.007803696193889393,0.8967286309674685,0.7501468621620557,0.0,0.15187435895829926,0.0,1518.7435895829926,0.004703960358454055,0.032
raceline_xy,20260415_212047_eb9da4db,254,8.160000000000005,62.63180537782951,-14.050699370994021,10.830678511642933,0.007584643026977034,10.830681167376953,0.45127838197403974,-0.27011046110491455,0.00908434519823327,0.047565976688565756,0.23782988344282877,-0.011730927471986341,-0.004034582629979688,89.92171840148907,0.8992171840148907,0.0522823826105166,10.5,0.4375,10.5,0.4375,20.91653005427767,0.8715220855949029,0.01218562913054999,10.0,0.007803696193889393,0.8984530905787501,0.7480429600372268,0.0,0.15130646293127603,0.0,1513.0646293127602,0.002823115681837095,0.032
raceline_xy,20260415_212047_eb9da4db,255,8.192000000000005,62.96607626770713,-14.142863514342375,10.835739849626016,0.00846300291853952,10.835743154541438,0.4514892981058933,-0.26981363883900444,0.009276004405607104,0.04677955222599718,0.2338977611299859,-0.011518153422749311,-0.004042769377114119,89.83751551139379,0.8983751551139378,0.05259450731934392,10.5,0.4375,10.5,0.4375,20.91653005427767,0.8715220855949029,0.011915339961767302,10.0,0.007803696193889393,0.9007055003186059,0.7459378877848447,0.0,0.1509880549600206,0.0,1509.880549600206,0.005028104664999567,0.032
raceline_xy,20260415_212047_eb9da4db,256,8.224000000000006,63.300516530291695,-14.235015735576654,10.840744349420172,0.007250537179706473,10.840746774082254,0.4516977822534272,-0.2695385300356108,0.008598085582204956,0.04282870515948738,0.2141435257974369,-0.011319697071041634,-0.003992130530384497,89.75331411925274,0.8975331411925274,0.05282860957102663,10.5,0.4375,10.5,0.4375,20.91653005427767,0.8715220855949029,0.011716841771698405,10.0,0.007803696193889393,0.9023596519025133,0.7438328529813184,0.0,0.15041382405158185,0.0,1504.1382405158186,0.0031692143158798475,0.032
raceline_xy,20260415_212047_eb9da4db,257,8.256000000000006,63.63514681566974,-14.327067549173321,10.845635596068513,0.008716013824239255,10.845639098347567,0.4519016290978153,-0.26924899076359576,0.00904835235986557,0.04914244140719808,0.2457122070359904,-0.011111360777513735,-0.003996188258427402,89.66907240260821,0.8966907240260821,0.05314075703078292,10.5,0.4375,10.5,0.4375,20.91653005427767,0.8715220855949029,0.01145778260828978,10.0,0.007803696193889393,0.9045184782642518,0.7417268100652052,0.0,0.15007786943071547,0.0,1500.7786943071546,0.004881515043504645,0.032
raceline_xy,20260415_212047_eb9da4db,258,8.288000000000006,63.96994288256365,-14.419099768164813,10.850469267263765,0.007685576537338257,10.850471989177345,0.45210299954905603,-0.2689726151349219,0.008637451181332632,0.038864149741641,0.19432074870820498,-0.010908842231319493,-0.003935737416838947,89.58483677504594,0.8958483677504594,0.05337487562516659,10.5,0.4375,10.5,0.4375,20.91653005427767,0.8715220855949029,0.011267692800265294,10.0,0.007803696193889393,0.9061025599977892,0.7396209193761486,0.0,0.14949649560784234,0.0,1494.9649560784235,0.0027955994828862403,0.032
raceline_xy,20260415_212047_eb9da4db,259,8.320000000000006,64.30491989888317,-14.511043801771244,10.855191271897523,0.00869547883833599,10.855194754624737,0.4522997814426974,-0.2686824789837212,0.009066931528054075,0.051755628466644533,0.25877814233322266,-0.010697186092728295,-0.003927802569408723,89.50056737986797,0.8950056737986798,0.05368704391189626,10.5,0.4375,10.5,0.4375,20.91653005427767,0.8715220855949029,0.01101984742547657,10.0,0.007803696193889393,0.9081679381210286,0.7375141844966994,0.0,0.1491424745231077,0.0,1491.424745231077,0.004429321720991623,0.032
raceline_xy,20260415_212047_eb9da4db,260,8.352000000000006,64.64005339333877,-14.60298138138897,10.859854594382659,0.007240932719386528,10.859857008369898,0.45249404201541243,-0.26841110443368477,0.008481314795182092,0.035625621177895764,0.1781281058894788,-0.010497319954760442,-0.0038637964445000783,89.41630861390367,0.8941630861390366,0.053921159571165694,10.5,0.4375,10.5,0.4375,20.91653005427767,0.8715220855949029,0.010838177605646315,10.0,0.007803696193889393,0.9096818532862807,0.7354077153475916,0.0,0.14855419069189235,0.0,1485.5419069189236,0.002697500949857063,0.032
raceline_xy,20260415_212047_eb9da4db,261,8.384000000000006,64.97535984323918,-14.694839197087413,10.864407542462692,0.008053576865937107,10.864410527443289,0.4526837719768037,-0.26813275575836126,0.00869889690048438,0.05429915498271578,0.2714957749135789,-0.010295121479519942,-0.0038562154866590426,89.33202261965465,0.8933202261965465,0.054233266824947696,10.5,0.4375,10.5,0.4375,20.91653005427767,0.8715220855949029,0.010601583623092381,10.0,0.007803696193889393,0.9116534698075635,0.7333005654913662,0.0,0.14818216486975466,0.0,1481.8216486975466,0.004473004975853835,0.032
raceline_xy,20260415_212047_eb9da4db,262,8.416000000000006,65.31081885690776,-14.7866837950065,10.868897523271825,0.006895254867266054,10.868899710454784,0.45287082126894934,-0.26787332652538254,0.00810828632191787,0.03305418356973544,0.1652709178486772,-0.010104920886754076,-0.0037955897525865367,89.2477515757087,0.892477515757087,0.05446735376142181,10.5,0.4375,10.5,0.4375,20.91653005427767,0.8715220855949029,0.010428342170785587,10.0,0.007803696193889393,0.9130971485767868,0.7311937893927176,0.0,0.147588466731085,0.0,1475.88466731085,0.0028391477723933123,0.032
raceline_xy,20260415_212047_eb9da4db,263,8.448000000000006,65.64644698430865,-14.878441431063314,10.873277110374906,0.007983680927978742,10.873280041375004,0.45305333505729184,-0.2676037664315132,0.008424400571885865,0.056696874397194966,0.2834843719859748,-0.009909008132775732,-0.0037854064591402725,89.16345963988071,0.8916345963988072,0.054779477776833306,10.5,0.4375,10.5,0.4375,20.91653005427767,0.8715220855949029,0.010202957165709403,10.0,0.007803696193889393,0.9149753569524216,0.7290864909970178,0.0,0.1471999756406717,0.0,1471.9997564067169,0.004342804020226765,0.032
raceline_xy,20260415_212047_eb9da4db,264,8.480000000000006,65.98222335027693,-14.970180359977794,10.877592245164355,0.0069935317263798424,10.877594493340231,0.4532331038891763,-0.26734829999045706,0.007984482151610144,0.031044446191576595,0.15522223095788296,-0.009720331563618512,-0.0037201917097360315,89.07918700012543,0.8907918700012543,0.055013576479893564,10.5,0.4375,10.5,0.4375,20.91653005427767,0.8715220855949029,0.010038131519731763,10.0,0.007803696193889393,0.9163489040022353,0.7269796750031358,0.0,0.14660074863314335,0.0,1466.0074863314335,0.0026246065357637335,0.032
raceline_xy,20260415_212047_eb9da4db,265,8.512000000000006,66.31816122720808,-15.06183882200551,10.881798339063801,0.00786268672577517,10.881801179671234,0.4534083824863014,-0.26708276923472996,0.008298579898324963,0.05794404046576379,0.28972020232881895,-0.00951997613180433,-0.0036412513180796857,88.99493309892848,0.8899493309892849,0.05524767973196908,10.5,0.4375,10.5,0.4375,20.91653005427767,0.8715220855949029,0.00987690880744152,10.0,0.007803696193889393,0.917692426604654,0.7248733274732121,0.0,0.1460171624676916,0.0,1460.171624676916,0.0019423076233590108,0.032
raceline_xy,20260415_212047_eb9da4db,266,8.544000000000006,66.65423839896727,-15.153486619465124,10.88591101319636,0.0065980680239867695,10.885913012776257,0.4535797088656774,-0.2668315363046414,0.007852351217501682,0.029489672974189647,0.14744836487094823,-0.0093394076502058,-0.0036331091897778833,88.91066778085192,0.8891066778085193,0.055559823964193025,10.5,0.4375,10.5,0.4375,20.91653005427767,0.8715220855949029,0.009667550659372637,10.0,0.007803696193889393,0.9194370778385613,0.722766694521298,0.0,0.14560438525371017,0.0,1456.0438525371017,0.004422098821307708,0.032
raceline_xy,20260415_212047_eb9da4db,267,8.576000000000006,66.99045142329017,-15.245127682295522,10.889952169923559,0.005490551825934276,10.889953554050733,0.4537480647521139,-0.26660840074100634,0.0069750890448262316,0.05437212314845016,0.2718606157422508,-0.009180481660220785,-0.0035880176010252285,88.8264274391144,0.888264274391144,0.05579393667465721,10.5,0.4375,10.5,0.4375,20.91653005427767,0.8715220855949029,0.009514738071875417,10.0,0.007803696193889393,0.9207105160677048,0.7206606859778599,0.0,0.14500254466615323,0.0,1450.0254466615322,0.0034237198161459845,0.032
raceline_xy,20260415_212047_eb9da4db,268,8.608000000000006,67.3268239307029,-15.336662082930387,10.893883850437177,0.0074196385334519555,10.89388637713153,0.4539119323804804,-0.26636979021322915,0.007457883906245198,0.02822805717031258,0.1411402858515629,-0.009009946120048795,-0.0035810974310224175,88.74218115110696,0.8874218115110696,0.056106092436748044,10.5,0.4375,10.5,0.4375,20.91653005427767,0.8715220855949029,0.009316598947106236,10.0,0.007803696193889393,0.9223616754407814,0.718554528777674,0.0,0.14457899540498842,0.0,1445.7899540498843,0.004366907310820298,0.032
raceline_xy,20260415_212047_eb9da4db,269,8.640000000000006,67.66333700913488,-15.428150498183783,10.897745585552716,0.007330165185161164,10.897748050801843,0.45407283545007676,-0.2661282568598624,0.007549202571872801,0.051284956413815176,0.2564247820690759,-0.0088295428805365,-0.0035090473321290894,88.65796406130211,0.8865796406130211,0.05634019531128543,10.5,0.4375,10.5,0.4375,20.91653005427767,0.8715220855949029,0.009172210994883745,10.0,0.007803696193889393,0.9235649083759688,0.7164491015325527,0.0,0.1439724764094499,0.0,1439.724764094499,0.002204140463744262,0.032
raceline_xy,20260415_212047_eb9da4db,270,8.672000000000006,67.99999477694422,-15.519564803936218,10.901501286860778,0.007935397375073094,10.901504175019092,0.4542293406257955,-0.2658697312067191,0.008079742248227864,0.02728192673996306,0.1364096336998153,-0.008636446864331404,-0.0034707893960042036,88.57374721151423,0.8857374721151423,0.05665232027658353,10.5,0.4375,10.5,0.4375,20.91653005427767,0.8715220855949029,0.008985312913012411,10.0,0.007803696193889393,0.9251223923915632,0.7143436802878558,0.0,0.14353339830408515,0.0,1435.3339830408515,0.0030433563109156362,0.032
raceline_xy,20260415_212047_eb9da4db,271,8.704000000000006,68.33677308252418,-15.61098555896417,10.905190475569363,0.0061186389841512145,10.905192192079504,0.45438300800331266,-0.2656302101686423,0.007486663067672284,0.04866627338138107,0.24333136690690532,-0.00845637416994105,-0.0033921922873560995,88.48956390380549,0.8848956390380549,0.05688641686511519,10.5,0.4375,10.5,0.4375,20.91653005427767,0.8715220855949029,0.008849348176453553,10.0,0.007803696193889393,0.9262554318628871,0.7122390975951373,0.0,0.1429208417220326,0.0,1429.208417220326,0.0019415761443779434,0.032
raceline_xy,20260415_212047_eb9da4db,272,8.736000000000006,68.67368301169904,-15.702359362598564,10.908775986299387,0.006074682782611696,10.90877767767925,0.4545324032366354,-0.26539741374661796,0.00727661839156931,0.026392384189386962,0.1319619209469348,-0.008287678828142742,-0.0033682601421274327,88.40538703198389,0.884053870319839,0.05719854885952532,10.5,0.4375,10.5,0.4375,20.91653005427767,0.8715220855949029,0.00867367224110982,10.0,0.007803696193889393,0.9277193979907515,0.7101346757995973,0.0,0.14246549946467157,0.0,1424.6549946467157,0.0036098056747278376,0.032
raceline_xy,20260415_212047_eb9da4db,273,8.768000000000006,69.01071315291405,-15.79371911222735,10.912287225856144,0.00518402332709389,10.912288457224774,0.4546786857176989,-0.26518665990037515,0.006588396826062306,0.04640448360473209,0.23202241802366042,-0.008134841135432502,-0.003309880503371332,88.32124744220951,0.8832124744220952,0.057432649846236486,10.5,0.4375,10.5,0.4375,20.91653005427767,0.8715220855949029,0.008546121545759178,10.0,0.007803696193889393,0.9287823204520068,0.7080311860552377,0.0,0.14185083891186745,0.0,1418.5083891186744,0.0026759558083405605,0.032
raceline_xy,20260415_212047_eb9da4db,274,8.800000000000006,69.34787834889964,-15.884997231336115,10.915693225559702,0.0063726622158726265,10.915695085763145,0.4548206285734644,-0.26496869105702636,0.006813381553956007,0.02553440270436521,0.12767201352182603,-0.007978813688807485,-0.003289381556204507,88.2371200782578,0.882371200782578,0.0577447865380988,10.5,0.4375,10.5,0.4375,20.91653005427767,0.8715220855949029,0.008381659050145096,10.0,0.007803696193889393,0.9301528412487908,0.7059280019564451,0.0,0.14138235740036628,0.0,1413.8235740036628,0.0036057178293144106,0.032
raceline_xy,20260415_212047_eb9da4db,275,8.832000000000006,69.68516308246431,-15.976241666379416,10.919024280244834,0.0060410054574453476,10.919025951353131,0.4549594146397138,-0.264755685754376,0.006658426167952088,0.044553918005180826,0.22276959002590413,-0.007821369653688848,-0.003220209571413779,88.15303390394753,0.8815303390394753,0.05797889017153693,10.5,0.4375,10.5,0.4375,20.91653005427767,0.8715220855949029,0.008262513312423003,10.0,0.007803696193889393,0.931145722396475,0.7038258475986883,0.0,0.14076464425024807,0.0,1407.6464425024806,0.002090442198711971,0.032
raceline_xy,20260415_212047_eb9da4db,276,8.864000000000006,70.02257274171222,-16.06741979876726,10.922251754743531,0.006625379724400471,10.922253764203367,0.45509390684180695,-0.26453256841459627,0.006974046324339661,0.024698579548036375,0.12349289774018186,-0.007658014756548592,-0.003183181709589089,88.06896578464647,0.8806896578464647,0.058291029222069336,10.5,0.4375,10.5,0.4375,20.91653005427767,0.8715220855949029,0.008109250112053878,10.0,0.007803696193889393,0.9324229157328844,0.7017241446161616,0.0,0.14028262306242067,0.0,1402.8262306242068,0.002829336655113324,0.032
raceline_xy,20260415_212047_eb9da4db,277,8.896000000000006,70.36008890226852,-16.158590518028483,10.925404955636505,0.005434322142009229,10.925406307158735,0.4552252627982806,-0.26432343789998836,0.0065374942648481855,0.0430917320267233,0.21545866013361648,-0.007502796914339527,-0.003109354676700704,87.98494276828836,0.8798494276828837,0.0585251337455807,10.5,0.4375,10.5,0.4375,20.91653005427767,0.8715220855949029,0.007998498433296142,10.0,0.007803696193889393,0.9333458463891988,0.699623569207209,0.0,0.13966152357265346,0.0,1396.6152357265346,0.0018250208697454975,0.032
raceline_xy,20260415_212047_eb9da4db,278,8.928000000000006,70.69771915266134,-16.249713295855024,10.9284564132407,0.0055524504666277785,10.928457823764886,0.4553524093235369,-0.2641166869966547,0.006463081716683059,0.023757909551974387,0.11878954775987192,-0.007354389021185348,-0.003077327518973494,87.90094360578257,0.8790094360578258,0.05883727510353138,10.5,0.4375,10.5,0.4375,20.91653005427767,0.8715220855949029,0.00785641987201613,10.0,0.007803696193889393,0.9345298343998656,0.6975235901445643,0.0,0.13916576085653018,0.0,1391.6576085653019,0.0029601706068523026,0.032
raceline_xy,20260415_212047_eb9da4db,279,8.960000000000006,71.03545183653554,-16.34082163546178,10.931429770371883,0.004746159779045911,10.931430800705154,0.4554762833627148,-0.2639266392311468,0.005941573991633424,0.04198548065049968,0.2099274032524984,-0.007216829666903735,-0.0030140623780843256,87.81699316916958,0.8781699316916958,0.05907138066299945,10.5,0.4375,10.5,0.4375,20.91653005427767,0.8715220855949029,0.007754053258718141,10.0,0.007803696193889393,0.9353828895106822,0.6954248292292394,0.0,0.13854303257263614,0.0,1385.4303257263614,0.0021476530079452133,0.032
raceline_xy,20260415_212047_eb9da4db,280,8.992000000000006,71.37329667614364,-16.431867014091484,10.934301254685328,0.005447313468247561,10.934302611572317,0.4555959421488465,-0.2637334331770438,0.006039947686025842,0.022689960059720723,0.11344980029860362,-0.007080243957224397,-0.0029842203445973325,87.73307214293055,0.8773307214293056,0.05938351995742552,10.5,0.4375,10.5,0.4375,20.91653005427767,0.8715220855949029,0.0076231534728101735,10.0,0.007803696193889393,0.9364737210599152,0.6933268035732638,0.0,0.13803517208039953,0.0,1380.3517208039952,0.0029310765951463514,0.032
raceline_xy,20260415_212047_eb9da4db,281,9.024000000000006,71.71124108336971,-16.522886255375457,10.937093350473278,0.005017905168501535,10.937094501573034,0.4557122708988764,-0.26354791019981505,0.005800041246024274,0.04126545585731571,0.20632727928657854,-0.006945403263066474,-0.002916965368887414,87.64920345735908,0.8764920345735908,0.05961762292796776,10.5,0.4375,10.5,0.4375,20.91653005427767,0.8715220855949029,0.007529165935713955,10.0,0.007803696193889393,0.937256950535717,0.691230086433977,0.0,0.13741084149113494,0.0,1374.1084149113494,0.0018612124061873868,0.032
raceline_xy,20260415_212047_eb9da4db,282,9.056000000000006,72.04928984140146,-16.613849188742545,10.939784568724075,0.005476348746990656,10.939785939427198,0.4558244141427999,-0.26335687099047034,0.005972111239632338,0.021498721009673597,0.10749360504836798,-0.006809230303959524,-0.002877932188044774,87.56536967508009,0.875653696750801,0.05992975761718514,10.5,0.4375,10.5,0.4375,20.91653005427767,0.8715220855949029,0.007409443568764829,10.0,0.007803696193889393,0.9382546369269598,0.6891342418770023,0.0,0.13689116243741542,0.0,1368.9116243741541,0.00248100797807076,0.032
raceline_xy,20260415_212047_eb9da4db,283,9.088000000000006,72.38742888752185,-16.70479811619704,10.94239586860401,0.004661563088137921,10.942396861538723,0.45593320256411346,-0.2631766652768728,0.005633905378310447,0.04092549930340188,0.20462749651700937,-0.0066782438316290715,-0.0028074481476494384,87.48159182187715,0.8748159182187715,0.060163856267837594,10.5,0.4375,10.5,0.4375,20.91653005427767,0.8715220855949029,0.007323866848856664,10.0,0.007803696193889393,0.9389677762595278,0.6870397955469286,0.0,0.1362652360648775,0.0,1362.652360648775,0.0016627128623748167,0.032
raceline_xy,20260415_212047_eb9da4db,284,9.120000000000006,72.72566329374459,-16.795701929208835,10.94490754468151,0.004832830574647229,10.944908611673172,0.45603785881971554,-0.26299710582071256,0.005613574141648274,0.020137397565646482,0.1006869878282324,-0.006552215993680388,-0.0027684516362032063,87.39785434871584,0.8739785434871584,0.06047598404113569,10.5,0.4375,10.5,0.4375,20.91653005427767,0.8715220855949029,0.007215406783124045,10.0,0.007803696193889393,0.9398716101406329,0.684946358717896,0.0,0.13573363481596012,0.0,1357.3363481596011,0.0024580298298484747,0.032
raceline_xy,20260415_212047_eb9da4db,285,9.152000000000006,73.06398254285781,-16.886589576160613,10.947337233784113,0.004179621559341928,10.947338031660134,0.4561390846525056,-0.2628299134022143,0.005227415862173057,0.04095133043806587,0.20475665219032935,-0.006432967730003458,-0.002702366856504046,87.31417627885712,0.8731417627885711,0.06071007663686276,10.5,0.4375,10.5,0.4375,20.91653005427767,0.8715220855949029,0.007138308541868366,10.0,0.007803696193889393,0.9405140954844303,0.682854406971428,0.0,0.13510673774177748,0.0,1351.0673774177749,0.0017860591230687071,0.032
raceline_xy,20260415_212047_eb9da4db,286,9.184000000000006,73.40239275370196,-16.977426071378165,10.949667793909182,0.0046141756822035696,10.949668766112937,0.45623619858803904,-0.2626611795728566,0.005275322614902884,0.01861874619633718,0.0930937309816859,-0.006316348126277127,-0.0026626722863944963,87.23054395505791,0.8723054395505792,0.06102221309044945,10.5,0.4375,10.5,0.4375,20.91653005427767,0.8715220855949029,0.0070411914382821905,10.0,0.007803696193889393,0.9413234046809817,0.6807635988764478,0.0,0.1345638683024194,0.0,1345.638683024194,0.0024068621109277675,0.032
raceline_xy,20260415_212047_eb9da4db,287,9.216000000000006,73.74088352102389,-17.06823982820959,10.951915158923663,0.004189337250458447,10.951915960178317,0.4563298316740965,-0.26250004923507575,0.005037864161212492,0.04128324902225041,0.20641624511125203,-0.006201730129194782,-0.0025939856489962665,87.14697447154495,0.8714697447154495,0.06125633388376653,10.5,0.4375,10.5,0.4375,20.91653005427767,0.8715220855949029,0.006972621598008377,10.0,0.007803696193889393,0.9418948200165969,0.6786743617886237,0.0,0.1339361507520598,0.0,1339.361507520598,0.001627431926043723,0.032
raceline_xy,20260415_212047_eb9da4db,288,9.248000000000006,74.07945837960133,-17.159005522751702,10.954064132983339,0.004523459846907052,10.954065066960348,0.4564193777900145,-0.2623358827652189,0.005132470914533341,0.017002278722909294,0.08501139361454646,-0.00608825307467864,-0.0025472891693856248,87.06345601729919,0.8706345601729919,0.06156848857169975,10.5,0.4375,10.5,0.4375,20.91653005427767,0.8715220855949029,0.0068868931145269485,10.0,0.007803696193889393,0.9426092240456088,0.6765864004324798,0.0,0.13338240277280092,0.0,1333.8240277280092,0.0021302036483927117,0.032
raceline_xy,20260415_212047_eb9da4db,289,9.280000000000006,74.41810625725564,-17.249753977992388,10.956128941848418,0.003930823594049393,10.956129646995906,0.45650540195816275,-0.2621802894442249,0.004864768281452766,0.04193871177534212,0.2096935588767106,-0.005977921326950408,-0.0024754574235945626,86.98000376653411,0.8698000376653411,0.06180259924597219,10.5,0.4375,10.5,0.4375,20.91653005427767,0.8715220855949029,0.0068268699635885,10.0,0.007803696193889393,0.9431094169700959,0.6745000941633528,0.0,0.1327541931558566,0.0,1327.541931558566,0.0014810950693937047,0.032
raceline_xy,20260415_212047_eb9da4db,290,9.312000000000006,74.75683041148704,-17.340460988550213,10.958096213268782,0.004095644116427266,10.95809697865265,0.4565873741105271,-0.26202479928116285,0.004861370572689657,0.01523388434384635,0.07616942171923174,-0.0058719366754758084,-0.0024258830041126167,86.89660771755854,0.8689660771755854,0.0621147388612143,10.5,0.4375,10.5,0.4375,20.91653005427767,0.8715220855949029,0.006752515264673686,10.0,0.007803696193889393,0.9437290394610526,0.6724151929389635,0.0,0.13219005116433813,0.0,1321.9005116433814,0.0020547633835504716,0.032
raceline_xy,20260415_212047_eb9da4db,291,9.344000000000007,75.09562167031075,-17.43115016790432,10.959977952708867,0.003575945313577744,10.959978536076123,0.4566657723365051,-0.26187871237042204,0.004567717114185442,0.04293800891387093,0.21469004456935464,-0.005770001098911237,-0.002354938492659109,86.8132810881219,0.868132810881219,0.06234883704474391,10.5,0.4375,10.5,0.4375,20.91653005427767,0.8715220855949029,0.006700975966331235,10.0,0.007803696193889393,0.9441585336139063,0.6703320272030474,0.0,0.1315620962674768,0.0,1315.6209626747682,0.0015094630406631963,0.032
raceline_xy,20260415_212047_eb9da4db,292,9.376000000000007,75.43448373659537,-17.521795719836447,10.961762960144986,0.0038571200992545407,10.961763638748193,0.45674015161450804,-0.2617319690123745,0.004588004624154697,0.013339349731948278,0.06669674865974139,-0.005671582666782804,-0.002302729997294417,86.73001561044805,0.8673001561044805,0.06266095842297878,10.5,0.4375,10.5,0.4375,20.91653005427767,0.8715220855949029,0.006637821644086994,10.0,0.007803696193889393,0.9446848196326084,0.6682503902612013,0.0,0.13098868968111205,0.0,1309.8868968111206,0.0019908442107036107,0.032
raceline_xy,20260415_212047_eb9da4db,293,9.408000000000007,75.7734078397602,-17.61241968540518,10.963461633495246,0.0034764812813667945,10.963462184686202,0.4568109243619251,-0.2615920612996301,0.004374498188513807,0.044270236786736625,0.2213511839336831,-0.00557466585642441,-0.002229532025236125,86.64682259015724,0.8664682259015725,0.06289504174105834,10.5,0.4375,10.5,0.4375,20.91653005427767,0.8715220855949029,0.006594579578688364,10.0,0.007803696193889393,0.9450451701775969,0.6661705647539311,0.0,0.1303618355815597,0.0,1303.618355815597,0.0014085705178634536,0.032
raceline_xy,20260415_212047_eb9da4db,294,9.440000000000007,76.11239628478846,-17.703001577109248,10.965064513293992,0.003715602905869364,10.96506514282538,0.4568777142843908,-0.2614506160222021,0.004422312732997775,0.01137808602363316,0.0568904301181658,-0.005480377352431454,-0.002171517372220766,86.5636954013505,0.865636954013505,0.06320714171415039,10.5,0.4375,10.5,0.4375,20.91653005427767,0.8715220855949029,0.006542348912399021,10.0,0.007803696193889393,0.9454804257300081,0.6640923850337626,0.0,0.12978049586939386,0.0,1297.8049586939387,0.0018084299335954465,0.032
raceline_xy,20260415_212047_eb9da4db,295,9.472000000000007,76.4514400767755,-17.793564218985555,10.966580374359197,0.0032688297151617363,10.966580861532368,0.4569408692305153,-0.2613161205160064,0.004205260218250564,0.04584873695724455,0.22924368478622273,-0.005387818652257792,-0.0020955114643745887,86.48064350100702,0.8648064350100703,0.06344126236076882,10.5,0.4375,10.5,0.4375,20.91653005427767,0.8715220855949029,0.006507191643917221,10.0,0.007803696193889393,0.9457734029673565,0.6620160875251756,0.0,0.12915574593819742,0.0,1291.5574593819742,0.0013001603762312144,0.032
raceline_xy,20260415_212047_eb9da4db,296,9.504000000000007,76.79054113147397,-17.88408867846529,10.968001374870106,0.0034095069520034826,10.968001904808832,0.45700007936703463,-0.26118169991519613,0.004202744170108653,0.009522954260840382,0.04761477130420191,-0.005299533101942533,-0.00203364700601405,86.39766187205323,0.8639766187205323,0.0637534309549444,10.5,0.4375,10.5,0.4375,20.91653005427767,0.8715220855949029,0.006465655153684136,10.0,0.007803696193889393,0.9461195403859656,0.6599415468013309,0.0,0.12856762924467488,0.0,1285.676292446749,0.0017233871532615756,0.032
raceline_xy,20260415_212047_eb9da4db,297,9.536000000000007,77.12969153618653,-17.97459366880617,10.969334625110069,0.003001293085775014,10.969335035698327,0.4570556264874303,-0.2610545985031081,0.003974146396300924,0.0475803705395704,0.237901852697852,-0.00521341730165048,-0.001956887753330694,86.31475823577365,0.8631475823577365,0.0639875485264713,10.5,0.4375,10.5,0.4375,20.91653005427767,0.8715220855949029,0.006438510186417723,10.0,0.007803696193889393,0.946345748446519,0.6578689558943414,0.0,0.12794555534473087,0.0,1279.4555534473088,0.0012868186693768676,0.032
raceline_xy,20260415_212047_eb9da4db,298,9.568000000000007,77.46889335109893,-18.06505983367566,10.970574104446273,0.0031920832788143727,10.97057456884291,0.4571072737017879,-0.26092734427348274,0.003978731414603763,0.00783129439261248,0.0391564719630624,-0.005131309528504602,-0.0018913317087378978,86.2319292028802,0.862319292028802,0.06429969361916581,10.5,0.4375,10.5,0.4375,20.91653005427767,0.8715220855949029,0.0064076515641842136,10.0,0.007803696193889393,0.9466029036317982,0.6557982300720049,0.0,0.12735107978564592,0.0,1273.5107978564592,0.0016572884196195598,0.032
raceline_xy,20260415_212047_eb9da4db,299,9.600000000000007,77.80813908557563,-18.15550428646791,10.97172552518886,0.002869764985911516,10.971725900496779,0.45715524585403244,-0.2608059482749905,0.003795740372515416,0.049570569840796164,0.24785284920398082,-0.00504994614766785,-0.0018124046834242513,86.1491806500079,0.8614918065000791,0.0645337937974612,10.5,0.4375,10.5,0.4375,20.91653005427767,0.8715220855949029,0.006388244754975236,10.0,0.007803696193889393,0.946764627041873,0.6537295162501977,0.0,0.12673267906474503,0.0,1267.3267906474503,0.0012144782679285294,0.032
raceline_xy,20260415_212047_eb9da4db,300,9.632000000000007,78.14743001982525,-18.245910741136587,10.972784511291671,0.0030417693559279257,10.972784932896626,0.4571993722040261,-0.26068387305263574,0.0038167745539490557,0.006610229424645074,0.03305114712322537,-0.004972052791295756,-0.0017429319472972438,86.0665099439128,0.8606650994391281,0.06484591600906829,10.5,0.4375,10.5,0.4375,20.91653005427767,0.8715220855949029,0.006366301844746403,10.0,0.007803696193889393,0.9469474846271133,0.6516627485978201,0.0,0.12613756131086137,0.0,1261.3756131086138,0.0015294550466423205,0.032
raceline_xy,20260415_212047_eb9da4db,301,9.664000000000007,78.48675867891508,-18.336296326677523,10.973755881897176,0.0026981950553008893,10.973756213609333,0.4572398422337222,-0.2605674541837595,0.0036400989027843083,0.04895287446043808,0.24476437230219036,-0.004899481995890298,-0.001675813127042236,85.98391818848141,0.8598391818848141,0.06515802542345586,10.5,0.4375,10.5,0.4375,20.91653005427767,0.8715220855949029,0.006347558504645967,10.0,0.007803696193889393,0.9471036791279502,0.6495979547120353,0.0,0.12554452262530336,0.0,1255.4452262530335,0.0016136437540655536,0.032
raceline_xy,20260415_212047_eb9da4db,302,9.696000000000007,78.82612621739172,-18.42664576183444,10.97463920810041,0.002831637222372674,10.974639573404867,0.4572766488918694,-0.26045162921200804,0.0036213917396463306,0.006322199475138746,0.03161099737569373,-0.004822264831961576,-0.0015956457454540107,85.90140777427877,0.8590140777427877,0.06539209920729702,10.5,0.4375,10.5,0.4375,20.91653005427767,0.8715220855949029,0.00633475080730328,10.0,0.007803696193889393,0.9472104099391393,0.6475351943569692,0.0,0.12494670919044852,0.0,1249.4670919044852,0.0010021017548908669,0.032
raceline_xy,20260415_212047_eb9da4db,303,9.728000000000007,79.16552984917669,-18.51695847633861,10.975434000626155,0.002935228709503246,10.9754343931194,0.457309766379975,-0.26033357603554474,0.0036908333117022414,0.04637909246786811,0.23189546233934052,-0.004746954468769715,-0.0015245073098348882,85.8189756220965,0.858189756220965,0.06570421331203347,10.5,0.4375,10.5,0.4375,20.91653005427767,0.8715220855949029,0.006318212503221954,10.0,0.007803696193889393,0.9473482291398171,0.6454743905524125,0.0,0.12437414536920864,0.0,1243.7414536920865,0.0012074323739989339,0.032
raceline_xy,20260415_212047_eb9da4db,304,9.760000000000007,79.50496082357557,-18.607256927033337,10.976145258921282,0.002373760623501475,10.976145515602443,0.45733939648343513,-0.26022314272648206,0.003452910142877247,0.0071408632475231295,0.03570431623761564,-0.0046744360428983,-0.0014493000495869879,85.73662332778184,0.8573662332778185,0.0659383354518715,10.5,0.4375,10.5,0.4375,20.91653005427767,0.8715220855949029,0.006305701157423904,10.0,0.007803696193889393,0.9474524903548008,0.6434155831945461,0.0,0.12380053018797746,0.0,1238.0053018797746,0.0009675598505360533,0.032
raceline_xy,20260415_212047_eb9da4db,305,9.792000000000007,79.84442028029707,-18.69752632785938,10.97677209735139,0.0023130010945950907,10.976772341046619,0.45736551421027577,-0.26011682580384843,0.0033242558771392704,0.04383854847259094,0.21919274236295466,-0.004610270307739306,-0.001390077223229369,85.65434752317519,0.8565434752317519,0.06625048845135051,10.5,0.4375,10.5,0.4375,20.91653005427767,0.8715220855949029,0.006288803078710714,10.0,0.007803696193889393,0.9475933076774107,0.6413586880793798,0.0,0.12325338251523313,0.0,1232.5338251523312,0.001405610141016428,0.032
raceline_xy,20260415_212047_eb9da4db,306,9.824000000000007,80.18390388505082,-18.787773031878963,10.97731918005789,0.0021002450769178616,10.97731938097349,0.4573883075405621,-0.26001732464236893,0.0031113486332472458,0.00876388070808428,0.0438194035404214,-0.004548019430425487,-0.0013259909363378952,85.57214984482772,0.8557214984482772,0.06648459631384114,10.5,0.4375,10.5,0.4375,20.91653005427767,0.8715220855949029,0.006275967468105215,10.0,0.007803696193889393,0.9477002710991232,0.639303746120693,0.0,0.1227045912329882,0.0,1227.045912329882,0.001154267827899741,0.032
raceline_xy,20260415_212047_eb9da4db,307,9.856000000000007,80.52341360591151,-18.877979628873042,10.977785942528467,0.0024138730949756493,10.977786207918195,0.4574077586632581,-0.25991644725480256,0.0031541304151530467,0.0412005982764681,0.20600299138234052,-0.004488432167065071,-0.001272456052633597,85.4900269521369,0.854900269521369,0.06679673168556985,10.5,0.4375,10.5,0.4375,20.91653005427767,0.8715220855949029,0.006258640068383947,10.0,0.007803696193889393,0.9478446660968004,0.6372506738034225,0.0,0.12218175947669,0.0,1221.8175947669,0.001333581825657135,0.032
raceline_xy,20260415_212047_eb9da4db,308,9.888000000000007,80.8629434529395,-18.968159213088892,10.978177096140604,0.002302376873642764,10.97817733757136,0.45742405573214,-0.2598172568404342,0.003101376694181001,0.010913970343366023,0.05456985171683011,-0.004425620630742699,-0.0012088335151312357,85.40798059701503,0.8540798059701502,0.06703082738378849,10.5,0.4375,10.5,0.4375,20.91653005427767,0.8715220855949029,0.006245515678199531,10.0,0.007803696193889393,0.9479540360150039,0.6351995149253756,0.0,0.12165624847206152,0.0,1216.5624847206152,0.000915574537302997,0.032
raceline_xy,20260415_212047_eb9da4db,309,9.920000000000007,81.20249267128327,-19.05830509165185,10.978491828969215,0.0023715285559333665,10.978492085113125,0.45743717021304686,-0.25971666782751157,0.0031449340727993723,0.038490235216347465,0.1924511760817373,-0.004365533112783204,-0.0011556902287455095,85.32600750153415,0.8532600750153415,0.0673429479452176,10.5,0.4375,10.5,0.4375,20.91653005427767,0.8715220855949029,0.006227904158751851,10.0,0.007803696193889393,0.9481007986770679,0.6331501875383537,0.0,0.12115603377178988,0.0,1211.5603377178988,0.0010890866385022155,0.032
raceline_xy,20260415_212047_eb9da4db,310,9.952000000000007,81.54205489572736,-19.14843224409127,10.978734597914247,0.0019935978703684576,10.978734778920192,0.457447282455008,-0.2596212221251326,0.0029843179076793217,0.013353093973062793,0.06676546986531397,-0.004305864903166867,-0.0010958052830689624,85.244109524609,0.85244109524609,0.06757703359226483,10.5,0.4375,10.5,0.4375,20.91653005427767,0.8715220855949029,0.006214651106493108,10.0,0.007803696193889393,0.9482112407792241,0.631102738115225,0.0,0.12065219797371804,0.0,1206.5219797371803,0.0008540511526741131,0.032
raceline_xy,20260415_212047_eb9da4db,311,9.984000000000007,81.88163065030471,-19.23852960683782,10.978904494449623,0.001977542767084728,10.978904672549147,0.4574543613562145,-0.25952792244971956,0.00291720209870711,0.035728286294726665,0.17864143147363332,-0.004252509122276926,-0.0010498300759786972,85.16228349067403,0.8516228349067403,0.06788914216087867,10.5,0.4375,10.5,0.4375,20.91653005427767,0.8715220855949029,0.0061969798372985,10.0,0.007803696193889393,0.9483585013558459,0.6290570872668507,0.0,0.12017278805733153,0.0,1201.7278805733154,0.0011511896836825242,0.032
raceline_xy,20260415_212047_eb9da4db,312,10.016000000000007,82.22121576359906,-19.328604316978037,10.979005696005574,0.001769102707530834,10.979005838537805,0.4574585766057419,-0.2594397833372266,0.002756001454479053,0.015916593207412275,0.07958296603706137,-0.004199580464915087,-0.0009970809939763292,85.08053132365315,0.8508053132365315,0.06812324716927982,10.5,0.4375,10.5,0.4375,20.91653005427767,0.8715220855949029,0.0061837623128515595,10.0,0.007803696193889393,0.9484686473929037,0.6270132830913286,0.0,0.11968907759061335,0.0,1196.8907759061335,0.0009362327515620939,0.032
raceline_xy,20260415_212047_eb9da4db,313,10.048000000000007,82.56081130994902,-19.418643657097817,10.97903747737151,0.0019494539633200247,10.979037650445457,0.4574599021018941,-0.2593512863723051,0.0027670306805540733,0.033038356786246684,0.1651917839312334,-0.004150353417473607,-0.0009556099062435486,84.99884996312481,0.8499884996312481,0.06843539733457327,10.5,0.4375,10.5,0.4375,20.91653005427767,0.8715220855949029,0.006166210347687606,10.0,0.007803696193889393,0.94861491376927,0.6249712490781203,0.0,0.11922885305034249,0.0,1192.288530503425,0.0011084594196126283,0.032
raceline_xy,20260415_212047_eb9da4db,314,10.080000000000007,82.9004125305029,-19.508657396089006,10.979003891907862,0.0018224044491734759,10.979004043158284,0.4574585017982618,-0.2592651398609256,0.0026935723322415736,0.018489680537806173,0.09244840268903086,-0.004098747202244457,-0.0009046112507506976,84.91724134433427,0.8491724134433427,0.06866950620221471,10.5,0.4375,10.5,0.4375,20.91653005427767,0.8715220855949029,0.006153101146077589,10.0,0.007803696193889393,0.9487241571160201,0.6229310336083568,0.0,0.11876394027654333,0.0,1187.6394027654333,0.0008075881122472734,0.032
raceline_xy,20260415_212047_eb9da4db,315,10.112000000000007,83.24001909106154,-19.59863851150253,10.9789040298929,0.0018969705717899465,10.978904193775257,0.4574543414073024,-0.2591782796562656,0.0027157494134689613,0.030351095327434893,0.15175547663717445,-0.004050512877826762,-0.000864453863937964,84.83570247601673,0.8483570247601674,0.06898164616489125,10.5,0.4375,10.5,0.4375,20.91653005427767,0.8715220855949029,0.006135694470176922,10.0,0.007803696193889393,0.9488692127485256,0.6208925619004184,0.0,0.11832186928936231,0.0,1183.218692893623,0.0009592742910482388,0.032
raceline_xy,20260415_212047_eb9da4db,316,10.144000000000007,83.57962597593229,-19.688598108642076,10.97874166126443,0.0016378956614460094,10.978741783441555,0.4574475743100648,-0.2590952410629135,0.0025963877840618475,0.021107750470770886,0.10553875235385442,-0.004001483843141251,-0.0008163262781946123,84.75423527817915,0.8475423527817916,0.0692157471146194,10.5,0.4375,10.5,0.4375,20.91653005427767,0.8715220855949029,0.006122689134336223,10.0,0.007803696193889393,0.9489775905471981,0.6188558819544788,0.0,0.11787491787889302,0.0,1178.7491787889303,0.000748085323694945,0.032
raceline_xy,20260415_212047_eb9da4db,317,10.176000000000007,83.91923335692677,-19.77852760734151,10.978515838367496,0.001652080849666504,10.978515962672601,0.4574381651113584,-0.2590133566938948,0.0025602500116623434,0.027665035178316397,0.13832517589158197,-0.003957717989499621,-0.0007808469427961207,84.67283682249985,0.8467283682249984,0.06952787616546582,10.5,0.4375,10.5,0.4375,20.91653005427767,0.8715220855949029,0.006105403301829515,10.0,0.007803696193889393,0.9491216391514207,0.6168209205624962,0.0,0.11745021631035299,0.0,1174.50216310353,0.0009639558853775756,0.032
raceline_xy,20260415_212047_eb9da4db,318,10.208000000000007,84.25883740804862,-19.868433969555053,10.978230214990049,0.001469238009897289,10.978230313305547,0.45742626305439776,-0.25893546724405336,0.002435458039678895,0.023741627752431764,0.11870813876215881,-0.0039133518317546745,-0.0007376649241757072,84.59150901565619,0.8459150901565619,0.06976196866535428,10.5,0.4375,10.5,0.4375,20.91653005427767,0.8715220855949029,0.006092468994236988,10.0,0.007803696193889393,0.9492294250480251,0.6147877253914047,0.0,0.11702043787808152,0.0,1170.2043787808152,0.0007768815187834812,0.032
raceline_xy,20260415_212047_eb9da4db,319,10.240000000000007,84.59843868314802,-19.9583075317276,10.977884059589345,0.0015829357481047523,10.977884173713594,0.4574118405713998,-0.25885759062509983,0.002434942315545204,0.024993749898608,0.12496874949303999,-0.0038730479498534365,-0.0007059523561037118,84.51024898956209,0.8451024898956209,0.07007408609511351,10.5,0.4375,10.5,0.4375,20.91653005427767,0.8715220855949029,0.006075246835671955,10.0,0.007803696193889393,0.949372943036067,0.6127562247390521,0.0,0.11661231248879389,0.0,1166.123124887939,0.0009325748383429678,0.032
raceline_xy,20260415_212047_eb9da4db,320,10.272000000000007,84.93803323069899,-20.04815609600754,10.977481004538568,0.0014561513082078648,10.977481101117037,0.45739504587987656,-0.2587821519643745,0.0023587628025229803,0.026369830860416017,0.13184915430208008,-0.003830601909182718,-0.0006650631969424836,84.42905864791501,0.8442905864791501,0.0703081698265216,10.5,0.4375,10.5,0.4375,20.91653005427767,0.8715220855949029,0.006062336464630835,10.0,0.007803696193889393,0.9494805294614097,0.6107264661978753,0.0,0.11619883752343153,0.0,1161.9883752343153,0.0007021783357607703,0.032
raceline_xy,20260415_212047_eb9da4db,321,10.304000000000007,85.2776209020178,-20.13797299777934,10.977020220033326,0.0015255167118910506,10.97702032603665,0.4573758469181937,-0.2587063433796475,0.0023702166823052215,0.022414821646492836,0.11207410823246418,-0.0037918373830225782,-0.0006352387431611817,84.34793515710538,0.8434793515710538,0.07062032518823406,10.5,0.4375,10.5,0.4375,20.91653005427767,0.8715220855949029,0.006045113327906471,10.0,0.007803696193889393,0.9496240556007794,0.6086983789276346,0.0,0.1158065844763237,0.0,1158.065844763237,0.0008380066005443801,0.032
raceline_xy,20260415_212047_eb9da4db,322,10.336000000000007,85.61719761174659,-20.22776687105303,10.976505090301533,0.001334420270693304,10.976505171414667,0.4573543821422778,-0.25863353750376206,0.0022764209586857995,0.02886180405994807,0.14430902029974033,-0.003751569694640189,-0.0005968581277859819,84.26688041873435,0.8426688041873435,0.07085443711085586,10.5,0.4375,10.5,0.4375,20.91653005427767,0.8715220855949029,0.006032189384834741,10.0,0.007803696193889393,0.9497317551263772,0.6066720104683586,0.0,0.11540874634366562,0.0,1154.0874634366562,0.0006513344447793733,0.032
raceline_xy,20260415_212047_eb9da4db,323,10.368000000000007,85.95676340285048,-20.317530626749097,10.9759346443267,0.0013644463692630282,10.975934729135599,0.45733061371398326,-0.25856132697580847,0.002257743508477403,0.01992490289319641,0.09962451446598204,-0.0037159576479166567,-0.0005704641101131891,84.18589163831903,0.8418589163831903,0.07116658031974259,10.5,0.4375,10.5,0.4375,20.91653005427767,0.8715220855949029,0.006014947196053111,10.0,0.007803696193889393,0.9498754400328907,0.6046472909579759,0.0,0.11503170902239979,0.0,1150.3170902239979,0.0008201077831187543,0.032
raceline_xy,20260415_212047_eb9da4db,324,10.400000000000007,86.29631484278298,-20.407270723221885,10.975312142949427,0.0012068644519351857,10.975312209303887,0.45730467538766195,-0.2584922915434742,0.002158558593907451,0.03131217682628032,0.1565608841314016,-0.0036790458409892146,-0.0005357296993730998,84.10497072580647,0.8410497072580647,0.07140068328563595,10.5,0.4375,10.5,0.4375,20.91653005427767,0.8715220855949029,0.0060020051050568846,10.0,0.007803696193889393,0.9499832907911926,0.6026242681451617,0.0,0.11464881276773317,0.0,1146.4881276773317,0.0006539237147412648,0.032
raceline_xy,20260415_212047_eb9da4db,325,10.432000000000007,86.6358522285222,-20.49697941015772,10.974636749309479,0.0012869722474704304,10.974636824769725,0.4572765343654052,-0.25842335425825436,0.0021553994605170153,0.017490270517767942,0.08745135258883971,-0.003646256181366603,-0.0005124419531155056,84.0241149370775,0.840241149370775,0.07171281476273339,10.5,0.4375,10.5,0.4375,20.91653005427767,0.8715220855949029,0.005984738158645975,10.0,0.007803696193889393,0.9501271820112835,0.6006028734269375,0.0,0.1142862203933559,0.0,1142.862203933559,0.0007950282418843031,0.032
raceline_xy,20260415_212047_eb9da4db,326,10.464000000000008,86.97537217575004,-20.586663277001445,10.973911776781787,0.0011664700214901735,10.97391183877665,0.4572463266156937,-0.2583567318690694,0.0020830728085125486,0.03370496061739855,0.16852480308699272,-0.003611328359268917,-0.00047998919868197376,83.94332620529208,0.8394332620529208,0.07194690908766727,10.5,0.4375,10.5,0.4375,20.91653005427767,0.8715220855949029,0.00597178354018979,10.0,0.007803696193889393,0.9502351371650851,0.598583155132302,0.0,0.11391738842004791,0.0,1139.173884200479,0.0006077413191097446,0.032
raceline_xy,20260415_212047_eb9da4db,327,10.496000000000008,87.31487465281032,-20.676316123743387,10.973136391553165,0.001230601532109965,10.973136460557143,0.45721401918988097,-0.25828987860503183,0.0020901971664058013,0.015124643562411192,0.07562321781205596,-0.003580184556001953,-0.0004586014225256285,83.86260183573833,0.8386260183573833,0.07225902925398954,10.5,0.4375,10.5,0.4375,20.91653005427767,0.8715220855949029,0.005954508686019988,10.0,0.007803696193889393,0.9503790942831668,0.5965650458934583,0.0,0.11356836678996003,0.0,1135.6836678996003,0.0007332004470844715,0.032
raceline_xy,20260415_212047_eb9da4db,328,10.528000000000008,87.65435622104624,-20.7659450388052,10.972313732289686,0.0010802135001757307,10.972313785462665,0.4571797410609444,-0.2582254848528267,0.00201336498780797,0.03602529078788415,0.18012645393942073,-0.0035470997365534274,-0.00042823354806831304,83.78194377013138,0.8378194377013137,0.07249311525371617,10.5,0.4375,10.5,0.4375,20.91653005427767,0.8715220855949029,0.00594155498318516,10.0,0.007803696193889393,0.9504870418067903,0.5945485942532844,0.0,0.11321283203308374,0.0,1132.1283203308374,0.0005660240806723511,0.032
raceline_xy,20260415_212047_eb9da4db,329,10.560000000000008,87.9938169145261,-20.855543837090305,10.971442782197219,0.0011196669339312848,10.971442839329816,0.4571434516387423,-0.25816132668292946,0.002005931130485737,0.012869844503113662,0.06434922251556831,-0.00351826454743831,-0.00040934330800457275,83.70134935496424,0.8370134935496424,0.07280524701120618,10.5,0.4375,10.5,0.4375,20.91653005427767,0.8715220855949029,0.005924294590314627,10.0,0.007803696193889393,0.9506308784140448,0.5925337338741059,0.0,0.11287669966263415,0.0,1128.7669966263416,0.000708067118508281,0.032
raceline_xy,20260415_212047_eb9da4db,330,10.592000000000008,88.33325365210973,-20.94511849876149,10.970526482927108,0.0009823927442558222,10.970526526912941,0.4571052719547059,-0.25809975971109367,0.001924985922522996,0.03818536400544348,0.1909268200272174,-0.0034876539567214593,-0.0003816510473755308,83.62082053507298,0.8362082053507298,0.07303936021568451,10.5,0.4375,10.5,0.4375,20.91653005427767,0.8715220855949029,0.005911362888257887,10.0,0.007803696193889393,0.9507386425978509,0.5905205133768245,0.0,0.11253384848635474,0.0,1125.3384848635474,0.0005562299865832165,0.032
raceline_xy,20260415_212047_eb9da4db,331,10.624000000000008,88.67266663744037,-21.034662437059428,10.969563835307024,0.0010463830162890098,10.969563885214088,0.4570651618839203,-0.25803823888383715,0.0019234659086946177,0.010786060129234217,0.05393030064617108,-0.003461078797671213,-0.0003651929403090115,83.54035470933464,0.8354035470933464,0.07335150584143878,10.5,0.4375,10.5,0.4375,20.91653005427767,0.8715220855949029,0.005894146344865181,10.0,0.007803696193889393,0.9508821137927902,0.5885088677333659,0.0,0.11220993732754114,0.0,1122.0993732754114,0.0006873343248354519,0.032
raceline_xy,20260415_212047_eb9da4db,332,10.656000000000008,89.01205288761703,-21.124181511970203,10.968557823751967,0.0009330518587842285,10.968557863437484,0.45702324430989516,-0.25797885200824133,0.001856798855844417,0.040215193588728514,0.20107596794364255,-0.0034322954442158604,-0.0003395254249256574,83.45995383257025,0.8345995383257026,0.07358561108755052,10.5,0.4375,10.5,0.4375,20.91653005427767,0.8715220855949029,0.005881257075616375,10.0,0.007803696193889393,0.9509895243698635,0.5864988458142563,0.0,0.11187904832285783,0.0,1118.7904832285783,0.0005261457536932955,0.032
raceline_xy,20260415_212047_eb9da4db,333,10.688000000000008,89.35141247492876,-21.21366989393782,10.967507555028421,0.0009943087820807328,10.967507600100191,0.456979483337508,-0.25791925948555283,0.0018631474255985775,0.008808199570139183,0.044040997850695915,-0.0034072806054918914,-0.0003247917343944806,83.37961535954726,0.8337961535954725,0.07389774613563017,10.5,0.4375,10.5,0.4375,20.91653005427767,0.8715220855949029,0.005864102746388156,10.0,0.007803696193889393,0.9511324771134321,0.5844903839886815,0.0,0.11156659763864704,0.0,1115.6659763864704,0.0006466673551282559,0.032
raceline_xy,20260415_212047_eb9da4db,334,10.720000000000008,89.69074240787117,-21.303133734902126,10.966415962533388,0.0008689363037848175,10.96641599695896,0.45693399987329,-0.25786176218343293,0.001797696199763027,0.04213457656346032,0.2106728828173016,-0.0033800592691890508,-0.0003008619155964176,83.29934124476391,0.8329934124476391,0.0741318434735918,10.5,0.4375,10.5,0.4375,20.91653005427767,0.8715220855949029,0.005851262644009481,10.0,0.007803696193889393,0.9512394779665877,0.5824835311190977,0.0,0.11124696605883519,0.0,1112.4696605883519,0.0004933389594503521,0.032
raceline_xy,20260415_212047_eb9da4db,335,10.752000000000008,90.03004278400103,-21.39256734910124,10.965282038855236,0.0009159728057119843,10.965282077112628,0.45688675321302613,-0.2578042373460452,0.0017984882796666494,0.006947215453847558,0.03473607726923779,-0.0033567777432774726,-0.00028799271676138716,83.21912898517324,0.8321912898517324,0.07444396801093862,10.5,0.4375,10.5,0.4375,20.91653005427767,0.8715220855949029,0.005834175510263773,10.0,0.007803696193889393,0.9513818707478019,0.5804782246293311,0.0,0.11094537095418354,0.0,1109.4537095418355,0.0006212691831860811,0.032
raceline_xy,20260415_212047_eb9da4db,336,10.784000000000008,90.36931080457099,-21.481976374640535,10.96410849489298,0.0007942095228385959,10.964108523658144,0.45683785515242264,-0.2577488772423937,0.0017308673387890557,0.04393250880746845,0.21966254403734223,-0.003331392562433866,-0.00026604949193487215,83.13898052023079,0.8313898052023079,0.07467805749094632,10.5,0.4375,10.5,0.4375,20.91653005427767,0.8715220855949029,0.005821382675462949,10.0,0.007803696193889393,0.9514884777044754,0.5784745130057697,0.0,0.11063651416822168,0.0,1106.3651416822167,0.00047770058710722325,0.032
raceline_xy,20260415_212047_eb9da4db,337,10.816000000000008,90.70854667902219,-21.57135490123403,10.962894229996188,0.0008519377459186295,10.962894263098665,0.4567872609624444,-0.2576934346550477,0.0017333759528701026,0.005213726810936228,0.02606863405468114,-0.003309873414897524,-0.00025506426612587063,83.05889337511537,0.8305889337511537,0.07499017158447514,10.5,0.4375,10.5,0.4375,20.91653005427767,0.8715220855949029,0.005804337365501233,10.0,0.007803696193889393,0.9516305219541564,0.5764723343778844,0.0,0.11034539915712814,0.0,1103.4539915712814,0.0006030500280168266,0.032
raceline_xy,20260415_212047_eb9da4db,338,10.848000000000008,91.0477477041939,-21.66070840594504,10.961641928741049,0.0007441707272302089,10.96164195400141,0.4567350814167254,-0.25763994459064365,0.0016723830872485603,0.04555849293018754,0.22779246465093766,-0.0032860645950885115,-0.00023484638759407872,82.97886947046129,0.8297886947046129,0.07522428446199221,10.5,0.4375,10.5,0.4375,20.91653005427767,0.8715220855949029,0.00579154154545769,10.0,0.007803696193889393,0.9517371537878526,0.5744717367615323,0.0,0.11004696729507486,0.0,1100.4696729507486,0.00045681218969236687,0.032
raceline_xy,20260415_212047_eb9da4db,339,10.880000000000008,91.38691406379331,-21.750031289130913,10.960350621023158,0.000804566318620914,10.960350650553552,0.456681277106398,-0.25758621280389615,0.0016798687742708616,0.003714859191165178,0.01857429595582589,-0.003265946258340424,-0.0002253805859147029,82.89890634814707,0.8289890634814706,0.07553643254912469,10.5,0.4375,10.5,0.4375,20.91653005427767,0.8715220855949029,0.005774441020934606,10.0,0.007803696193889393,0.9518796581588783,0.5724726587036766,0.0,0.10976602700730904,0.0,1097.6602700730905,0.0005768265073423746,0.032
raceline_xy,20260415_212047_eb9da4db,340,10.912000000000008,91.7260430775698,-21.839329168976857,10.959023070958512,0.0006943579369567132,10.959023092955588,0.4566259622064828,-0.25753433960051986,0.0016218140187034197,0.04698291139854557,0.2349145569927278,-0.003243476686168645,-0.0002066340112700793,82.81900592846814,0.8281900592846815,0.07577053977782558,10.5,0.4375,10.5,0.4375,20.91653005427767,0.8715220855949029,0.0057615684035852155,10.0,0.007803696193889393,0.9519869299701232,0.5704751482117036,0.0,0.10947758653737888,0.0,1094.7758653737887,0.00043254225536374226,0.032
raceline_xy,20260415_212047_eb9da4db,341,10.944000000000008,92.0651349541605,-21.928596575257966,10.957658313625437,0.0007487365424680981,10.957658339206013,0.4565690974669172,-0.2574822364023994,0.0016289373900738565,0.002366978901057333,0.011834894505286664,-0.0032246969299869477,-0.000198603736838443,82.73916575318762,0.8273916575318762,0.0760826776795393,10.5,0.4375,10.5,0.4375,20.91653005427767,0.8715220855949029,0.005744315223607632,10.0,0.007803696193889393,0.9521307064699364,0.5684791438296906,0.0,0.10920647760346978,0.0,1092.0647760346978,0.0005548379492989937,0.032
raceline_xy,20260415_212047_eb9da4db,342,10.976000000000008,92.40418711601792,-22.017838948963398,10.956258985688644,0.0006386622457461577,10.956259004303094,0.45651079184596227,-0.25743198969027237,0.0015709495840975213,0.048255430377832795,0.24127715188916396,-0.0032035940846495414,-0.00018134003908532037,82.65938774670673,0.8265938774670673,0.07631677733452763,10.5,0.4375,10.5,0.4375,20.91653005427767,0.8715220855949029,0.0057312999537333376,10.0,0.007803696193889393,0.9522391670522222,0.5664846936676682,0.0,0.10892768067895545,0.0,1089.2768067895545,0.00041499120323642376,0.032
raceline_xy,20260415_212047_eb9da4db,343,11.008000000000008,92.74319984608141,-22.107050724583157,10.954823953346581,0.0006964044404065284,10.954823975481997,0.4564509989784165,-0.2573814903071483,0.0015787821736525517,0.0011799774438175357,0.005899887219087678,-0.00318614120218097,-0.0001747206567270787,82.57966944921242,0.8257966944921242,0.07662890522508681,10.5,0.4375,10.5,0.4375,20.91653005427767,0.8715220855949029,0.005713847355755863,10.0,0.007803696193889393,0.9523846053687012,0.5644917362303105,0.0,0.10866609882752971,0.0,1086.660988275297,0.0005379601530457311,0.032
raceline_xy,20260415_212047_eb9da4db,344,11.040000000000008,93.08217064064878,-22.196237239728216,10.95335574004985,0.0005925770290118315,10.953355756079072,0.4563898231699613,-0.25733277172895264,0.0015231593503062535,0.04936666464679038,0.2468333232339519,-0.003166315897573657,-0.0001588389894062736,82.50001280719741,0.8250001280719741,0.07686299743705143,10.5,0.4375,10.5,0.4375,20.91653005427767,0.8715220855949029,0.005700683783350868,10.0,0.007803696193889393,0.9524943018054094,0.5625003201799352,0.0,0.10839656733582433,0.0,1083.9656733582433,0.000398516223312503,0.032
raceline_xy,20260415_212047_eb9da4db,345,11.072000000000008,93.42109980842477,-22.285393004493546,10.951853218171086,0.0006537117467355635,10.951853237680984,0.4563272182367077,-0.2572837291650334,0.001533222336201261,0.0002228277884313983,0.0011141389421569915,-0.003150050536306903,-0.00015348141008564298,82.42041536686675,0.8242041536686675,0.07717511549069547,10.5,0.4375,10.5,0.4375,20.91653005427767,0.8715220855949029,0.005683026354770693,10.0,0.007803696193889393,0.9526414470435776,0.5605103841716688,0.0,0.10814409439200949,0.0,1081.440943920095,0.0005207161100260064,0.032
raceline_xy,20260415_212047_eb9da4db,346,11.104000000000008,93.75998488452863,-22.374523399250656,10.95031900977357,0.0005515291100475217,10.950319023662862,0.4562632926526193,-0.2572363976073593,0.0014797829173140186,0.049703885238041874,0.24851942619020936,-0.00313540176373861,-0.0001497244611017301,82.34087696929818,0.8234087696929818,0.07748724587293411,10.5,0.4375,10.5,0.4375,20.91653005427767,0.8715220855949029,0.005665217831351654,10.0,0.007803696193889393,0.9527898514054028,0.5585219242324545,0.0,0.10789536858423403,0.0,1078.9536858423403,0.0005636276985486529,0.032
raceline_xy,20260415_212047_eb9da4db,347,11.136000000000008,94.09882631396002,-22.463622833609836,10.948753828070073,0.0006196899459669503,10.94875384560703,0.4561980769002929,-0.2571888566573781,0.001486268771562463,0.0006731519572626968,0.003365759786313484,-0.0031163449575988267,-0.000134792394117067,82.26139950036416,0.8226139950036416,0.07772135782211954,10.5,0.4375,10.5,0.4375,20.91653005427767,0.8715220855949029,0.005651740557936602,10.0,0.007803696193889393,0.952902162017195,0.5565349875091041,0.0,0.1076388798301168,0.0,1076.388798301168,0.00033592280465435053,0.032
raceline_xy,20260415_212047_eb9da4db,348,11.168000000000008,94.43762314729227,-22.55269089195173,10.947156681367812,0.0006780690762551167,10.947156702367678,0.4561315292653199,-0.25713995041062,0.0015288579430965793,0.049031704998127264,0.2451585249906363,-0.003099769867549007,-0.00012926687754966082,82.18198047373185,0.8218198047373185,0.078033502315656,10.5,0.4375,10.5,0.4375,20.91653005427767,0.8715220855949029,0.005633582881772625,10.0,0.007803696193889393,0.9530534759852282,0.5545495118432964,0.0,0.107399419357587,0.0,1073.99419357587,0.00042059012880294946,0.032
raceline_xy,20260415_212047_eb9da4db,349,11.200000000000008,94.77637216291441,-22.641736121631116,10.945530115219004,0.0004789372366560407,10.945530125697294,0.45606375523738724,-0.2570934430830709,0.001453965730794942,0.0012390197186135663,0.006195098593067831,-0.003081553668566439,-0.00011522174870837176,82.10262188844915,0.8210262188844915,0.07826760713194625,10.5,0.4375,10.5,0.4375,20.91653005427767,0.8715220855949029,0.0056198042066823994,10.0,0.007803696193889393,0.9531682982776467,0.5525655472112287,0.0,0.10715133027154125,0.0,1071.5133027154125,0.00031674582485458866,0.032
raceline_xy,20260415_212047_eb9da4db,350,11.232000000000008,95.11507384756968,-22.73075280523934,10.943872842465675,0.00046841445794321146,10.9438728524901,0.45599470218708754,-0.25704801325123583,0.0014202850713721064,0.04854654421306784,0.2427327210653392,-0.0030682881735670797,-0.00011297950341448981,82.02332120647473,0.8202332120647473,0.07857974218543129,10.5,0.4375,10.5,0.4375,20.91653005427767,0.8715220855949029,0.005601194154157163,10.0,0.007803696193889393,0.9533233820486903,0.5505830301618684,0.0,0.10692045981983064,0.0,1069.2045981983065,0.0005043175635406343,0.032
raceline_xy,20260415_212047_eb9da4db,351,11.264000000000008,95.45372650176773,-22.8197438538225,10.942187348727915,0.0003833096244143519,10.942187355441666,0.45592447314340273,-0.25700502800893865,0.0013439342515127268,0.0016225580156758,0.008112790078379,-0.0030534117066447486,-0.00010231194085985607,81.94408046935635,0.8194408046935635,0.07881383997453521,10.5,0.4375,10.5,0.4375,20.91653005427767,0.8715220855949029,0.005587057587726818,10.0,0.007803696193889393,0.9534411867689432,0.5486020117339088,0.0,0.10668059979055629,0.0,1066.805997905563,0.0003971052137617602,0.032
raceline_xy,20260415_212047_eb9da4db,352,11.296000000000008,95.79233111433086,-22.908701794826513,10.940472407580293,0.0005222012210133187,10.940472420042923,0.45585301750178847,-0.25696114227485944,0.0013719871599085255,0.048256254979285484,0.24128127489642742,-0.00304141544023917,-0.00010141911194061493,81.86489711761301,0.8186489711761301,0.07912596572890174,10.5,0.4375,10.5,0.4375,20.91653005427767,0.8715220855949029,0.0055679701267945525,10.0,0.007803696193889393,0.9536002489433787,0.5466224279403253,0.0,0.10645796609227841,0.0,1064.5796609227841,0.0005022168338304511,0.032
raceline_xy,20260415_212047_eb9da4db,353,11.328000000000008,96.13088534752154,-22.997632144318104,10.938730644000296,0.00048170856224327707,10.93873065460679,0.45578044394194955,-0.2569177819797446,0.0013555640879870819,0.0018092024481947172,0.009046012240973586,-0.0030258869143531264,-9.023067284363862e-05,81.78577325675072,0.8178577325675072,0.07936005659650983,10.5,0.4375,10.5,0.4375,20.91653005427767,0.8715220855949029,0.00555347527003347,10.0,0.007803696193889393,0.9537210394163878,0.5446443314187679,0.0,0.10622583459552609,0.0,1062.258345955261,0.0003197801107276261,0.032
raceline_xy,20260415_212047_eb9da4db,354,11.360000000000008,96.46938927528659,-23.08653108415746,10.93696081965342,0.000544414753814948,10.936960833203226,0.45570670138346775,-0.25687323842913257,0.0013924733157219978,0.04816837264869159,0.24084186324345794,-0.0030129609353060083,-8.84860940049137e-05,81.70670630570201,0.8170670630570201,0.07967217319266631,10.5,0.4375,10.5,0.4375,20.91653005427767,0.8715220855949029,0.005533913413561908,10.0,0.007803696193889393,0.9538840548869841,0.5426676576425503,0.0,0.10601092752415266,0.0,1060.1092752415266,0.000422326629065043,0.032
raceline_xy,20260415_212047_eb9da4db,355,11.392000000000008,96.8078402467118,-23.175405500271722,10.935165558186869,0.0003971908529418755,10.93516556540032,0.4556318985583467,-0.25683043991857923,0.0013379931517720303,0.0017586971484232544,0.008793485742116271,-0.0029978007077673396,-7.771609414053415e-05,81.62769842833606,0.8162769842833606,0.07990628277097815,10.5,0.4375,10.5,0.4375,20.91653005427767,0.8715220855949029,0.00551906765019039,10.0,0.007803696193889393,0.9540077695817467,0.5406924607084015,0.0,0.10578605214505592,0.0,1057.8605214505592,0.00029434287721803845,0.032
raceline_xy,20260415_212047_eb9da4db,356,11.424000000000008,97.14623882208616,-23.264249876035084,10.933343455150016,0.00042259522795173865,10.933343463317085,0.4555559776382119,-0.2567877590186587,0.0013342855269721753,0.04837257065885381,0.24186285329426904,-0.002986542332604536,-7.764362668805092e-05,81.54874701825997,0.8154874701825997,0.08021842918516028,10.5,0.4375,10.5,0.4375,20.91653005427767,0.8715220855949029,0.005499048605920542,10.0,0.007803696193889393,0.9541745949506621,0.5387186754564993,0.0,0.10557844169557912,0.0,1055.7844169557911,0.00045267989566654245,0.032
raceline_xy,20260415_212047_eb9da4db,357,11.456000000000008,97.48458305926671,-23.353068536200528,10.931496989762625,0.000323769976068089,10.931496994557348,0.4554790414398895,-0.25674706733828767,0.001272165105580056,0.0014428157905491264,0.007214078952745632,-0.0029733054661935654,-6.883582362116059e-05,81.46985428788213,0.8146985428788213,0.08045253565552554,10.5,0.4375,10.5,0.4375,20.91653005427767,0.8715220855949029,0.005483870047310546,10.0,0.007803696193889393,0.9543010829390788,0.5367463571970532,0.0,0.10536048338453706,0.0,1053.6048338453706,0.0003311995750168349,0.032
raceline_xy,20260415_212047_eb9da4db,358,11.488000000000008,97.82287385501624,-23.4418548038552,10.929624663941155,0.0004261544606443124,10.929624672249199,0.4554010280103833,-0.2567056554199101,0.0012946033539049993,0.04879787980620394,0.24398939903101968,-0.002963070063915385,-6.98400702883184e-05,81.39101760941206,0.8139101760941206,0.08076467320159823,10.5,0.4375,10.5,0.4375,20.91653005427767,0.8715220855949029,0.0054634174407999225,10.0,0.007803696193889393,0.9544715213266673,0.5347754402353015,0.0,0.10515982886899178,0.0,1051.5982886899178,0.00045562513370843894,0.032
raceline_xy,20260415_212047_eb9da4db,359,11.520000000000008,98.16110902602189,-23.530614054422497,10.92772901462751,0.000360079846722261,10.927729020560008,0.4553220425233337,-0.25666526706853343,0.0012626347299148815,0.000913377296122723,0.004566886480613615,-0.00294990118665428,-6.119253598413366e-05,81.31223924691915,0.8131223924691915,0.08099877307712217,10.5,0.4375,10.5,0.4375,20.91653005427767,0.8715220855949029,0.005447918557239362,10.0,0.007803696193889393,0.954600678689672,0.5328059811729787,0.0,0.10494842521653663,0.0,1049.4842521653663,0.000295045864494392,0.032
raceline_xy,20260415_212047_eb9da4db,360,11.552000000000008,98.49928904407825,-23.61934136551197,10.92580859562793,0.0004356470223152442,10.92580860431325,0.45524202517971873,-0.2566238681941577,0.0012941498387672838,0.04944633702214924,0.2472316851107462,-0.002939424931763135,-6.201830945951059e-05,81.23351655836136,0.8123351655836136,0.08131090190505447,10.5,0.4375,10.5,0.4375,20.91653005427767,0.8715220855949029,0.005427042509313473,10.0,0.007803696193889393,0.954774645755721,0.530837913959034,0.0,0.10475430645702595,0.0,1047.5430645702595,0.00041357389389374817,0.032
raceline_xy,20260415_212047_eb9da4db,361,11.584000000000009,98.83741152265786,-23.70804303968585,10.923866046214226,0.0003183266214445979,10.92386605085232,0.45516108545218,-0.2565839694416674,0.0012473145878489158,0.00024222188683314475,0.0012111094341657237,-0.002926546364619309,-5.371581309621121e-05,81.15485185909661,0.8115485185909661,0.08154499529820494,10.5,0.4375,10.5,0.4375,20.91653005427767,0.8715220855949029,0.0054112272166668696,10.0,0.007803696193889393,0.9549064398611095,0.5288712964774153,0.0,0.10454902210809598,0.0,1045.4902210809598,0.0002744576369701311,0.032
raceline_xy,20260415_212047_eb9da4db,362,11.616000000000009,99.17547714046897,-23.796713508707867,10.921899867982555,0.0003704146012952769,10.921899874263833,0.4550791614276597,-0.25654366408178975,0.0012599756140798265,0.04966737264006189,0.24833686320030943,-0.002913132238876681,-4.494488514383832e-05,81.07624489304152,0.8107624489304152,0.08177908594761991,10.5,0.4375,10.5,0.4375,20.91653005427767,0.8715220855949029,0.005395275757956508,10.0,0.007803696193889393,0.9550393686836958,0.526906122326038,0.0,0.10434742531030514,0.0,1043.4742531030513,0.00022837072019377315,0.032
raceline_xy,20260415_212047_eb9da4db,363,11.648000000000009,99.5134837456719,-23.885358062264057,10.919910603652966,0.0002621446766406521,10.919910606799503,0.4549962752833126,-0.2565048640564642,0.0012129732470455205,0.0009013593382092918,0.004506796691046458,-0.0029049831908953827,-4.809506269243258e-05,80.99769308905894,0.8099769308905894,0.08209120747685895,10.5,0.4375,10.5,0.4375,20.91653005427767,0.8715220855949029,0.005373794105474339,10.0,0.007803696193889393,0.9552183824543805,0.5249423272264735,0.0,0.10416248067260744,0.0,1041.6248067260744,0.0004662735778664434,0.032
raceline_xy,20260415_212047_eb9da4db,364,11.680000000000009,99.85143070113864,-23.973976516560917,10.9179006309928,0.00018117730820410571,10.917900632496076,0.4549125263540032,-0.25646850433630064,0.0011367632924898642,0.04851076016247952,0.2425538008123976,-0.0028954131812373163,-4.312761550950839e-05,80.91919881009711,0.8091919881009711,0.08232531888454539,10.5,0.4375,10.5,0.4375,20.91653005427767,0.8715220855949029,0.005357520611751543,10.0,0.007803696193889393,0.9553539949020705,0.5229799702524278,0.0,0.103965962869674,0.0,1039.65962869674,0.00036217787353554044,0.032
raceline_xy,20260415_212047_eb9da4db,365,11.712000000000009,100.18931970323474,-24.062559582413588,10.915868319781863,0.00037545764001611914,10.915868326238904,0.454827846926621,-0.256430391320845,0.0011914413809473914,0.0022021040469409796,0.011010520234704897,-0.0028876698104087772,-4.6775024153511424e-05,80.84075935975262,0.8084075935975262,0.08263746326883781,10.5,0.4375,10.5,0.4375,20.91653005427767,0.8715220855949029,0.005335606808598126,10.0,0.007803696193889393,0.955536609928349,0.5210189839938156,0.0,0.10378682826498657,0.0,1037.8682826498657,0.00045366970040038675,0.032
raceline_xy,20260415_212047_eb9da4db,366,11.744000000000009,100.5271484641687,-24.151113483269434,10.913816202265803,0.00035994376270487294,10.913816208201377,0.4547423420083907,-0.25639193987121445,0.0012019986398644027,0.0470729503530288,0.23536475176514401,-0.00287571226852279,-3.9571924559833604e-05,80.76237714984411,0.8076237714984411,0.08287156846375368,10.5,0.4375,10.5,0.4375,20.91653005427767,0.8715220855949029,0.005319008538317238,10.0,0.007803696193889393,0.9556749288473564,0.5190594287461028,0.0,0.10359574545781743,0.0,1035.9574545781743,0.00023614702141361104,0.032
raceline_xy,20260415_212047_eb9da4db,367,11.776000000000009,100.86491703697338,-24.239635306886612,10.911742628112474,0.00041487012435093007,10.911742635999262,0.45465594316663593,-0.2563518231234916,0.001253973437384415,0.003758933128287251,0.018794665641436253,-0.002865691435385731,-4.102503840197613e-05,80.68404946151554,0.8068404946151554,0.08318370463760717,10.5,0.4375,10.5,0.4375,20.91653005427767,0.8715220855949029,0.00529665722252215,10.0,0.007803696193889393,0.9558611898123154,0.5171012365378885,0.0,0.10342209510791077,0.0,1034.2209510791076,0.0003429864975671952,0.032
raceline_xy,20260415_212047_eb9da4db,368,11.808000000000009,101.20262272201946,-24.328132976032617,10.909650234858477,0.00023076351445672216,10.90965023729906,0.4545687598874608,-0.25631369417789296,0.0011919309836187593,0.04538831314567731,0.22694156572838653,-0.002853897284581297,-3.4002210084427276e-05,80.60577875388225,0.8060577875388225,0.08341780372963102,10.5,0.4375,10.5,0.4375,20.91653005427767,0.8715220855949029,0.005279728700257724,10.0,0.007803696193889393,0.9560022608311857,0.5151444688470562,0.0,0.10323612269229704,0.0,1032.3612269229704,0.00022464119367959464,0.032
raceline_xy,20260415_212047_eb9da4db,369,11.840000000000009,101.54026648068772,-24.416600234529593,10.907537348647834,0.0002476549541157169,10.907537351459329,0.45448072297747205,-0.2562759413645903,0.0011801598720407645,0.005566746940306671,0.027833734701533355,-0.0028460765945932387,-3.762848896071702e-05,80.52756228817843,0.8052756228817843,0.08372993183953868,10.5,0.4375,10.5,0.4375,20.91653005427767,0.8715220855949029,0.005256938074131412,10.0,0.007803696193889393,0.9561921827155716,0.5131890572044607,0.0,0.10306760837382026,0.0,1030.6760837382026,0.0004157562190179871,0.032
raceline_xy,20260415_212047_eb9da4db,370,11.872000000000009,101.8778467299444,-24.505040854900518,10.905406503107614,0.00016066647131252054,10.905406504291141,0.45439193767879754,-0.25624025546648443,0.001115616492283028,0.04345143772893625,0.21725718864468122,-0.002836558084962082,-3.290522510512872e-05,80.44940256043418,0.8044940256043418,0.0839640249385317,10.5,0.4375,10.5,0.4375,20.91653005427767,0.8715220855949029,0.005239680466351704,10.0,0.007803696193889393,0.9563359961137358,0.5112350640108545,0.0,0.10288647740880419,0.0,1028.864774088042,0.00029315668394942654,0.032
raceline_xy,20260415_212047_eb9da4db,371,11.904000000000009,102.21536480836973,-24.5934472297301,10.903255887053477,0.00030130326153932074,10.903255891216622,0.4543023288006926,-0.2562033681837659,0.0011530766757700077,0.007630327893560441,0.0381516394678022,-0.002829341635126603,-3.7206041019643976e-05,80.37129680410504,0.8037129680410504,0.08427614513096358,10.5,0.4375,10.5,0.4375,20.91653005427767,0.8715220855949029,0.0052164506895096,10.0,0.007803696193889393,0.95652957758742,0.509282420102626,0.0,0.10272290369022655,0.0,1027.2290369022655,0.0004186415242992623,0.032
raceline_xy,20260415_212047_eb9da4db,372,11.936000000000009,102.55281857772626,-24.681825336445808,10.901087985492897,0.0002506782724833734,10.90108798837516,0.4542119995156317,-0.2561670504942706,0.0011352880122424882,0.04124171095328996,0.2062085547664498,-0.0028189407559944257,-3.170877924763005e-05,80.29324755207146,0.8029324755207147,0.084510244526524,10.5,0.4375,10.5,0.4375,20.91653005427767,0.8715220855949029,0.005198863149289856,10.0,0.007803696193889393,0.9566761404225845,0.5073311888017866,0.0,0.1025464360784757,0.0,1025.464360784757,0.00023513826299747522,0.032
raceline_xy,20260415_212047_eb9da4db,373,11.968000000000009,102.89020862813067,-24.770170504035153,10.898900954922299,0.0003309565445910323,10.89890095994722,0.45412087333113416,-0.2561293442863031,0.0011786137738716953,0.010012911208437359,0.05006455604218679,-0.002810641592086327,-3.500240761855622e-05,80.21525201509354,0.8021525201509354,0.0848223903413342,10.5,0.4375,10.5,0.4375,20.91653005427767,0.8715220855949029,0.005175193086226049,10.0,0.007803696193889393,0.9568733909481163,0.5053813003773385,0.0,0.10238759892389554,0.0,1023.8759892389554,0.00036062564304629606,0.032
raceline_xy,20260415_212047_eb9da4db,374,12.000000000000009,103.22753254914598,-24.858489850637653,10.896697420921361,0.0001943906219428193,10.896697422655269,0.45402905927730286,-0.25609322191122263,0.0011291770259192599,0.038710506036962,0.19355253018481,-0.0028002485717668613,-2.9558499333059984e-05,80.13731277296188,0.8013731277296188,0.08505649682831798,10.5,0.4375,10.5,0.4375,20.91653005427767,0.8715220855949029,0.00515727666100485,10.0,0.007803696193889393,0.9570226944916262,0.5034328193240469,0.0,0.10221551501396904,0.0,1022.1551501396904,0.0002205191813211292,0.032
raceline_xy,20260415_212047_eb9da4db,375,12.032000000000009,103.56479133187077,-24.946777281215383,10.89447561342353,0.00024608924930458187,10.894475616202918,0.45393648400845493,-0.25605673249775274,0.0011406097757016022,0.012676872729186203,0.06338436364593102,-0.00279295966676818,-3.387866503956616e-05,80.05942702171953,0.8005942702171953,0.08536863501724538,10.5,0.4375,10.5,0.4375,20.91653005427767,0.8715220855949029,0.00513316973506317,10.0,0.007803696193889393,0.9572235855411403,0.5014856755429882,0.0,0.10206106337570393,0.0,1020.6106337570393,0.0003902952637222895,0.032
raceline_xy,20260415_212047_eb9da4db,376,12.064000000000009,103.90198312517781,-25.0350378871772,10.892238152713041,0.0001483105682571484,10.892238153722753,0.4538432564051147,-0.25602198101794293,0.001086348002497133,0.035912325674853945,0.17956162837426973,-0.0027837530395742327,-2.9664307793719757e-05,79.98159737948393,0.7998159737948393,0.08560273583986497,10.5,0.4375,10.5,0.4375,20.91653005427767,0.8715220855949029,0.005114924627259487,10.0,0.007803696193889393,0.9573756281061709,0.4995399344870982,0.0,0.10189305975768166,0.0,1018.9305975768166,0.0002524266117471197,0.032
raceline_xy,20260415_212047_eb9da4db,377,12.096000000000009,104.2391091842725,-25.12326465266933,10.889983132550867,0.0002609889145728239,10.889983135678293,0.45374929731992886,-0.255986152275979,0.0011199431447382335,0.015610514389344049,0.07805257194672025,-0.002776873198017338,-3.445662127754545e-05,79.9038210161826,0.7990382101618261,0.08591486654969806,10.5,0.4375,10.5,0.4375,20.91653005427767,0.8715220855949029,0.005090379907637832,10.0,0.007803696193889393,0.9575801674363514,0.4975955254045651,0.0,0.10174277743505156,0.0,1017.4277743505155,0.00039378884651807754,0.032
raceline_xy,20260415_212047_eb9da4db,378,12.128000000000009,104.5761674368839,-25.211463589854333,10.887713050070165,0.00018643463458589693,10.887713051666362,0.4536547104860984,-0.25595131179355946,0.001089088261110653,0.03284279990415114,0.1642139995207557,-0.0027673495575526452,-3.001070097230496e-05,79.82610058112009,0.7982610058112009,0.08614896181803632,10.5,0.4375,10.5,0.4375,20.91653005427767,0.8715220855949029,0.005071807837737641,10.0,0.007803696193889393,0.9577349346855196,0.4956525145280022,0.0,0.10157870939345312,0.0,1015.7870939345312,0.00022431550715112776,0.032
raceline_xy,20260415_212047_eb9da4db,379,12.160000000000009,104.91315878651662,-25.299629084378676,10.885425879269183,0.000275393360470666,10.88542588275281,0.45355941178136705,-0.25591522866584837,0.001127857488254943,0.01881842934332847,0.09409214671664234,-0.0027599560476523344,-3.4358832379233206e-05,79.74843321763782,0.7974843321763783,0.08646108519554102,10.5,0.4375,10.5,0.4375,20.91653005427767,0.8715220855949029,0.005046826682730821,10.0,0.007803696193889393,0.9579431109772432,0.4937108304409456,0.0,0.10143247704442324,0.0,1014.3247704442324,0.0003636613047648753,0.032
raceline_xy,20260415_212047_eb9da4db,380,12.192000000000009,105.25008099075758,-25.38776787015855,10.883124195246813,0.00015897721234159334,10.883124196407957,0.4534635081836649,-0.25588059541921826,0.0010826004145102592,0.029497667032951775,0.14748833516475887,-0.002750438151307044,-2.9978013920572977e-05,79.67082161398238,0.7967082161398238,0.08669517501966403,10.5,0.4375,10.5,0.4375,20.91653005427767,0.8715220855949029,0.005027926962138718,10.0,0.007803696193889393,0.958100608648844,0.4917705403495596,0.0,0.10127217704012573,0.0,1012.7217704012572,0.00021336779185179754,0.032
raceline_xy,20260415_212047_eb9da4db,381,12.224000000000009,105.58693513390843,-25.475873723595804,10.880806080111398,0.0002314422655498305,10.880806082572867,0.4533669201072028,-0.2558452260195585,0.0011055579223237602,0.022337974147938453,0.11168987073969226,-0.0027435262485422385,-3.4852297340126626e-05,79.59326289877342,0.7959326289877342,0.08700731713461614,10.5,0.4375,10.5,0.4375,20.91653005427767,0.8715220855949029,0.005002507014022495,10.0,0.007803696193889393,0.9583124415498125,0.48983157246933545,0.0,0.10112973144211602,0.0,1011.2973144211603,0.00037612983898439726,0.032
raceline_xy,20260415_212047_eb9da4db,382,12.256000000000009,105.92371925087978,-25.56395241679514,10.878474213749374,0.00013099784698056283,10.878474214538107,0.4532697589390878,-0.25581141688817155,0.0010568490171212438,0.025810235765596788,0.12905117882798392,-0.002734633989266655,-3.1155245652669805e-05,79.5157598014515,0.7951575980145149,0.08724142464145462,10.5,0.4375,10.5,0.4375,20.91653005427767,0.8715220855949029,0.004983277744032399,10.0,0.007803696193889393,0.9584726854663966,0.4878939950362874,0.0,0.10097290126782994,0.0,1009.7290126782995,0.00022785073038775782,0.032
raceline_xy,20260415_212047_eb9da4db,383,12.28800000000001,106.26043459605049,-25.651997164976187,10.876126635655284,0.00023392714603298614,10.876126638170973,0.4531719432571239,-0.2557765202496718,0.001090770172147193,0.02617576841762318,0.1308788420881159,-0.0027279403046418516,-3.631347709021071e-05,79.43830943056099,0.7943830943056099,0.08755356448268133,10.5,0.4375,10.5,0.4375,20.91653005427767,0.8715220855949029,0.004957419840176058,10.0,0.007803696193889393,0.9586881679985328,0.4859577357640248,0.0,0.10083397451440188,0.0,1008.3397451440187,0.0003776893086924717,0.032
raceline_xy,20260415_212047_eb9da4db,384,12.32000000000001,106.59707911581228,-25.740014157717333,10.873765919006813,0.00014635100399251755,10.873765919991689,0.4530735799996537,-0.2557427913810386,0.0010543150628922224,0.02183373318444894,0.1091686659222447,-0.002718905715749731,-3.25554038984599e-05,79.36091454469239,0.793609145446924,0.08778766676376638,10.5,0.4375,10.5,0.4375,20.91653005427767,0.8715220855949029,0.0049378614790116515,10.0,0.007803696193889393,0.9588511543415695,0.4840228636173098,0.0,0.10068043856109737,0.0,1006.8043856109738,0.0002121779833307148,0.032
raceline_xy,20260415_212047_eb9da4db,385,12.35200000000001,106.9336539013625,-25.82799728635989,10.8713899167505,0.00023918937543410124,10.87138991938179,0.45297457997424123,-0.25570786136591384,0.0010917886399777073,0.03030031140793848,0.1515015570396924,-0.0027119160297219835,-3.749292482879696e-05,79.28357222290153,0.7928357222290152,0.08809979971035285,10.5,0.4375,10.5,0.4375,20.91653005427767,0.8715220855949029,0.004911563500140215,10.0,0.007803696193889393,0.9590703041654982,0.48208930557253815,0.0,0.10054494299054656,0.0,1005.4494299054655,0.00036069784904915704,0.032
raceline_xy,20260415_212047_eb9da4db,386,12.38400000000001,107.27015679792166,-25.91595317881129,10.869001166576226,0.00013004839715469174,10.869001167354245,0.4528750486397602,-0.2556743365555203,0.0010479259943949244,0.017571693187184677,0.08785846593592338,-0.0027028740072814195,-3.379795636648808e-05,79.20628525488631,0.7920628525488631,0.08833389687522714,10.5,0.4375,10.5,0.4375,20.91653005427767,0.8715220855949029,0.00489167563365589,10.0,0.007803696193889393,0.9592360363862009,0.48015713137215776,0.0,0.10039462152605232,0.0,1003.9462152605232,0.00020439252126770412,0.032
raceline_xy,20260415_212047_eb9da4db,387,12.41600000000001,107.60658898748106,-26.003875432578045,10.866597565537715,0.0002139402643863697,10.86659756764373,0.4527748986518221,-0.25563988752372246,0.001076755568444881,0.03471544252371643,0.17357721261858214,-0.0026961153929345727,-3.9027774608069166e-05,79.12270213305558,0.7912270213305558,0.08864602307321934,10.59,0.44125,10.59,0.44125,20.91653005427767,0.8715220855949029,0.004864939118953249,10.0,0.007803696193889393,0.9594588406753896,0.47806755332638956,0.0,0.14061725172154493,0.0,1406.1725172154493,0.0003665134357876212,0.032
raceline_xy,20260415_212047_eb9da4db,388,12.44800000000001,107.943130489689,-26.091818386770484,10.870066155245237,4.026467196061034e-05,10.87006615531981,0.4529194231383254,-0.25560202202314297,0.0011822546622755879,0.013211380620221624,0.06605690310110812,-0.002682539139249762,-3.0850803290238815e-05,79.03918192084694,0.7903918192084695,0.08888011523140907,10.6575,0.4440625,10.6575,0.4440625,20.91653005427767,0.8715220855949029,0.004844722029902826,10.0,0.007803696193889393,0.9596273164174765,0.4759795480211736,0.0,0.13990978502537268,0.0,1399.0978502537268,3.791031321877025e-05,0.032
raceline_xy,20260415_212047_eb9da4db,389,12.48000000000001,108.27978046544482,-26.179773888953598,10.873444975458519,6.475261068317195e-05,10.873444975651323,0.4530602073188051,-0.2555603459362672,0.0013001267176617462,0.03887434610244093,0.19437173051220463,-0.0026683116574264254,-2.866599429252048e-05,78.95259516072714,0.7895259516072715,0.08919224393545314,10.7475,0.4478125,10.7475,0.4478125,20.91653005427767,0.8715220855949029,0.004817545784591815,10.0,0.007803696193889393,0.9598537851284016,0.47381487901817854,0.0,0.15818968044170398,0.0,1581.8968044170397,8.855821816609942e-05,0.032
raceline_xy,20260415_212047_eb9da4db,390,12.51200000000001,108.61661768634018,-26.26777468825948,10.879464170232898,-0.00027463492805601675,10.879464173699262,0.45331100723746925,-0.25551907639473015,0.0012859504604257653,0.009357180344680648,0.04678590172340324,-0.00265119734590602,-1.6945358781939035e-05,78.8659349207102,0.788659349207102,0.08942635219278446,10.815,0.450625,10.815,0.450625,20.91653005427767,0.8715220855949029,0.004796997996725949,10.0,0.007803696193889393,0.9600250166939505,0.4716483730177551,0.0,0.15808690033764647,0.0,1580.8690033764647,-9.937376901781686e-05,0.032
raceline_xy,20260415_212047_eb9da4db,391,12.54400000000001,108.9536426522174,-26.355814173233455,10.885446257716207,-0.00039570046536008263,10.885446264908328,0.453560261037847,-0.2554791820379423,0.0012416170727145856,0.042384936679024196,0.21192468339512097,-0.002638654539367291,-1.6355600737760767e-05,78.77540271339733,0.7877540271339732,0.08973849332605781,10.905,0.454375,10.905,0.454375,20.91653005427767,0.8715220855949029,0.004769381361072966,10.0,0.007803696193889393,0.960255155324392,0.46938506783493317,0.0,0.18025656643519392,0.0,1802.5656643519392,0.0001553484517135572,0.032
raceline_xy,20260415_212047_eb9da4db,392,12.57600000000001,109.29095291815236,-26.443922508717147,10.894616210820292,-0.0006345179869229334,10.89461622929791,0.4539423428874129,-0.2554415364646214,0.001169514377726908,0.006376348837880167,0.03188174418940083,-0.0026250834842818094,-8.118007714053022e-06,78.68491069561597,0.7868491069561597,0.08997259679465873,10.9725,0.4571875,10.9725,0.4571875,20.91653005427767,0.8715220855949029,0.004748504216721017,10.0,0.007803696193889393,0.9604291315273249,0.4671227673903992,0.0,0.17921899086104046,0.0,1792.1899086104045,2.9212892580462644e-05,0.032
raceline_xy,20260415_212047_eb9da4db,393,12.60800000000001,109.62854566631107,-26.532086392152102,10.90359593809611,-0.0005004001871542485,10.903595949578577,0.4543164978991074,-0.2554033087143459,0.0011859660048542137,0.044815842925883594,0.22407921462941796,-0.0026139644448628374,-9.008213332162285e-06,78.59089302900107,0.7859089302900106,0.09028473161581774,11.0625,0.4609375,11.0625,0.4609375,20.91653005427767,0.8715220855949029,0.004720447014856521,10.0,0.007803696193889393,0.9606629415428624,0.46477232572502664,0.0,0.19844492018382567,0.0,1984.4492018382568,0.00019089109446316656,0.032
raceline_xy,20260415_212047_eb9da4db,394,12.64000000000001,109.96650391193313,-26.620334260182844,10.915310260107656,-0.0005783358196711497,10.915310275428903,0.4548045948095376,-0.255364454542665,0.0012034939406629392,0.004664334308878719,0.02332167154439359,-0.0025989031356439263,5.776732701079368e-07,78.49693003721933,0.7849693003721933,0.09051883040497379,11.13,0.46375000000000005,11.13,0.46375000000000005,20.91653005427767,0.8715220855949029,0.004699239174280834,10.0,0.007803696193889393,0.9608396735476598,0.4624232509304832,0.0,0.1971277177326202,0.0,1971.277177326202,-5.90526614641638e-05,0.032
raceline_xy,20260415_212047_eb9da4db,395,12.67200000000001,110.30482142707763,-26.708658188875738,10.926773738220646,-0.00048608983084097446,10.926773749032773,0.4552822395430322,-0.2553238295625775,0.0012570237855802483,0.04582970583524183,0.22914852917620915,-0.002585066677708081,2.272025064087302e-06,78.39937529035898,0.7839937529035897,0.09083095905972187,11.22,0.4675,11.22,0.4675,20.91653005427767,0.8715220855949029,0.004670742323294785,10.0,0.007803696193889393,0.9610771473058768,0.45998438225897437,0.0,0.21593811349337383,0.0,2159.3811349337384,5.953001828486689e-05,0.032
raceline_xy,20260415_212047_eb9da4db,396,12.70400000000001,110.64357769445277,-26.797089596331116,10.94088850779727,-0.0007107394186349758,10.940888530882713,0.4558703554534464,-0.25528382757178747,0.0012355709734963695,0.004493709622762756,0.022468548113813776,-0.0025686506470363746,1.3146269449038073e-05,78.3019138734968,0.783019138734968,0.09106505327870261,11.2875,0.47031249999999997,11.2875,0.47031249999999997,20.91653005427767,0.8715220855949029,0.004649204726600242,10.0,0.007803696193889393,0.9612566272783313,0.45754784683742,0.0,0.214232199709014,0.0,2142.32199709014,-0.0001342202071478746,0.032
raceline_xy,20260415_212047_eb9da4db,397,12.73600000000001,110.98276446792474,-26.885618999665816,10.954679113826174,-0.0007113858767242576,10.954679136924517,0.45644496403852153,-0.2552441410183759,0.001224014651081542,0.04511909674573909,0.22559548372869545,-0.0025555487860611237,1.4089330101718645e-05,78.20079703642548,0.7820079703642548,0.09137717591272192,11.3775,0.4740625,11.3775,0.4740625,20.91653005427767,0.8715220855949029,0.004620267884792639,10.0,0.007803696193889393,0.961497767626728,0.4550199259106371,0.0,0.23265361873785367,0.0,2326.536187378537,7.133653357594948e-05,0.032
raceline_xy,20260415_212047_eb9da4db,398,12.76800000000001,111.32245970088447,-26.974273591012025,10.97104139725449,-0.0009027995087715901,10.971041434399869,0.45712672643332786,-0.2552060583915359,0.0011719983153347022,0.0061175972023571985,0.03058798601178599,-0.002540890213204694,2.3183507098067935e-05,78.09981371055332,0.7809981371055332,0.09161127976047063,11.445,0.476875,11.445,0.476875,20.91653005427767,0.8715220855949029,0.004598399300660194,10.0,0.007803696193889393,0.9616800058278318,0.452495342763833,0.0,0.2305796011809655,0.0,2305.796011809655,-8.779748103659475e-05,0.032
raceline_xy,20260415_212047_eb9da4db,399,12.80000000000001,111.66265368888351,-27.06304072951307,10.987010529132885,-0.0007946007752814843,10.987010557866379,0.45779210657776576,-0.25516753603613074,0.0011841228409498398,0.042447122525408096,0.21223561262704047,-0.0025286944477675988,2.3147554676139492e-05,77.9951146562866,0.779951146562866,0.09192342182731537,11.535,0.480625,11.535,0.480625,20.91653005427767,0.8715220855949029,0.004569020629176634,10.0,0.007803696193889393,0.9619248280901948,0.4498778664071651,0.0,0.24863144683126465,0.0,2486.3144683126466,8.236715647745216e-05,0.032
raceline_xy,20260415_212047_eb9da4db,400,12.83200000000001,112.00342187551928,-27.151947522170847,11.005474765221042,-0.0009103928227465197,11.005474802875714,0.4585614501198214,-0.25512918835133735,0.0011768943583932122,0.009845963941511653,0.04922981970755826,-0.0025135227293264784,3.2646542531100664e-05,77.8905906000997,0.778905906000997,0.09215752621416276,11.6025,0.48343749999999996,11.6025,0.48343749999999996,20.91653005427767,0.8715220855949029,0.004546821506527188,10.0,0.007803696193889393,0.9621098207789401,0.44726476500249246,0.0,0.2462090615215473,0.0,2462.090615215473,-0.00013758972998525654,0.032
raceline_xy,20260415_212047_eb9da4db,401,12.86400000000001,112.34475190947173,-27.24098326647241,11.023481125228697,-0.0008143619366669519,11.023481155309275,0.45931171480455313,-0.25508966169416425,0.0012123283283927378,0.0375014835556798,0.187507417778399,-0.002500024965474079,3.380126484264778e-05,77.78229373484574,0.7778229373484574,0.09246966255031114,11.692499999999999,0.48718749999999994,11.692499999999999,0.48718749999999994,20.91653005427767,0.8715220855949029,0.004517002046491747,10.0,0.007803696193889393,0.9623583162792354,0.44455734337114344,0.0,0.2639096590665361,0.0,2639.096590665361,5.754968030375246e-06,0.032
raceline_xy,20260415_212047_eb9da4db,402,12.89600000000001,112.68671645861801,-27.330176413931458,11.043909237523895,-0.000999970188352961,11.043909282795019,0.4601628867831258,-0.25505078743309006,0.0011904503574223775,0.01600017024416326,0.0800008512208163,-0.0024841095522480927,4.396586526089763e-05,77.67421450674465,0.7767421450674464,0.09270376269363902,11.76,0.49,11.76,0.49,20.91653005427767,0.8715220855949029,0.004494471509572495,10.0,0.007803696193889393,0.9625460707535626,0.4418553626686162,0.0,0.2611574732758788,0.0,2611.574732758788,-0.00019235312270366532,0.032
raceline_xy,20260415_212047_eb9da4db,403,12.92800000000001,113.02930137478388,-27.419515524371356,11.063819336527416,-0.0009548726324353218,11.063819377732976,0.46099247407220734,-0.2550117216150545,0.0011953377945952937,0.030026343240296363,0.1501317162014818,-0.002470832152967617,4.4845401186321965e-05,77.56230851856284,0.7756230851856284,0.09301589344442633,11.85,0.49374999999999997,11.85,0.49374999999999997,20.91653005427767,0.8715220855949029,0.004464210506293309,10.0,0.007803696193889393,0.9627982457808891,0.4390577129640711,0.0,0.27852389097780017,0.0,2785.2389097780015,-6.572168568893345e-06,0.032
raceline_xy,20260415_212047_eb9da4db,404,12.96000000000001,113.37257759134314,-27.50902683307638,11.086081243041734,-0.0011321268193258405,11.086081300848956,0.46192005420203985,-0.2549738703977109,0.0011561925770367622,0.024819564966621948,0.12409782483310973,-0.0024557508558409324,5.412677356231299e-05,77.45066383141021,0.7745066383141022,0.09324998945322846,11.9175,0.4965625,11.9175,0.4965625,20.91653005427767,0.8715220855949029,0.004441349458746746,10.0,0.007803696193889393,0.9629887545104437,0.4362665957852553,0.0,0.2754592261633344,0.0,2754.592261633344,-0.00018462559019822165,0.032
raceline_xy,20260415_212047_eb9da4db,405,12.99200000000001,113.71652960004896,-27.59869702625104,11.10776925988448,-0.0010360149378421113,11.107769308198725,0.46282372117494686,-0.2549355383270102,0.0011704166002709728,0.019794730847623124,0.09897365423811562,-0.0024429450585583545,5.445875214871165e-05,77.33514143085048,0.7733514143085048,0.09356211476396936,12.0075,0.5003125,12.0075,0.5003125,20.91653005427767,0.8715220855949029,0.004410647443124027,10.0,0.007803696193889393,0.9632446046406331,0.4333785357712621,0.0,0.29250750683168336,0.0,2925.0750683168335,-1.217244984208431e-05,0.032
raceline_xy,20260415_212047_eb9da4db,406,13.02400000000001,114.06122622934113,-27.688551921027617,11.13174212045175,-0.001173678801281941,11.13174218232535,0.46382259093022293,-0.2548977692053045,0.001151947007561493,0.036524913052591326,0.18262456526295662,-0.0024277152153935333,6.379744488693717e-05,77.21992485677356,0.7721992485677356,0.09379620762270531,12.075,0.5031249999999999,12.075,0.5031249999999999,20.91653005427767,0.8715220855949029,0.004387455406567042,10.0,0.007803696193889393,0.9634378716119413,0.43049812141933896,0.0,0.2891467600578391,0.0,2891.4676005783913,-0.00021901392672318108,0.032
raceline_xy,20260415_212047_eb9da4db,407,13.05600000000001,114.40665006850068,-27.778578892282958,11.155089009047384,-0.0010781314590544433,11.155089061147704,0.464795377547821,-0.25485913951181693,0.001178387356513488,0.006699343401038202,0.03349671700519101,-0.0024143266648977146,6.461143449154605e-05,77.1007824638172,0.771007824638172,0.09410835026646512,12.165,0.506875,12.165,0.506875,20.91653005427767,0.8715220855949029,0.004356310671306041,10.0,0.007803696193889393,0.9636974110724497,0.4275195615954299,0.0,0.30589210128855704,0.0,3058.9210128855702,-5.9834918522225005e-05,0.032
raceline_xy,20260415_212047_eb9da4db,408,13.08800000000001,114.75286769843248,-27.86880426734779,11.180656775225913,-0.0012473073481786834,11.180656844800342,0.46586070186668094,-0.25482129408859233,0.0011533802152515135,0.04876588133804974,0.2438294066902487,-0.0024016396718762323,6.474726175609291e-05,76.97959766763724,0.7697959766763723,0.09442048994937581,12.255,0.510625,12.255,0.510625,20.91653005427767,0.8715220855949029,0.00432491368363408,10.0,0.007803696193889393,0.9639590526363827,0.4244899416909309,0.0,0.31338272644229337,0.0,3133.8272644229337,-2.7329283457600283e-05,0.032
raceline_xy,20260415_212047_eb9da4db,409,13.12000000000001,115.09990909291515,-27.95922759976787,11.207127468995502,-0.0011855181735680453,11.20712753169905,0.46696364715412714,-0.2547819604984696,0.0011994193162045573,0.01001230096150386,0.050061504807519294,-0.0023844507315367025,7.586830027461744e-05,76.85869355910332,0.7685869355910332,0.09465459279699709,12.3225,0.5134375,12.3225,0.5134375,20.91653005427767,0.8715220855949029,0.004301200406231498,10.0,0.007803696193889393,0.9641566632814041,0.4214673389775829,0.0,0.3100315029162702,0.0,3100.3150291627016,-0.00033635560926792267,0.032
raceline_xy,20260415_212047_eb9da4db,410,13.15200000000001,115.4477543119723,-28.04984353386002,11.232952993238493,-0.0011344104899491114,11.232953050520276,0.46803971043834486,-0.25474142170456027,0.0012371646840408598,0.03067226571003501,0.15336132855017504,-0.0023686849769757323,7.888230138330954e-05,76.73379664653714,0.7673379664653714,0.0949667274124009,12.4125,0.5171875,12.4125,0.5171875,20.91653005427767,0.8715220855949029,0.004269360971756786,10.0,0.007803696193889393,0.9644219919020268,0.4183449161634286,0.0,0.32629688063216317,0.0,3262.9688063216317,-0.00018905464805932633,0.032
raceline_xy,20260415_212047_eb9da4db,411,13.18400000000001,115.79646604495501,-28.14068070709983,11.260899865172082,-0.0014301111688346246,11.260899955982673,0.46920416483261135,-0.25470334656342963,0.0011602742775921578,0.029772793201189057,0.1488639660059453,-0.002352604082705767,8.88832432286435e-05,76.60932449650463,0.7660932449650463,0.09520082651378661,12.48,0.52,12.48,0.52,20.91653005427767,0.8715220855949029,0.004245315605964084,10.0,0.007803696193889393,0.9646223699502993,0.4152331124126157,0.0,0.3222318036474214,0.0,3222.318036474214,-0.0003162908967284919,0.032
raceline_xy,20260415_212047_eb9da4db,412,13.21600000000001,116.14602365806437,-28.2317237022944,11.28810135063987,-0.0014076296004872368,11.288101438405786,0.4703375599335744,-0.2546667333550534,0.0011150853800529674,0.009166910636520819,0.04583455318260409,-0.0023405939506973006,8.815687644414538e-05,76.48081392197817,0.7648081392197816,0.09551295620673049,12.57,0.52375,12.57,0.52375,20.91653005427767,0.8715220855949029,0.004213034240377667,10.0,0.007803696193889393,0.9648913813301861,0.4120203480494542,0.0,0.33825013286181693,0.0,3382.5013286181693,-5.973510458440167e-05,0.032
raceline_xy,20260415_212047_eb9da4db,413,13.24800000000001,116.49649005748046,-28.32299349775661,11.317370418874381,-0.0015088683684396642,11.317370519457983,0.47155710497741593,-0.2546316700581692,0.001066996190241482,0.04687164451097467,0.23435822255487335,-0.002330028054291944,8.59864031976798e-05,76.35025612006865,0.7635025612006865,0.09582508315195545,12.66,0.5275,12.66,0.5275,20.91653005427767,0.8715220855949029,0.0041805002742503206,10.0,0.007803696193889393,0.9651624977145806,0.40875640300171623,0.0,0.34504586669441417,0.0,3450.4586669441414,-1.5923623401752193e-06,0.032
raceline_xy,20260415_212047_eb9da4db,414,13.28000000000001,116.84789173553048,-28.41448610736164,11.34740931599609,-0.001313483764688872,11.347409392015187,0.47280872466729945,-0.2545939293095474,0.0011509572160048674,0.016379094592233866,0.08189547296116932,-0.002313848772470095,9.587117536113965e-05,76.22009673830895,0.7622009673830895,0.09605917658616896,12.7275,0.5303125,12.7275,0.5303125,20.91653005427767,0.8715220855949029,0.004155933961146996,10.0,0.007803696193889393,0.9653672169904417,0.40550241845772383,0.0,0.3410365229414818,0.0,3410.365229414818,-0.00036774219947246703,0.032
raceline_xy,20260415_212047_eb9da4db,415,13.31200000000001,117.20020505267136,-28.506196674768482,11.376695094773313,-0.0011921304744384464,11.376695157233238,0.47402896488471824,-0.2545533222887322,0.0012413673000619572,0.019708802198113388,0.09854401099056694,-0.0022972526610716137,9.942834933518441e-05,76.08584224293699,0.76085842242937,0.09637131422443505,12.817499999999999,0.5340625,12.817499999999999,0.5340625,20.91653005427767,0.8715220855949029,0.0041229567601130945,10.0,0.007803696193889393,0.9656420269990575,0.4021460560734248,0.0,0.3566245956265643,0.0,3566.245956265643,-0.00028482594873933595,0.032
raceline_xy,20260415_212047_eb9da4db,416,13.34400000000001,117.55348739188537,-28.598156002822176,11.407958711527371,-0.0015298146925761813,11.407958814101944,0.47533161725424766,-0.2545147695886447,0.001178053016814414,0.045457851178461406,0.22728925589230703,-0.002280086302147488,0.00011026272819192329,75.95213519187311,0.7595213519187312,0.09660541915640217,12.885,0.536875,12.885,0.536875,20.91653005427767,0.8715220855949029,0.004098057736086069,10.0,0.007803696193889393,0.9658495188659494,0.3988033797968278,0.0,0.35194024261022894,0.0,3519.4024261022896,-0.0004278826549120705,0.032
raceline_xy,20260415_212047_eb9da4db,417,13.37600000000001,117.90771466896591,-28.690349383823992,11.438378226680882,-0.001588329534162991,11.438378336958346,0.4765990973732644,-0.25447851026603274,0.0011076586553581736,0.011597563514040883,0.05798781757020441,-0.002267717684286019,0.00010965666141338204,75.81429341658784,0.7581429341658784,0.09691755680953015,12.975,0.540625,12.975,0.540625,20.91653005427767,0.8715220855949029,0.004064637814806815,10.0,0.007803696193889393,0.9661280182099432,0.3953573354146961,0.0,0.36731098145777935,0.0,3673.1098145777933,-0.0001289705519140763,0.032
raceline_xy,20260415_212047_eb9da4db,418,13.40800000000001,118.26294576266741,-28.78279583515721,11.47072806559933,-0.0017298107277716746,11.470728196028938,0.47794700816787244,-0.2544449770374757,0.0010235134444363195,0.02152524114877049,0.10762620574385244,-0.002257991891918998,0.00010642957208917281,75.67440976917655,0.7567440976917655,0.09722969192754016,13.065,0.5443749999999999,13.065,0.5443749999999999,20.91653005427767,0.8715220855949029,0.004030964524276648,10.0,0.007803696193889393,0.9664086289643613,0.39186024422941373,0.0,0.3734905696754317,0.0,3734.905696754317,-2.1503566587984077e-05,0.032
raceline_xy,20260415_212047_eb9da4db,419,13.44000000000001,118.61920420457528,-28.87548805144329,11.503732140349376,-0.0014949394877943334,11.503732237484984,0.4793221765618743,-0.25440905367061095,0.0010990715339193465,0.04671459023545742,0.23357295117728707,-0.0022430695493085295,0.00011485158608115498,75.5350453610841,0.755350453610841,0.0974637916308245,13.1325,0.5471875,13.1325,0.5471875,20.91653005427767,0.8715220855949029,0.004005543228000175,10.0,0.007803696193889393,0.9666204730999985,0.3883761340271025,0.0,0.36890094830975106,0.0,3689.009483097511,-0.0003825413498980121,0.032
raceline_xy,20260415_212047_eb9da4db,420,13.47200000000001,118.97646387866081,-28.968419348317347,11.535893814323588,-0.0013064721198174922,11.535893888304392,0.4806622453460163,-0.2543695910530257,0.0012109932330011492,0.015955583548956345,0.07977791774478171,-0.002226880266737119,0.0001177379863190886,75.39149875866438,0.7539149875866439,0.09777592242616735,13.2225,0.5509375,13.2225,0.5509375,20.91653005427767,0.8715220855949029,0.0039714268245076845,10.0,0.007803696193889393,0.966904776462436,0.3847874689666096,0.0,0.38388406616934906,0.0,3838.840661693491,-0.00032467028814830534,0.032
raceline_xy,20260415_212047_eb9da4db,421,13.50400000000001,119.33477790405719,-29.06162054188772,11.569904387166988,-0.0016185648904927241,11.569904500381075,0.4820793541825448,-0.25433154238984645,0.0011681204555224146,0.014010297736876134,0.07005148868438067,-0.002212076502149163,0.00011931574838142112,75.24591779335772,0.7524591779335772,0.09808805081643089,13.3125,0.5546875,13.3125,0.5546875,20.91653005427767,0.8715220855949029,0.00393705733711025,10.0,0.007803696193889393,0.9671911888574146,0.381147944833943,0.0,0.38971573390249514,0.0,3897.1573390249514,-0.00025664784798000304,0.032
raceline_xy,20260415_212047_eb9da4db,422,13.53600000000001,119.69416626064806,-29.15508960762649,11.604503331738576,-0.0017020417446622638,11.604503456558485,0.48352097735660354,-0.2542946057259483,0.0011346107570336236,0.042556597951347606,0.212782989756738,-0.0021982485311933253,0.00011988670081741759,75.09819900278798,0.7509819900278798,0.09840017684889503,13.4025,0.5584375,13.4025,0.5584375,20.91653005427767,0.8715220855949029,0.0039024346384937125,10.0,0.007803696193889393,0.9674797113458857,0.3774549750696995,0.0,0.39585466640410183,0.0,3958.546664041018,-0.00022369711243798164,0.032
raceline_xy,20260415_212047_eb9da4db,423,13.56800000000001,120.05464914839621,-29.24882738843112,11.639719864935882,-0.0016593426986148962,11.639719983212705,0.4849883326338627,-0.2542572781090344,0.0011479885376438992,0.030028901444629913,0.15014450722314956,-0.002181427770547195,0.00013000848489586048,74.95110921728207,0.7495110921728206,0.09863427856779576,13.47,0.56125,13.47,0.56125,20.91653005427767,0.8715220855949029,0.0038763008702535906,10.0,0.007803696193889393,0.9676974927478867,0.37377773043205165,0.0,0.3907947292548625,0.0,3907.9472925486252,-0.0005010724387928881,0.032
raceline_xy,20260415_212047_eb9da4db,424,13.60000000000001,120.41619838542603,-29.34282618329053,11.674023516112761,-0.0016098140413149942,11.67402362710711,0.4864176511294629,-0.2542197809228508,0.001154848306944961,0.0040470070479868515,0.020235035239934255,-0.0021666610486303917,0.0001313228151254009,74.7997732570605,0.747997732570605,0.09894641786933989,13.56,0.5650000000000001,13.56,0.5650000000000001,20.91653005427767,0.8715220855949029,0.00384123383006596,10.0,0.007803696193889393,0.9679897180827837,0.36999433142651234,0.0,0.4053052651882559,0.0,4053.0526518825586,-0.00030106675214017627,0.032
raceline_xy,20260415_212047_eb9da4db,425,13.63200000000001,120.7788653638907,-29.437110561676047,11.71007466105356,-0.0018664171351736591,11.710074809793555,0.48791978374139816,-0.25418533500005536,0.0010608808480791496,0.02180555349933549,0.10902776749667745,-0.00215490449807465,0.00012969094755099775,74.64641857639634,0.7464641857639635,0.09925855494279572,13.65,0.56875,13.65,0.56875,20.91653005427767,0.8715220855949029,0.0038059134393675365,10.0,0.007803696193889393,0.9682840546719372,0.36616046440990857,0.0,0.4106881421760706,0.0,4106.881421760706,-0.0001728417878046913,0.032
raceline_xy,20260415_212047_eb9da4db,426,13.66400000000001,121.14266862968319,-29.53167345403452,11.746631198456964,-0.0017679544650017753,11.746631331502043,0.4894429721459184,-0.25415071946971324,0.0010673293456478323,0.04585096277111463,0.22925481385557314,-0.0021427597569698698,0.00012833335987627592,74.49094081554149,0.744909408155415,0.09957068983540612,13.74,0.5725,13.74,0.5725,20.91653005427767,0.8715220855949029,0.003770339287843427,10.0,0.007803696193889393,0.9685805059346381,0.36227352038853733,0.0,0.4163826031713385,0.0,4163.826031713385,-0.0002000471229110931,0.032
raceline_xy,20260415_212047_eb9da4db,427,13.69600000000001,121.50762557643658,-29.626515984928872,11.783722682059516,-0.0016024840324857514,11.783722791021477,0.4909884496258949,-0.2541132957725818,0.0011561068310614697,0.03135278228204057,0.15676391141020282,-0.0021252647587997053,0.00013884583341994272,74.33619799470053,0.7433619799470053,0.09980478960210161,13.807500000000001,0.5753125,13.807500000000001,0.5753125,20.91653005427767,0.8715220855949029,0.0037434920724543908,10.0,0.007803696193889393,0.9688042327295467,0.35840494986751315,0.0,0.41091432021643276,0.0,4109.143202164328,-0.0005812312486137036,0.032
raceline_xy,20260415_212047_eb9da4db,428,13.72800000000001,121.8737050403893,-29.721634399755768,11.819842098596327,-0.0015861724892900497,11.819842205025124,0.49249342520938016,-0.25407458909732483,0.0011976707641071932,0.009766775531264532,0.04883387765632266,-0.002108587229040726,0.00014176270632138,74.17715397057891,0.7417715397057891,0.10011692079189978,13.8975,0.5790625,13.8975,0.5790625,20.91653005427767,0.8715220855949029,0.0037074740004623408,10.0,0.007803696193889393,0.9691043833294805,0.3544288492644728,0.0,0.42499086032867317,0.0,4249.908603286732,-0.0004171627075692816,0.032
raceline_xy,20260415_212047_eb9da4db,429,13.76000000000001,122.24095462450461,-29.817055817765425,11.857614373348737,-0.0019702760172668476,11.857614537040499,0.49406727237668746,-0.2540399986244086,0.0010703823419173602,0.011189925505974502,0.05594962752987251,-0.002096040445171976,0.00014066821964542342,74.01611176829414,0.7401611176829413,0.10042904993075193,13.9875,0.5828125000000001,13.9875,0.5828125000000001,20.91653005427767,0.8715220855949029,0.003671202365044479,10.0,0.007803696193889393,0.9694066469579626,0.35040279420735343,0.0,0.4299641082586293,0.0,4299.641082586293,-0.00023790957859614313,0.032
raceline_xy,20260415_212047_eb9da4db,430,13.79200000000001,122.60939081108384,-29.91277147886477,11.895816394323194,-0.0019445723688598093,11.895816553259813,0.4956590230524922,-0.25400692316992135,0.0010240958941423498,0.030372065580859985,0.15186032790429993,-0.0020848285894556895,0.00013816344292072458,73.85296628399904,0.7385296628399903,0.10074117706588746,14.0775,0.5865625,14.0775,0.5865625,20.91653005427767,0.8715220855949029,0.003634677061533864,10.0,0.007803696193889393,0.9697110244872178,0.34632415709997594,0.0,0.43525192751538144,0.0,4352.519275153814,-0.00019395041386044388,0.032
raceline_xy,20260415_212047_eb9da4db,431,13.82400000000001,122.97902952585575,-30.008778643135123,11.93447862753174,-0.001739969360801119,11.934478754369847,0.49726994809874364,-0.25397162789790384,0.0010942900141255776,0.04842693250257382,0.2421346625128691,-0.002071114194179824,0.00013798249347551916,73.68772883227597,0.7368772883227597,0.10105331302358919,14.1675,0.5903125,14.1675,0.5903125,20.91653005427767,0.8715220855949029,0.0035978973538282055,10.0,0.007803696193889393,0.9700175220514317,0.3421932208068991,0.0,0.440409759577591,0.0,4404.09759577591,-0.00030828319311276126,0.032
raceline_xy,20260415_212047_eb9da4db,432,13.85600000000001,123.34988378437485,-30.105082806115362,11.9735777201257,-0.0016392552518516013,11.973577832337682,0.49889907634740344,-0.25393323329261497,0.001191913241650792,0.034856022714199,0.174280113570995,-0.0020519409167554237,0.00014983841296789535,73.52336224203987,0.7352336224203987,0.10128741661203092,14.235,0.593125,14.235,0.593125,20.91653005427767,0.8715220855949029,0.003570145837155092,10.0,0.007803696193889393,0.9702487846903742,0.3380840560509967,0.0,0.43446997310054203,0.0,4344.69973100542,-0.0007014923344282561,0.032
raceline_xy,20260415_212047_eb9da4db,433,13.88800000000001,123.72191983253529,-30.20168184367581,12.011639165561178,-0.0017400003990624135,12.011639291588997,0.5004849704828749,-0.25389502486743964,0.0011873392504517443,0.019304659119656675,0.09652329559828338,-0.0020349420850558353,0.0001527534634182537,73.35463564211965,0.7335463564211965,0.10159955309361035,14.325,0.5968749999999999,14.325,0.5968749999999999,20.91653005427767,0.8715220855949029,0.0035329217236528265,10.0,0.007803696193889393,0.9705589856362264,0.33386589105299114,0.0,0.4480383693200154,0.0,4480.383693200154,-0.00046696786442970543,0.032
raceline_xy,20260415_212047_eb9da4db,434,13.92000000000001,124.09518223627708,-30.298600399470544,12.051242090778663,-0.0021688201268670326,12.05124228593617,0.5021350952473403,-0.25386266721285367,0.0010055812816734168,0.005339702195613468,0.02669851097806734,-0.0020238349216850082,0.00014992205792907498,73.18394362182289,0.7318394362182289,0.10191168774836196,14.415,0.600625,14.415,0.600625,20.91653005427767,0.8715220855949029,0.003495443499990092,10.0,0.007803696193889393,0.9708713041667493,0.3295985905455723,0.0,0.45253333401754464,0.0,4525.333340175446,-0.00021612931503632682,0.032
raceline_xy,20260415_212047_eb9da4db,435,13.95200000000001,124.46968571102312,-30.395825385284788,12.091187419339501,-0.0020682244151717377,12.091187596226685,0.5037994831761119,-0.2538320133571581,0.0009530332471438766,0.008549773320789631,0.04274886660394815,-0.0020142201328781084,0.00014549109303763075,73.01118028655294,0.7301118028655295,0.10222382062349526,14.504999999999999,0.604375,14.504999999999999,0.604375,20.91653005427767,0.8715220855949029,0.003457711089668969,10.0,0.007803696193889393,0.9711857409194252,0.3252795071638236,0.0,0.45734532340108425,0.0,4573.453234010843,-0.00016802429465675344,0.032
raceline_xy,20260415_212047_eb9da4db,436,13.98400000000001,124.84544385216796,-30.493351982939444,12.131506199659928,-0.0017597650615566174,12.131506327293422,0.5054794303038926,-0.2537978886077976,0.0010619033401635535,0.02014018669860614,0.10070093349303069,-0.002000798417739702,0.00014463551771326522,72.83635854151103,0.7283635854151104,0.10253595176621622,14.594999999999999,0.6081249999999999,14.594999999999999,0.6081249999999999,20.91653005427767,0.8715220855949029,0.0034197247423106703,10.0,0.007803696193889393,0.9715022938140777,0.3209089635377758,0.0,0.46203784324819136,0.0,4620.3784324819135,-0.00033572232766082783,0.032
raceline_xy,20260415_212047_eb9da4db,437,14.01600000000001,125.2224665988135,-30.591186779547844,12.17217733574152,-0.0016280692674275343,12.172177444621363,0.5071740601925568,-0.2537594316875129,0.0011976524512643419,0.03056345164506477,0.15281725822532385,-0.001982767733546442,0.00014821650686513976,72.65948648141266,0.7265948648141266,0.10284808122372742,14.684999999999999,0.611875,14.684999999999999,0.611875,20.91653005427767,0.8715220855949029,0.003381484392757983,10.0,0.007803696193889393,0.9718209633936835,0.3164871620353164,0.0,0.4666318271297129,0.0,4666.318271297129,-0.0005259613943251991,0.032
raceline_xy,20260415_212047_eb9da4db,438,14.04800000000001,125.60076202518374,-30.68934116531112,12.213182084430382,-0.001790912317601201,12.213182215737968,0.5088825923224153,-0.2537201398922302,0.001224227092341368,0.039696833430906214,0.19848416715453107,-0.001963763218289394,0.00015273666212767267,72.480572664354,0.72480572664354,0.10316020904322794,14.774999999999999,0.615625,14.774999999999999,0.615625,20.91653005427767,0.8715220855949029,0.003342989932082041,10.0,0.007803696193889393,0.972141750565983,0.31201431660885,0.0,0.4711287672531413,0.0,4711.287672531413,-0.0005623415282784887,0.032
raceline_xy,20260415_212047_eb9da4db,439,14.08000000000001,125.98033882271938,-30.787821853663377,12.254502411784467,-0.0020562402699675353,12.254502584297551,0.5106042743457313,-0.2536837574592439,0.001133846570173819,0.04752929498885558,0.2376464749442779,-0.001947594866172242,0.00015445101700972685,72.29964084009704,0.7229964084009705,0.10347234687685311,14.864999999999998,0.6193749999999999,14.864999999999998,0.6193749999999999,20.91653005427767,0.8715220855949029,0.0033042406003906954,10.0,0.007803696193889393,0.9724646616634108,0.30749102100242603,0.0,0.4754783738092423,0.0,4754.783738092423,-0.0004475233171082303,0.032
raceline_xy,20260415_212047_eb9da4db,440,14.11200000000001,126.3612069516139,-30.886627655553813,12.296114716006294,-0.0021692481394066654,12.29611490735281,0.5123381211397005,-0.25365072993949633,0.0010294264913034191,0.04608824661618954,0.23044123308094772,-0.0019328225405783606,0.00016154584832062113,72.11983145274247,0.7211983145274248,0.10370644949291291,14.932500000000001,0.6221875,14.932500000000001,0.6221875,20.91653005427767,0.8715220855949029,0.003275011743936851,10.0,0.007803696193889393,0.9727082354671929,0.30299578631856183,0.0,0.4687658422612205,0.0,4687.658422612205,-0.0005850074422252315,0.032
raceline_xy,20260415_212047_eb9da4db,441,14.14400000000001,126.7433328319974,-30.985743123489637,12.336590105246986,-0.0020605301299916334,12.33659027732794,0.5140245948886641,-0.25361936233628946,0.0009781753211136944,0.0408856451048446,0.20442822552422302,-0.001921343476642079,0.00015842772654828252,71.93561683032814,0.7193561683032814,0.1040185849979895,15.0225,0.6259375,15.0225,0.6259375,20.91653005427767,0.8715220855949029,0.0032358174828939212,10.0,0.007803696193889393,0.9730348543092173,0.2983904207582036,0.0,0.4814974000639887,0.0,4814.974000639887,-0.00029584310403503905,0.032
raceline_xy,20260415_212047_eb9da4db,442,14.17600000000001,127.12675715269312,-31.085185779797264,12.37843375295224,-0.0021377344088930883,12.378433937543784,0.515768080730991,-0.2535902307657234,0.0009086134899444539,0.03702342800810146,0.1851171400405073,-0.0019119723816722889,0.00015317744271658995,71.74953212445342,0.7174953212445342,0.10433071904195355,15.1125,0.6296875000000001,15.1125,0.6296875000000001,20.91653005427767,0.8715220855949029,0.0031963686947320546,10.0,0.007803696193889393,0.9733635942105662,0.2937383031113356,0.0,0.48520098470557266,0.0,4852.009847055727,-0.0002041387824536203,0.032
raceline_xy,20260415_212047_eb9da4db,443,14.20800000000001,127.51148936960057,-31.184945562895916,12.420484575425379,-0.001874669549532637,12.420484716900773,0.5175201965375322,-0.25355821767543674,0.000998667498187768,0.034507690458305394,0.17253845229152695,-0.001899404641342528,0.00015091270810163593,71.5614710558544,0.715614710558544,0.10464285167200771,15.2025,0.6334375,15.2025,0.6334375,20.91653005427767,0.8715220855949029,0.003156665497495492,10.0,0.007803696193889393,0.9736944541875375,0.28903677639635994,0.0,0.48922317405827814,0.0,4892.231740582782,-0.0003406532379032645,0.032
raceline_xy,20260415_212047_eb9da4db,444,14.24000000000001,127.89753654009112,-31.28502559534799,12.462773387638656,-0.0017101868401212528,12.462773504977667,0.5192822293740694,-0.2535216514010168,0.0011409001299468634,0.03334455759946705,0.16672278799733523,-0.0018819871631965412,0.00015330524759304964,71.37144922729462,0.7137144922729461,0.10495498293535123,15.2925,0.6371875,15.2925,0.6371875,20.91653005427767,0.8715220855949029,0.0031167079450007407,10.0,0.007803696193889393,0.9740274337916605,0.28428623068236547,0.0,0.4931408371118205,0.0,4931.408371118205,-0.0005380960982268354,0.032
raceline_xy,20260415_212047_eb9da4db,445,14.272000000000011,128.2849033472494,-31.385435896448374,12.505282415093026,-0.0018346270652522811,12.505282549670412,0.5210534395696005,-0.2534835311164496,0.001189541852911438,0.033539264222050474,0.16769632111025237,-0.0018628495501191722,0.00015735579668429978,71.1794774493526,0.711794774493526,0.10526711287918003,15.3825,0.6409375,15.3825,0.6409375,20.91653005427767,0.8715220855949029,0.003076496027112352,10.0,0.007803696193889393,0.9743625331073971,0.2794869362338151,0.0,0.4969731746466851,0.0,4969.731746466851,-0.000601720713324706,0.032
raceline_xy,20260415_212047_eb9da4db,446,14.304000000000011,128.67359480200685,-31.486183302245493,12.547996610311603,-0.002099243959674535,12.54799678591036,0.5228331994129317,-0.25344784965908085,0.0011135147382863929,0.0350951962943147,0.17547598147157348,-0.0018460663365464924,0.00015907132376113964,70.98556701980787,0.7098556701980787,0.1055792434572062,15.4725,0.6446875,15.4725,0.6446875,20.91653005427767,0.8715220855949029,0.003036029492035741,10.0,0.007803696193889393,0.9746997542330355,0.27463917549519684,0.0,0.5007209868001068,0.0,5007.209868001068,-0.0005021412869558028,0.032
raceline_xy,20260415_212047_eb9da4db,447,14.336000000000011,129.063617500307,-31.587266755232314,12.590902065319094,-0.0022397775950833143,12.590902264534511,0.524620927688938,-0.25341562013454144,0.0010057691626950739,0.03801240284352306,0.1900620142176153,-0.0018326085619397858,0.00015743836744963602,70.78974298098159,0.7078974298098158,0.1058913801843883,15.5625,0.6484375,15.5625,0.6484375,19.5,0.8125,0.00300722997587366,0.0,0.0,0.9749397502010528,0.2697435745245397,0.0,0.5043619557768787,0.0,5043.619557768787,-0.00037142635076756403,0.032
raceline_xy,20260415_212047_eb9da4db,448,14.368000000000011,129.45497856061618,-31.688681136453006,12.633982775074518,-0.002158295860667181,12.63398295942814,0.5264159566428391,-0.253384511158516,0.0009707089041264185,0.04230764502909616,0.2115382251454808,-0.0018200401994006299,0.00015478872227747686,70.59201866503567,0.7059201866503567,0.10620351573359123,15.6525,0.6521875,15.6525,0.6521875,19.5,0.8125,0.0029796943707842694,0.0,0.0,0.9751692135767978,0.2648004666258917,0.0,0.5079200233075638,0.0,5079.200233075639,-0.00034505160628537913,0.032
raceline_xy,20260415_212047_eb9da4db,449,14.400000000000011,129.8476839123728,-31.79042424581084,12.67722564554537,-0.001987460533371621,12.67722580133653,0.5282177417223554,-0.25335174813389605,0.0010222295051423968,0.04798749964126151,0.23993749820630755,-0.0018055299903911859,0.0001538969342096408,70.39240621059899,0.7039240621059899,0.10651565015203192,15.7425,0.6559375,15.7425,0.6559375,19.5,0.8125,0.0029519041550427616,0.0,0.0,0.975400798707977,0.2598101552649748,0.0,0.511398687003158,0.0,5113.98687003158,-0.00043137312091177265,0.032
raceline_xy,20260415_212047_eb9da4db,450,14.432000000000011,130.2417375919554,-31.892499529135993,12.720617635116273,-0.0019190449997505965,12.72061777987079,0.5300257408279495,-0.2533168662774141,0.001088284108737416,0.04510005416433305,0.22550027082166524,-0.001790099920726096,0.00014685597109176385,70.18758212865168,0.7018758212865168,0.10690581665687506,15.855,0.660625,15.855,0.660625,19.5,0.8125,0.002916808047811692,0.0,0.0,0.9756932662682359,0.2546895532162921,0.0,0.5256388130992773,0.0,5256.388130992773,-0.000257776025312073,0.032
raceline_xy,20260415_212047_eb9da4db,451,14.464000000000011,130.63718446754626,-31.994923393790998,12.765495519765045,-0.0020131970500156804,12.765495678511813,0.5318956532713256,-0.25328084710683907,0.0011233694626044592,0.03660738387815758,0.1830369193907879,-0.0017718604339407307,0.00014945364563478947,69.98350548999615,0.6998350548999615,0.10721794870372048,15.945,0.664375,15.945,0.664375,19.5,0.8125,0.00288844476135397,0.0,0.0,0.9759296269887169,0.24958763724990368,0.0,0.5203841230146574,0.0,5203.841230146574,-0.0005620900786025026,0.032
raceline_xy,20260415_212047_eb9da4db,452,14.496000000000011,131.0339971709203,-32.09768043173658,12.809424792229507,-0.0018939594605962284,12.809424932246817,0.5337260388436174,-0.25324207689951495,0.0012090814971207023,0.02673059028869491,0.13365295144347455,-0.0017505624912241835,0.0001549060593166729,69.77746963125617,0.6977746963125617,0.10753007977323582,16.035,0.668125,16.035,0.668125,19.5,0.8125,0.002859826771715035,0.0,0.0,0.976168110235708,0.24443674078140418,0.0,0.5239533152832271,0.0,5239.53315283227,-0.0007004821456789167,0.032
raceline_xy,20260415_212047_eb9da4db,453,14.528000000000011,131.43217665518807,-32.200785134343604,12.853496377091595,-0.002174776078355478,12.853496561074646,0.5355623567114436,-0.253205975758815,0.001125701998092827,0.015519022124137135,0.07759511062068566,-0.0017318372249364167,0.00015779303116092436,69.56960791727859,0.6956960791727859,0.1078422099126241,16.125,0.671875,16.125,0.671875,19.5,0.8125,0.002830954025126342,0.0,0.0,0.9764087164572804,0.23924019793196472,0.0,0.5270567335025398,0.0,5270.567335025398,-0.0005942708119943494,0.032
raceline_xy,20260415_212047_eb9da4db,454,14.560000000000011,131.8317256312795,-32.30423831254365,12.897656334093696,-0.0023968468851065516,12.897656556803728,0.5374023565334887,-0.25317493308665195,0.0009677037035345161,0.003881104783937042,0.019405523919685207,-0.001718074616425369,0.00015572476459313478,69.35992893303693,0.6935992893303693,0.10815434538418119,16.215,0.675625,16.215,0.675625,19.5,0.8125,0.002801826138189245,0.0,0.0,0.9766514488484229,0.23399822332592315,0.0,0.5301035785531634,0.0,5301.035785531633,-0.0003957584333430665,0.032
raceline_xy,20260415_212047_eb9da4db,455,14.592000000000011,132.23264877125263,-32.40803218575341,12.94189674889421,-0.002319288725221913,12.941896956711513,0.5392457065296464,-0.2531462401829776,0.0008941879171209921,0.012040796881364849,0.06020398440682424,-0.001706430977931106,0.0001514102676991591,69.14844654236722,0.6914844654236723,0.10846648041886477,16.305,0.679375,16.305,0.679375,19.5,0.8125,0.002772443404021274,0.0,0.0,0.9768963049664894,0.2287111635591806,0.0,0.5330784190345196,0.0,5330.784190345195,-0.00031970548431081844,0.032
raceline_xy,20260415_212047_eb9da4db,456,14.624000000000011,132.63494987262467,-32.512161090219045,12.986207742849759,-0.0020681480765358806,12.986207907533572,0.5410919961472321,-0.25311562602734305,0.0009539901734044964,0.02740585368065244,0.1370292684032622,-0.0016925350607692735,0.00014912059784411014,68.93517461431459,0.6893517461431459,0.1087786146651232,16.395,0.683125,16.395,0.683125,19.5,0.8125,0.0027428058361871344,0.0,0.0,0.9771432846984406,0.22337936535786476,0.0,0.5359829112683309,0.0,5359.829112683308,-0.00041929754852017785,0.032
raceline_xy,20260415_212047_eb9da4db,457,14.656000000000011,133.03863029510651,-32.61662745237465,13.030578881596501,-0.0019256044676287942,13.03057902387539,0.5429407926614745,-0.25308170328879154,0.0010571766168200238,0.04434104804743237,0.22170524023716184,-0.0016750290429672354,0.00015024289962140003,68.72012715262635,0.6872012715262634,0.10909074817022367,16.485,0.686875,16.485,0.686875,19.5,0.8125,0.0027129132072865048,0.0,0.0,0.9773923899392791,0.21800317881565867,0.0,0.5388182941772067,0.0,5388.182941772067,-0.0005650433901571913,0.032
raceline_xy,20260415_212047_eb9da4db,458,14.688000000000011,133.4436898450702,-32.721438374239455,13.074999748135378,-0.0020160731167231383,13.074999903567532,0.5447916626486472,-0.2530467391143856,0.0010896839375152758,0.037469675507718,0.18734837753859,-0.0016574138670142347,0.000144352088500721,68.50018741591504,0.6850018741591504,0.1094809140813495,16.5975,0.6915625,16.5975,0.6915625,19.5,0.8125,0.002675188988048749,0.0,0.0,0.9777067584329271,0.2125046853978759,0.0,0.5512984608627719,0.0,5512.984608627718,-0.0003284342708452972,0.032
raceline_xy,20260415_212047_eb9da4db,459,14.720000000000011,133.8501652494074,-32.82660733418505,13.120637237299288,-0.002214202200472748,13.120637424130585,0.546693226005441,-0.2530129896648119,0.0010514846108439849,0.017738885127202335,0.08869442563601167,-0.0016397075247582826,0.0001455339295324265,68.28156374586388,0.6828156374586388,0.10979304609164889,16.6875,0.6953125,16.6875,0.6953125,19.5,0.8125,0.002644722793226695,0.0,0.0,0.9779606433897775,0.20703909364659695,0.0,0.5444111082668598,0.0,5444.111082668598,-0.0005405283778947983,0.032
raceline_xy,20260415_212047_eb9da4db,460,14.752000000000011,134.25802464191636,-32.932112758405836,13.16514186061337,-0.0020372801733667956,13.165142018245946,0.5485475840935811,-0.2529773148004608,0.0011115666518356816,0.004982417098776465,0.02491208549388232,-0.0016197376012563325,0.00014874455917546214,68.06144771311716,0.6806144771311716,0.1101051775143869,16.7775,0.6990625,16.7775,0.6990625,19.5,0.8125,0.002614001571364266,0.0,0.0,0.9782166535719644,0.20153619282792903,0.0,0.5463005284569442,0.0,5463.005284569442,-0.0006487882022116866,0.032
raceline_xy,20260415_212047_eb9da4db,461,14.784000000000011,134.6672628824204,-33.03796512087545,13.209572908460189,-0.0021976547474782393,13.209573091270276,0.5503988788029281,-0.252943379116795,0.0010574062587517458,0.02676219668280023,0.13381098341400116,-0.0016013430062722378,0.00015031917903218783,67.83998506283767,0.6783998506283767,0.11041731105618852,16.8675,0.7028125,16.8675,0.7028125,19.5,0.8125,0.002583025126894789,0.0,0.0,0.97847479060921,0.19599962657094175,0.0,0.5477328523529778,0.0,5477.328523529777,-0.0005837567092769918,0.032
raceline_xy,20260415_212047_eb9da4db,462,14.816000000000011,135.07787588686375,-33.14416464201457,13.253882126017443,-0.002351315662233233,13.253882334585967,0.5522450972744153,-0.252913090159975,0.0009437413059857591,0.049388730838525845,0.2469436541926292,-0.0015874065899055267,0.00014030198122227944,67.61372347778564,0.6761372347778564,0.1108074789025086,16.98,0.7075,16.98,0.7075,19.5,0.8125,0.002543945735942632,0.0,0.0,0.9788004522004781,0.19034308694464103,0.0,0.5596972814630184,0.0,5596.972814630184,-0.000159225516574291,0.032
raceline_xy,20260415_212047_eb9da4db,463,14.848000000000011,135.48990043736197,-33.2507146139302,13.299329972049186,-0.0023045220904096553,13.299330171714209,0.5541387571547587,-0.252883941055845,0.0009079875226098924,0.023908166216358464,0.11954083108179231,-0.0015733714575634217,0.00013732238640207228,67.38890388417069,0.6738890388417069,0.11111961268693031,17.07,0.71125,17.07,0.71125,19.5,0.8125,0.002512395222349806,0.0,0.0,0.9790633731470849,0.1847225971042672,0.0,0.5525340925282918,0.0,5525.340925282918,-0.0003919755528806763,0.032
raceline_xy,20260415_212047_eb9da4db,464,14.880000000000011,135.90330483604964,-33.3575907312009,13.343628746352582,-0.001850476119209965,13.343628874663326,0.5559845364443052,-0.2528489701729164,0.0010898210109403618,0.004675952540533285,0.023379762702666427,-0.0015530324144701346,0.0001402678309254668,67.16270714720532,0.6716270714720532,0.11143174608466591,17.16,0.715,17.16,0.715,19.5,0.8125,0.0024805895353345875,0.0,0.0,0.9793284205388785,0.17906767868013312,0.0,0.5540348956035681,0.0,5540.348956035681,-0.0006673656231580567,0.032
raceline_xy,20260415_212047_eb9da4db,465,14.912000000000011,136.31808089474345,-33.46480963784253,13.387809918033359,-0.001983581068326412,13.38781006498024,0.5578254193741766,-0.2528127700125875,0.0011285310765059395,0.03193005980400027,0.15965029902000136,-0.0015312596995125105,0.0001445458355924245,66.93527747951647,0.6693527747951648,0.1117438791429838,17.25,0.71875,17.25,0.71875,19.5,0.8125,0.002448528713681508,0.0,0.0,0.9795955940526541,0.1733819369879118,0.0,0.5550958957367716,0.0,5550.958957367717,-0.0007171795298314888,0.032
raceline_xy,20260415_212047_eb9da4db,466,14.944000000000011,136.7342214028323,-33.572378386251664,13.431828054171746,-0.002331506624518198,13.431828256524064,0.5596595106885026,-0.2527808965826783,0.000993888866649978,0.038545495624672625,0.1927274781233631,-0.0015145247206991286,0.00013666175336135566,66.70316076421501,0.6670316076421501,0.11213404506058053,17.3625,0.7234375000000001,17.3625,0.7234375000000001,19.5,0.8125,0.0024080938570301136,0.0,0.0,0.9799325511914158,0.16757901910537534,0.0,0.566539054876832,0.0,5665.39054876832,-0.00024784587129427844,0.032
raceline_xy,20260415_212047_eb9da4db,467,14.976000000000012,137.15176069044364,-33.68030020219822,13.476910131241459,-0.0024578545776399174,13.476910355367353,0.5615379314736397,-0.25275300853691407,0.0008695274480398202,0.007872673605197342,0.03936336802598671,-0.0015007908511415202,0.00013285988142852645,66.4726098191781,0.6647260981917811,0.11244617752801774,17.4525,0.7271875,17.4525,0.7271875,19.5,0.8125,0.0023754588670348298,0.0,0.0,0.9802045094413764,0.16181524547945259,0.0,0.5591158696272247,0.0,5591.158696272247,-0.00036085967644601335,0.032
raceline_xy,20260415_212047_eb9da4db,468,15.008000000000012,137.5706680900375,-33.788545253197825,13.520831178567894,-0.0019820497305929052,13.520831323844506,0.5633679718268544,-0.2527208047603997,0.0010044812768577082,0.025790490464236995,0.12895245232118496,-0.0014822541575112425,0.00013347684549636085,66.24080181996197,0.6624080181996197,0.11275831064800393,17.5425,0.7309375,17.5425,0.7309375,19.5,0.8125,0.002342568568344472,0.0,0.0,0.9804785952637961,0.15602004549904933,0.0,0.5602406048301692,0.0,5602.406048301693,-0.0005780790084600491,0.032
raceline_xy,20260415_212047_eb9da4db,469,15.040000000000012,137.99093529879858,-33.89712568865266,13.564595963056913,-0.001971264617883328,13.564596106293179,0.5651915044288824,-0.252686410642486,0.0010732871066067783,0.04048838173415745,0.20244190867078724,-0.0014619008765439645,0.00012853246258792694,66.0044048941854,0.660044048941854,0.11314847740203206,17.655,0.7356250000000001,17.655,0.7356250000000001,19.5,0.8125,0.0023010966722907256,0.0,0.0,0.9808241943975773,0.15011012235463497,0.0,0.5712678790386014,0.0,5712.678790386014,-0.0003854398787186213,0.032
raceline_xy,20260415_212047_eb9da4db,470,15.072000000000012,138.41259124206783,-34.00605834719097,13.609367525505496,-0.0022242039228954624,13.60936770725836,0.5670569878024316,-0.2526536942768871,0.0010211199676572267,0.005930559457714643,0.029652797288573216,-0.0014423953973135006,0.00012989407848706946,65.76967049418032,0.6576967049418032,0.11346061071195086,17.744999999999997,0.7393749999999999,17.744999999999997,0.7393749999999999,19.5,0.8125,0.0022676319657959354,0.0,0.0,0.9811030669517006,0.14424176235450795,0.0,0.5636426142130792,0.0,5636.426142130792,-0.000581718918935122,0.032
raceline_xy,20260415_212047_eb9da4db,471,15.104000000000012,138.83560273242867,-34.115321765850716,13.652967253437104,-0.002102243943475024,13.652967415285788,0.5688736423035745,-0.2526200708970361,0.0010498466953879578,0.03227676309259252,0.16138381546296257,-0.0014216504810149466,0.00013226593188786495,65.53377527456007,0.6553377527456007,0.11377274399041513,17.835,0.743125,17.835,0.743125,19.5,0.8125,0.0022339120676373447,0.0,0.0,0.9813840661030221,0.13834438186400178,0.0,0.5644772510976871,0.0,5644.772510976871,-0.0006434269070126923,0.032
raceline_xy,20260415_212047_eb9da4db,472,15.136000000000012,139.25996152021224,-34.22492408536982,13.696380964948505,-0.002260696465642198,13.696381151521457,0.5706825479800607,-0.25258887679991826,0.0009745340427971809,0.029809283081637203,0.149046415408186,-0.0014036674486446188,0.0001245406077963196,65.29339232499646,0.6529339232499646,0.11416291061665405,17.947499999999998,0.7478124999999999,17.947499999999998,0.7478124999999999,19.5,0.8125,0.0021914031330374506,0.0,0.0,0.9817383072246879,0.13233480812491152,0.0,0.575106542617575,0.0,5751.06542617575,-0.00025744988761591467,0.032
raceline_xy,20260415_212047_eb9da4db,473,15.168000000000012,139.6856974366836,-34.33487198472048,13.740749494138166,-0.0023554056910861654,13.740749696017108,0.5725312373340462,-0.2525602737039083,0.0008938516600474237,0.010712101853152658,0.053560509265763286,-0.0013875206622424585,0.0001221240515896227,65.05476755262036,0.6505476755262036,0.11447504399808137,18.0375,0.7515625,18.0375,0.7515625,19.5,0.8125,0.0021571086550928875,0.0,0.0,0.9820240945408926,0.12636918881550904,0.0,0.5672857805464254,0.0,5672.857805464254,-0.0004297383407941641,0.032
raceline_xy,20260415_212047_eb9da4db,474,15.200000000000012,140.1127782834202,-34.445139297737335,13.783939428824132,-0.0019674225143413437,13.783939569232155,0.5743308153846731,-0.25252767161357514,0.0010190677965220161,0.048900010844846145,0.2445000542242307,-0.0013673279554105022,0.00011609630149589378,64.81161679274229,0.6481161679274229,0.11486521090335977,18.15,0.75625,18.15,0.75625,19.5,0.8125,0.0021138812927952166,0.0,0.0,0.9823843225600398,0.12029041981855712,0.0,0.577961153896263,0.0,5779.61153896263,-0.000337667569224959,0.032
raceline_xy,20260415_212047_eb9da4db,475,15.232000000000012,140.54122989780876,-34.55574763140972,13.828079901029259,-0.0020522725656091367,13.82808005332165,0.5761700022217354,-0.2524937737388111,0.0010597546580947905,0.007199387295718115,0.03599693647859057,-0.0013451308898475567,0.00011920605927384642,64.57029833830697,0.6457029833830696,0.11517734337344972,18.240000000000002,0.7600000000000001,18.240000000000002,0.7600000000000001,19.5,0.8125,0.0020790119222220405,0.0,0.0,0.9826749006481497,0.11425745845767424,0.0,0.5699816940316278,0.0,5699.816940316278,-0.0006645817927530195,0.032
raceline_xy,20260415_212047_eb9da4db,476,15.264000000000012,140.97101663282194,-34.66668290451439,13.87103180677289,-0.002013724805835615,13.871031952943978,0.5779596647059991,-0.2524583298820384,0.001108510790714445,0.037810938222202446,0.18905469111101222,-0.0013210666629799306,0.0001239646316419929,64.32798952076735,0.6432798952076735,0.11548947592304447,18.33,0.7637499999999999,18.33,0.7637499999999999,19.5,0.8125,0.0020438869409669103,0.0,0.0,0.9829676088252758,0.10819973801918366,0.0,0.5703253780528729,0.0,5703.253780528728,-0.000745731861904421,0.032
raceline_xy,20260415_212047_eb9da4db,477,15.296000000000012,141.4021278034974,-34.777956546862974,13.913749626046492,-0.002344521076647954,13.913749823576962,0.5797395759823735,-0.25242741078400055,0.0009678654153161608,0.01747347651141764,0.08736738255708819,-0.001301696418192666,0.00011667176807073076,64.08137961807206,0.6408137961807207,0.11587964200454486,18.442500000000003,0.7684375000000001,18.442500000000003,0.7684375000000001,19.5,0.8125,0.001999621306369992,0.0,0.0,0.9833364891135834,0.10203449045180157,0.0,0.5802780514971397,0.0,5802.780514971398,-0.0002632004846923209,0.032
raceline_xy,20260415_212047_eb9da4db,478,15.328000000000012,141.834591311994,-34.88957166973172,13.957336046691047,-0.002487818074704329,13.957336268410963,0.5815556778504568,-0.25240125919564305,0.0008192745929287733,0.029778092774146447,0.14889046387073224,-0.001286594231008742,0.00011236969885697334,63.83669250192894,0.6383669250192894,0.11619177524275798,18.5325,0.7721874999999999,18.5325,0.7721874999999999,19.5,0.8125,0.0019653941471799996,0.0,0.0,0.9836217154401666,0.09591731254822342,0.0,0.5721249131447272,0.0,5721.249131447273,-0.00034923136871761853,0.032
raceline_xy,20260415_212047_eb9da4db,479,15.360000000000012,142.26837588806126,-35.00149691834313,13.999731551712353,-0.001986913822982661,13.99973169270886,0.5833221538628691,-0.252370942775892,0.0009496378959936913,0.022722053293034995,0.11361026646517497,-0.0012669877995152845,0.00010476386742341859,63.58769282501265,0.6358769282501265,0.11658194233406398,18.645000000000003,0.7768750000000001,18.645000000000003,0.7768750000000001,19.5,0.8125,0.0019338506521955345,0.0,0.0,0.9838845778983706,0.08969232062531632,0.0,0.5820979801306333,0.0,5820.979801306333,-0.0002668844317268536,0.032
raceline_xy,20260415_212047_eb9da4db,480,15.392000000000012,142.70350493496124,-35.113752224813084,14.042990799407011,-0.0019513500618728585,14.04299093498237,0.5851246222909321,-0.25233762023510486,0.001043692881275389,0.027212895415834742,0.1360644770791737,-0.0012438269263701507,0.0001078645961380964,63.340696872556364,0.6334069687255637,0.11689407649933976,18.735,0.780625,18.735,0.780625,19.5,0.8125,0.001908328644126378,0.0,0.0,0.9840972612989468,0.08351742181390912,0.0,0.5737876298381903,0.0,5737.876298381903,-0.0006692388957612114,0.032
raceline_xy,20260415_212047_eb9da4db,481,15.424000000000012,143.13994171015432,-35.226326281263745,14.085049993542436,-0.0019033093923264133,14.085050122139304,0.586877088422471,-0.2523014442906,0.0011332533004427315,0.022595031694750058,0.11297515847375028,-0.0012175517104715539,0.00010640846480436394,63.089473507732095,0.630894735077321,0.11728424437672047,18.8475,0.7853125,18.8475,0.7853125,19.5,0.8125,0.0018760673513140702,0.0,0.0,0.9843661054057161,0.07723683769330236,0.0,0.5834803523380957,0.0,5834.803523380957,-0.0005064052273660603,0.032
raceline_xy,20260415_212047_eb9da4db,482,15.456000000000012,143.5777076353028,-35.33924216594149,14.127937467996174,-0.002327936786958862,14.12793765978955,0.5886640691578979,-0.25226963248309797,0.0009973276358967724,0.030052802804121613,0.15026401402060804,-0.0011954176646291614,0.00010823102873924739,62.84031952324861,0.6284031952324861,0.11759637562347192,18.9375,0.7890625,18.9375,0.7890625,19.5,0.8125,0.0018499715645976522,0.0,0.0,0.9845835702950195,0.07100798808121525,0.0,0.5750378477087852,0.0,5750.378477087852,-0.0005936890971865475,0.032
raceline_xy,20260415_212047_eb9da4db,483,15.488000000000012,144.01676920366054,-35.45247544431603,14.169620413681768,-0.002253155430616438,14.169620592822394,0.5904008580342665,-0.25223951752086426,0.0009447769847115579,0.017130302006406983,0.0856515100320349,-0.0011746435321096094,0.00010100478010954816,62.58702656417628,0.6258702656417627,0.11798654052625432,19.049999999999997,0.7937499999999998,19.049999999999997,0.7937499999999998,19.5,0.8125,0.0018169931883345036,0.0,0.0,0.9848583900972124,0.06467566410440692,0.0,0.584450983633033,0.0,5844.5098363303305,-0.00025504945208348255,0.032
raceline_xy,20260415_212047_eb9da4db,484,15.520000000000012,144.45715002579243,-35.56603660911169,14.212099693888108,-0.002285806613915753,14.212099877707246,0.5921708282378019,-0.25221140655261687,0.0008823825609440845,0.038265803903203346,0.19132901951601672,-0.0011555727086403067,9.93591829536733e-05,62.33586791715513,0.6233586791715513,0.11829867318335652,19.14,0.7975,19.14,0.7975,19.5,0.8125,0.0017903236502827546,0.0,0.0,0.9850806362476437,0.05839669792887818,0.0,0.5758783274472377,0.0,5758.783274472376,-0.0004593180055165564,0.032
raceline_xy,20260415_212047_eb9da4db,485,15.552000000000012,144.89881621745795,-35.67990227507628,14.253371240656804,-0.0019310309390130342,14.25337137146377,0.5938904738109904,-0.2521795317019322,0.0010002108301565373,0.006890361252106682,0.03445180626053341,-0.001132145115222638,9.418359465440673e-05,62.08066158847996,0.6208066158847996,0.11868884000328808,19.252499999999998,0.8021874999999999,19.252499999999998,0.8021874999999999,19.5,0.8125,0.0017566279738669976,0.0,0.0,0.9853614335511084,0.052016539711999064,0.0,0.5850131905573108,0.0,5850.131905573108,-0.00034993265464494417,0.032
raceline_xy,20260415_212047_eb9da4db,486,15.584000000000012,145.34178757905372,-35.79409354679352,14.295406559854474,-0.002066011850574423,14.295406709147358,0.5956419462144732,-0.2521474586390582,0.0010065917355848329,0.04845601787349495,0.24228008936747472,-0.001108171277875769,8.936640065382306e-05,61.82426714334454,0.6182426714334455,0.11907900802156045,19.365000000000002,0.8068750000000001,19.365000000000002,0.8068750000000001,19.5,0.8125,0.0017225324878986648,0.0,0.0,0.9856455626008445,0.04560667858361356,0.0,0.5859296111599083,0.0,5859.296111599083,-0.00033914234136528756,0.032
raceline_xy,20260415_212047_eb9da4db,487,15.616000000000012,145.78606130037625,-35.908602510708555,14.337295149601404,-0.0020105201797400163,14.337295290569116,0.5973873037737132,-0.25211368336951656,0.0010598367358870704,0.011157403882308063,0.055787019411540316,-0.0010822498958145133,9.374409458118294e-05,61.57001100621506,0.6157001100621506,0.1193911433629417,19.455,0.8106249999999999,19.455,0.8106249999999999,19.5,0.8125,0.001694967521497226,0.0,0.0,0.9858752706541898,0.03925027515537653,0.0,0.5774290399674906,0.0,5774.290399674906,-0.0007019023304307143,0.032
raceline_xy,20260415_212047_eb9da4db,488,15.648000000000012,146.2316002561897,-36.02342051886756,14.377992854971138,-0.001999005288598976,14.37799299393428,0.5990830414139283,-0.2520789699811523,0.0010894986220188327,0.029624456405169926,0.14812228202584962,-0.0010547825659714682,9.185313925774707e-05,61.32183163477249,0.6132183163477248,0.11978130962427291,19.5,0.8125,19.5,0.8125,19.5,0.8125,0.0016601499514781182,0.0,0.0,0.9861654170710157,0.03304579086931216,0.0,0.5575355444980683,0.0,5575.355444980683,-0.0004636839088464908,0.032
raceline_xy,20260415_212047_eb9da4db,489,15.680000000000012,146.6783253288097,-36.13854203165967,14.416253114879293,-0.0023277961106327183,14.416253302814212,0.6006772209505922,-0.2520519881971226,0.0008491621199166656,0.03218620274451587,0.16093101372257934,-0.0010351273114292958,8.966522907494223e-05,61.08091744760237,0.6108091744760237,0.12009344021881495,19.5,0.8125,19.5,0.8125,19.5,0.8125,0.001632006470213554,0.0,0.0,0.9863999460815537,0.027022936190059178,0.0,0.5338684143788264,0.0,5338.684143788264,-0.00043182458068470375,0.032
raceline_xy,20260415_212047_eb9da4db,490,15.712000000000012,147.12615327063406,-36.253927706353075,14.451687484516906,-0.0020679060041550734,14.451687632466246,0.6021536513527602,-0.25202838635325797,0.0007451144801768919,0.006735194504669349,0.03367597252334674,-0.0010180908370038821,7.694697238269654e-05,60.84218494938837,0.6084218494938837,0.12048360484529111,19.5,0.8125,19.5,0.8125,19.5,0.8125,0.0015964651057434054,0.0,0.0,0.9866961241188049,0.02105462373470921,0.0,0.5252104247324297,0.0,5252.104247324298,-3.644044434635349e-05,0.032
raceline_xy,20260415_212047_eb9da4db,491,15.744000000000012,147.57504778896794,-36.36957110285542,14.485973372292753,-0.0018705720617946398,14.48597349306613,0.6035822288777554,-0.25200664942480433,0.0006885032236552169,0.0421560258793936,0.210780129396968,-0.001002456116418582,6.252251177762957e-05,60.60573940233674,0.6060573940233673,0.12087377109053833,19.5,0.8125,19.5,0.8125,19.5,0.8125,0.0015605224030346143,0.0,0.0,0.9869956466413782,0.015143485058418449,0.0,0.5162386115620822,0.0,5162.386115620821,3.839725425323497e-05,0.032
raceline_xy,20260415_212047_eb9da4db,492,15.776000000000012,148.0249760800455,-36.4854508609063,14.519100096440841,-0.0013669174056558653,14.519100160785847,0.6049625066994103,-0.25197919400122526,0.0008686339119429266,0.02296775757357572,0.1148387878678786,-0.000980909094563387,6.116467941552628e-05,60.371513042652985,0.6037151304265298,0.12118590531112346,19.5,0.8125,19.5,0.8125,19.5,0.8125,0.0015314808774573585,0.0,0.0,0.987237659354522,0.009287826066324634,0.0,0.507489011576641,0.0,5074.8901157664095,-0.0004990947612518009,0.032
raceline_xy,20260415_212047_eb9da4db,493,15.808000000000012,148.47590143319132,-36.601565520568286,14.551104489789067,-0.0011978950858622106,14.55110453909641,0.6062960224623505,-0.25194548454435006,0.0010656222575445003,0.012320028780850959,0.06160014390425479,-0.0009521524225482025,5.90054467917156e-05,60.13943651214205,0.6013943651214205,0.12157607469092403,19.5,0.8125,19.5,0.8125,19.5,0.8125,0.0014948228447346779,0.0,0.0,0.9875431429605444,0.003485912803551194,0.0,0.4989407368165544,0.0,4989.407368165544,-0.00046398415432628913,0.032
raceline_xy,20260415_212047_eb9da4db,494,15.840000000000012,148.9277838030201,-36.7179308684041,14.582019965327829,-0.0017429222651048626,14.582020069489598,0.6075841695620666,-0.2519171098042632,0.0009010060589960484,0.04522172549151984,0.22610862745759921,-0.0009285714390108168,5.167932913785478e-05,59.909448802348734,0.5990944880234873,0.12196624502428945,19.5,0.8125,19.5,0.8125,19.5,0.8125,0.0014577726414479741,0.0,0.0,0.9878518946546002,0.0,0.0,0.4905850689112753,0.0,4905.850689112753,-0.00020315374462184676,0.032
raceline_xy,20260415_212047_eb9da4db,495,15.872000000000012,149.3805939720926,-36.8345250145057,14.611880706224921,-0.0017942730316731215,14.611880816389238,0.6088283673495516,-0.25189287684808104,0.0007734243400609276,0.02287848130880849,0.11439240654404244,-0.0009093746957034021,4.747489478296174e-05,59.68080172711606,0.5968080172711606,0.12227837398105483,19.5,0.8125,19.5,0.8125,19.5,0.8125,0.0014278525532964714,0.0,0.0,0.9881012287225294,0.0,0.0,0.4845923157713279,0.0,4845.923157713279,-0.00032136244877571164,0.032
raceline_xy,20260415_212047_eb9da4db,496,15.904000000000012,149.83431071042978,-36.95132947984415,14.640955032345332,-0.0014823349618304782,14.640955107385414,0.610039796141059,-0.25186665114660967,0.0008371254117589426,0.009720464035812074,0.04860232017906037,-0.0008870451342675167,3.83079835883926e-05,59.45242758612539,0.5945242758612539,0.12266853701693056,19.5,0.8125,19.5,0.8125,19.5,0.8125,0.0013901025229925423,0.0,0.0,0.9884158123083955,0.0,0.0,0.4819597284325389,0.0,4819.597284325389,-0.00013162836026145842,0.032
raceline_xy,20260415_212047_eb9da4db,497,15.936000000000012,150.28891845125128,-37.068351544037355,14.669614955712555,-0.001508628580734861,14.669615033286513,0.6112339597202714,-0.2518407543698986,0.0008282110401571357,0.03965043189447366,0.1982521594723683,-0.0008646343325660055,2.8983511219049518e-05,59.22435740062573,0.5922435740062573,0.123058702195635,19.5,0.8125,19.5,0.8125,19.5,0.8125,0.001351963816202062,0.0,0.0,0.9887336348649828,0.0,0.0,0.47925188486054177,0.0,4792.518848605418,-0.000100624766118577,0.032
raceline_xy,20260415_212047_eb9da4db,498,15.968000000000012,150.7444063842236,-37.1855797448769,14.697858466507045,-0.0013200050280479658,14.697858525781436,0.6124107719075599,-0.25181170590848545,0.0009276544757217803,0.031134123077752294,0.15567061538876145,-0.0008393038545273512,2.9974343080940713e-05,58.99658944550956,0.5899658944550956,0.12337083595233232,19.5,0.8125,19.5,0.8125,19.5,0.8125,0.00132116898829171,0.0,0.0,0.9889902584309024,0.0,0.0,0.4765859145429744,0.0,4765.859145429744,-0.0005174587385717088,0.032
raceline_xy,20260415_212047_eb9da4db,499,16.00000000000001,151.2007610644136,-37.30301384606086,14.72569325002754,-0.0012806771372826375,14.725693305717071,0.613570554404878,-0.25177925298523274,0.0010347925042316285,0.004446006165591382,0.02223003082795691,-0.0008093494804013446,2.7492790227068298e-05,58.769113935752245,0.5876911393575225,0.12376100525398713,19.5,0.8125,19.5,0.8125,19.5,0.8125,0.0012823089750186867,0.0,0.0,0.9893140918748443,0.0,0.0,0.47395799400412414,0.0,4739.579940041242,-0.0003700751422892922,0.032
raceline_xy,20260415_212047_eb9da4db,500,16.03200000000001,151.6579655690618,-37.42066795164251,14.753125683669493,-0.0017242093894820343,14.753125784424347,0.6147135743510145,-0.2517520556362025,0.0008714649448465754,0.02604371885239361,0.13021859426196805,-0.0007844231216660447,1.9895578467821196e-05,58.541925635478385,0.5854192563547839,0.12415117699385665,19.5,0.8125,19.5,0.8125,19.5,0.8125,0.001243028900249854,0.0,0.0,0.9896414258312513,0.0,0.0,0.4713678977459661,0.0,4713.678977459661,-0.00012509787230537695,0.032
raceline_xy,20260415_212047_eb9da4db,501,16.06400000000001,152.11601168537163,-37.53852335661704,14.78016395352662,-0.0016412268291268184,14.780164044649611,0.6158401685270671,-0.2517266053979923,0.000817292423526738,0.04739415104215916,0.2369707552107958,-0.0007616971873520839,1.7602145204076436e-05,58.31502426623012,0.5831502426623012,0.12446330906937247,19.5,0.8125,19.5,0.8125,19.5,0.8125,0.0012112935843768824,0.0,0.0,0.9899058867968593,0.0,0.0,0.4688143032592933,0.0,4688.143032592933,-0.0003458295977801587,0.032
raceline_xy,20260415_212047_eb9da4db,502,16.09600000000001,152.57488951325988,-37.65656879219833,14.806814899865193,-0.0013474414444036853,14.806814961174748,0.6169506233822811,-0.25169765520245413,0.0009266704221295316,0.021438233007367653,0.10719116503683826,-0.0007339820220222393,1.1982421372902508e-05,58.088402264990165,0.5808840226499017,0.12485347007244124,19.5,0.8125,19.5,0.8125,19.5,0.8125,0.001174696943226028,0.0,0.0,0.9902108588064498,0.0,0.0,0.4662969074295947,0.0,4662.9690742959465,-0.0002267516715366219,0.032
raceline_xy,20260415_212047_eb9da4db,503,16.12800000000001,153.0345833597917,-37.77481617327736,14.833083642640627,-0.0015155455343807134,14.833083720064794,0.6180451550026997,-0.2516702141502942,0.0008796012565589907,0.005737775016860673,0.028688875084303365,-0.0007073976314440067,4.975028484732746e-06,57.86205907282932,0.5786205907282932,0.1252436337780895,19.5,0.8125,19.5,0.8125,19.5,0.8125,0.001145395300824692,0.0,0.0,0.9904550391597943,0.0,0.0,0.46381572456044606,0.0,4638.1572456044605,-0.00014904462502600264,0.032
raceline_xy,20260415_212047_eb9da4db,504,16.16000000000001,153.4950836790888,-37.89325435816886,14.858976778402669,-0.0014320129500315915,14.858976847406783,0.6191240353086159,-0.2516421098047923,0.0009001013612868613,0.02897915846053294,0.1448957923026647,-0.0006796383131186801,-1.2345607482977528e-06,57.63598986514043,0.5763598986514044,0.1256338002707743,19.5,0.8125,19.5,0.8125,19.5,0.8125,0.0011156681973880644,0.0,0.0,0.9907027650217661,0.0,0.0,0.46136968981235676,0.0,4613.696898123568,-0.0001807292605155703,0.032
raceline_xy,20260415_212047_eb9da4db,505,16.19200000000001,153.95637936743628,-38.0118790217439,14.884500212525134,-0.001334152401287536,14.884500272317624,0.6201875113465677,-0.25161207516587947,0.0009599899794470017,0.04775671146629882,0.2387835573314941,-0.0006505561849090569,1.4814917124184035e-06,57.410193358787126,0.5741019335878712,0.12594593552834044,19.5,0.8125,19.5,0.8125,19.5,0.8125,0.0010916158685914112,0.0,0.0,0.9909032010950716,0.0,0.0,0.45895840275591765,0.0,4589.584027559176,-0.0005432588168210665,0.032
raceline_xy,20260415_212047_eb9da4db,506,16.22400000000001,154.418458168364,-38.130691037950704,14.909659505852641,-0.0013751623123905432,14.9096595692703,0.6212358153862625,-0.25158099826188884,0.0009920398032447866,0.025024739584067264,0.1251236979203363,-0.0006188608275392582,-1.370686754764705e-06,57.184661458800626,0.5718466145880062,0.12633610725050715,19.5,0.8125,19.5,0.8125,19.5,0.8125,0.0010612655464421472,0.0,0.0,0.9911561204463154,0.0,0.0,0.4565814223445291,0.0,4565.814223445291,-0.00031796720800530287,0.032
raceline_xy,20260415_212047_eb9da4db,507,16.25600000000001,154.88130548203614,-38.24970098266244,14.934459198662212,-0.0017582143426775332,14.934459302158348,0.6222691375899312,-0.2515561604874561,0.0007967176210208335,0.004654757477385888,0.023273787386929437,-0.0005931328844037687,-1.0159093124517682e-05,56.959389533751946,0.5695938953375195,0.12672627753702256,19.5,0.8125,19.5,0.8125,19.5,0.8125,0.0010306581343533239,0.0,0.0,0.9914111822137223,0.0,0.0,0.45423861255880826,0.0,4542.386125588083,-4.5763248980678294e-05,0.032
raceline_xy,20260415_212047_eb9da4db,508,16.28800000000001,155.34491486226014,-38.36888851121071,14.95890554326761,-0.0015619560266340038,14.958905624814573,0.6232877343672739,-0.25153231973323154,0.0007647896123847498,0.01902002789298293,0.09510013946491463,-0.0005678476878969718,-1.959791361905161e-05,56.73437323601312,0.5673437323601312,0.1271164376083969,19.5,0.8125,19.5,0.8125,19.5,0.8125,0.0009998373232971147,0.0,0.0,0.9916680223058574,0.0,0.0,0.4519288673132871,0.0,4519.288673132871,-2.345423846174797e-05,0.032
raceline_xy,20260415_212047_eb9da4db,509,16.32000000000001,155.80927730384983,-38.48824388229682,14.983003583802109,-0.001207565023795265,14.983003632464358,0.6242918180193483,-0.25150410695341385,0.0009003628955029958,0.03933457060620676,0.19667285303103377,-0.0005375216738734423,-2.4314253241897177e-05,56.50960820515823,0.5650960820515823,0.12750660070115993,19.5,0.8125,19.5,0.8125,19.5,0.8125,0.0009688069764952623,0.0,0.0,0.9919266085292061,0.0,0.0,0.4496520129954707,0.0,4496.520129954707,-0.0002231088282716548,0.032
raceline_xy,20260415_212047_eb9da4db,510,16.35200000000001,156.2743803317645,-38.60777143776325,15.006757831504775,-0.0011396781581756166,15.00675787478082,0.6252815781158675,-0.2514721143452294,0.0010174485950877538,0.041258383014892756,0.20629191507446376,-0.0005042709394951217,-1.8409181658629592e-05,56.285093614539925,0.5628509361453993,0.12781873331583646,19.5,0.8125,19.5,0.8125,19.5,0.8125,0.0009438352556609964,0.0,0.0,0.9921347062028251,0.0,0.0,0.44740776967280427,0.0,4474.077696728043,-0.0006463372455715426,0.032
raceline_xy,20260415_212047_eb9da4db,511,16.38400000000001,156.74021081979154,-38.727478644080215,15.03017285585674,-0.001390173666710126,15.030172920146846,0.6262572050061186,-0.25144086582050473,0.0009933048590147768,0.02238989568646361,0.11194947843231805,-0.00047000193518886846,-1.9410505598393968e-05,56.060821741426246,0.5606082174142625,0.12820890171608634,19.5,0.8125,19.5,0.8125,19.5,0.8125,0.0009124761525587388,0.0,0.0,0.9923960320620105,0.0,0.0,0.4451956792285792,0.0,4451.956792285792,-0.0003534207574689691,0.032
raceline_xy,20260415_212047_eb9da4db,512,16.41600000000001,157.2067554564638,-38.84737421014839,15.053252693743243,-0.0018766841604738183,15.053252810726047,0.6272188671135853,-0.25141842135562786,0.0007175221803741386,0.005315885463216397,0.026579427316081983,-0.00044431091191432515,-2.875184977968459e-05,55.83678841946723,0.5583678841946723,0.12859907299213108,19.5,0.8125,19.5,0.8125,19.5,0.8125,0.0008810210373404459,0.0,0.0,0.992658158022163,0.0,0.0,0.44301550593212113,0.0,4430.155059321211,2.2019045099961763e-05,0.032
raceline_xy,20260415_212047_eb9da4db,513,16.44800000000001,157.67400990943284,-38.9674326679457,15.076003410677066,-0.0016028793381215323,15.07600349588606,0.6281668123285858,-0.2513975801832209,0.0006663278362336422,0.014246356263116869,0.07123178131558434,-0.0004196299474132914,-3.9163055540747393e-05,55.612989800513624,0.5561298980051362,0.12898924645527213,19.5,0.8125,19.5,0.8125,19.5,0.8125,0.0008495393244962735,0.0,0.0,0.9929205056291978,0.0,0.0,0.44086606479477625,0.0,4408.660647947762,5.98047671122858e-05,0.032
raceline_xy,20260415_212047_eb9da4db,514,16.48000000000001,158.1419665777503,-39.08764185463053,15.09842953256411,-0.0011103256466471478,15.09842957339031,0.6291012322245962,-0.2513708203025664,0.0008499266957744669,0.03079807766315343,0.15399038831576714,-0.0003882809344490923,-4.306508323459468e-05,55.389422012725255,0.5538942201272525,0.12937940661266878,19.5,0.8125,19.5,0.8125,19.5,0.8125,0.0008180880729247164,0.0,0.0,0.993182599392294,0.0,0.0,0.43874732301428065,0.0,4387.473230142807,-0.0002121143574272497,0.032
raceline_xy,20260415_212047_eb9da4db,515,16.51200000000001,158.61061304635325,-39.20800884778661,15.120534913600295,-0.0010096786189954798,15.120534947311103,0.630022289471296,-0.2513387702116696,0.0010140091515316463,0.04683601743909178,0.23418008719545888,-0.0003510413041625249,-4.107681824727649e-05,54.92753039800704,0.5492753039800704,0.129769569495831,20.91653005427767,0.8715220855949029,20.91653005427767,0.8715220855949029,20.91653005427767,0.8715220855949029,0.0008671814099638908,10.0,0.007803696193889393,0.9927734882503009,0.0,0.0,1.0,0.0,10000.0,-0.00043510709004832286,0.032
raceline_xy,20260415_212047_eb9da4db,516,16.54400000000001,159.08176413923726,-39.32902010289129,15.201352236988622,-0.0021941036879882247,15.201352395332792,0.6333896831388663,-0.25126315105381547,0.0023596251260010097,0.03993412499712529,0.19967062498562646,-0.0002716868283667573,1.0924983051996406e-05,54.66510871046098,0.5466510871046097,0.13008170173401107,20.91653005427767,0.8715220855949029,20.91653005427767,0.8715220855949029,20.91653005427767,0.8715220855949029,0.0009254305916623906,10.0,0.007803696193889393,0.9922880784028134,0.0,0.0,0.550547135728765,0.0,5505.47135728765,-0.002213241540024287,0.032
raceline_xy,20260415_212047_eb9da4db,517,16.57600000000001,159.553956852556,-39.450287294353274,15.234869146412823,-0.002753512876993991,15.234869395244402,0.6347862248018501,-0.2512037129963871,0.001851792186961511,0.02754170390008578,0.1377085195004289,-0.00020633498166366948,4.137519067137774e-05,54.39802003237404,0.5439802003237404,0.1304718694076555,20.91653005427767,0.8715220855949029,20.91653005427767,0.8715220855949029,20.91653005427767,0.8715220855949029,0.00099821194322125,10.0,0.007803696193889393,0.9916815671398229,0.0,0.0,0.5620103427719152,0.0,5620.103427719152,-0.0014751734949573843,0.032
raceline_xy,20260415_212047_eb9da4db,518,16.60800000000001,160.0271983390314,-39.57187490743168,15.269103564136078,-0.0045322471575759415,15.269104236777524,0.6362126765323969,-0.25118887854458594,0.0004568536167344134,0.01631380196813639,0.08156900984068194,-0.00018602540112944155,2.7801543389216476e-05,54.13160155839454,0.5413160155839454,0.13086203967825424,20.91653005427767,0.8715220855949029,20.91653005427767,0.8715220855949029,20.91653005427767,0.8715220855949029,0.0010709733697487067,10.0,0.007803696193889393,0.9910752219187607,0.0,0.0,0.5583967679534136,0.0,5583.967679534137,0.00031540908942293314,0.032
raceline_xy,20260415_212047_eb9da4db,519,16.64000000000001,160.5014888547685,-39.69370769306257,15.302761312636012,-0.0037111356307417687,15.302761762637394,0.6376150734432248,-0.251195029015312,-0.0002009728998040871,0.006582678821538913,0.03291339410769456,-0.00018601206081658717,-6.191504465125064e-06,53.865697969331336,0.5386569796933134,0.13125221249976302,20.91653005427767,0.8715220855949029,20.91653005427767,0.8715220855949029,20.91653005427767,0.8715220855949029,0.001143728757113216,10.0,0.007803696193889393,0.9904689270240565,0.0,0.0,0.555245084041178,0.0,5552.4508404117805,0.0010447757746716666,0.032
raceline_xy,20260415_212047_eb9da4db,520,16.67200000000001,160.97682677987052,-39.81572412110313,15.335892046809217,-0.0013227435417371147,15.335892103853517,0.6389955043272298,-0.25118272480813797,0.0003726977847386197,0.0049174961961344025,0.02458748098067201,-0.00016594032017769322,-2.1176805920397612e-05,53.60030479724062,0.5360030479724062,0.1316423751813707,20.91653005427767,0.8715220855949029,20.91653005427767,0.8715220855949029,20.91653005427767,0.8715220855949029,0.0012164909104974697,10.0,0.007803696193889393,0.9898625757458545,0.0,0.0,0.5521299254619523,0.0,5521.299254619523,0.0001492211573818358,0.032
raceline_xy,20260415_212047_eb9da4db,521,16.70400000000001,161.45318995814355,-39.937943331425586,15.36850084479521,-0.00012636355078665673,15.368500845314706,0.6403542018881128,-0.25114180618586657,0.00126445574370688,0.012240255045914784,0.06120127522957392,-0.00011601628892110583,-6.998810482272688e-06,53.33541279521737,0.5333541279521737,0.13203253767478387,20.91653005427767,0.8715220855949029,20.91653005427767,0.8715220855949029,20.91653005427767,0.8715220855949029,0.0012892640068988825,10.0,0.007803696193889393,0.9892561332758426,0.0,0.0,0.5490646599807117,0.0,5490.646599807117,-0.0010583706484666334,0.032
raceline_xy,20260415_212047_eb9da4db,522,16.73600000000001,161.93054582590034,-40.06042624127872,15.400597062847343,-0.0011087858901026593,15.400597102761578,0.6416915459483991,-0.25109573696283816,0.001424606735126928,0.019218092412831782,0.0960904620641589,-6.073160357189522e-05,1.2878797986726198e-05,53.07101332650391,0.5307101332650391,0.13242270267984826,20.91653005427767,0.8715220855949029,20.91653005427767,0.8715220855949029,20.91653005427767,0.8715220855949029,0.0013620477111304652,10.0,0.007803696193889393,0.9886496024072461,0.0,0.0,0.5460472817479455,0.0,5460.4728174794545,-0.0012091642516438542,0.032
raceline_xy,20260415_212047_eb9da4db,523,16.76800000000001,162.40887154835494,-40.183196932352445,15.432189009271823,-0.00270740393889346,15.432189246763603,0.6430078852818167,-0.2510686536011306,0.0008315515111516677,0.02528584454255576,0.1264292227127788,-2.466406095802398e-05,1.4321287166829677e-05,52.80709787526319,0.5280709787526319,0.13281287020480714,20.91653005427767,0.8715220855949029,20.91653005427767,0.8715220855949029,20.91653005427767,0.8715220855949029,0.0014348402620054657,10.0,0.007803696193889393,0.9880429978166211,0.0,0.0,0.5430771949432598,0.0,5430.771949432598,-0.0003822757227971502,0.032
raceline_xy,20260415_212047_eb9da4db,524,16.80000000000001,162.88815992409727,-40.30622016526578,15.46328938525571,-0.003029164952614849,15.463289681953261,0.6443037367480525,-0.2510588861195808,0.00029051990303868375,0.03039651892616458,0.1519825946308229,-5.641379420939785e-06,-9.979590789299664e-07,52.543658627904044,0.5254365862790404,0.13320304025788662,20.91653005427767,0.8715220855949029,20.91653005427767,0.8715220855949029,20.91653005427767,0.8715220855949029,0.0015076384432557433,10.0,0.007803696193889393,0.9874363463062021,0.0,0.0,0.5401519108633479,0.0,5401.519108633479,0.000293000266345589,0.032
raceline_xy,20260415_212047_eb9da4db,525,16.83200000000001,163.36840729315665,-40.42944871502271,15.493912348421897,-0.0019918038516979486,15.493912476449038,0.6455796865187099,-0.2510464481518646,0.00037348118707313205,0.034550266325158355,0.17275133162579176,1.701691217670387e-05,-1.3088743527234215e-05,52.280688230634276,0.5228068823063428,0.1335932128472958,20.91653005427767,0.8715220855949029,20.91653005427767,0.8715220855949029,20.91653005427767,0.8715220855949029,0.0015804380623190006,10.0,0.007803696193889393,0.9868296828140083,0.0,0.0,0.5372695169251042,0.0,5372.695169251041,9.989406112186007e-05,0.032
raceline_xy,20260415_212047_eb9da4db,526,16.86400000000001,163.8496004261484,-40.55287391323481,15.524067576016355,-0.0010294028197401772,15.524067610146268,0.6468361504227612,-0.2510189433010388,0.0008439072877922332,0.03773820418159389,0.18869102090796944,5.57903627016465e-05,-9.550803276248132e-06,52.018179095738944,0.5201817909573895,0.13398337569671326,20.91653005427767,0.8715220855949029,20.91653005427767,0.8715220855949029,20.91653005427767,0.8715220855949029,0.001653235615854065,10.0,0.007803696193889393,0.9862230365345495,0.0,0.0,0.5344303026886243,0.0,5344.303026886243,-0.0005701117615913448,0.032
raceline_xy,20260415_212047_eb9da4db,527,16.89600000000001,164.33171719069435,-40.67652296666948,15.55376405611641,-0.0011874253071120222,15.553764101442379,0.6480735042267658,-0.2509835037020278,0.0010922934178673267,0.03998060354979917,0.19990301774899583,0.00010306172600982322,2.4844669717083434e-06,51.756123730147095,0.517561237301471,0.13437353821028825,20.91653005427767,0.8715220855949029,20.91653005427767,0.8715220855949029,20.91653005427767,0.8715220855949029,0.0017260303515356235,10.0,0.007803696193889393,0.9856164137372031,0.0,0.0,0.531633675800659,0.0,5316.33675800659,-0.0008881625218510822,0.032
raceline_xy,20260415_212047_eb9da4db,528,16.92800000000001,164.81473723752148,-40.800417314378294,15.583010930855874,-0.0020507866987435897,15.583011065801747,0.6492921277417395,-0.2509547164126431,0.0008856442477829007,0.04129203213496467,0.20646016067482334,0.0001438515743532598,8.430065443487678e-06,51.49451485015944,0.5149451485015945,0.1347637032357451,20.91653005427767,0.8715220855949029,20.91653005427767,0.8715220855949029,20.91653005427767,0.8715220855949029,0.0017988220110076725,10.0,0.007803696193889393,0.985009816574936,0.0,0.0,0.5288787034968137,0.0,5288.787034968137,-0.0005932260962614728,0.032
raceline_xy,20260415_212047_eb9da4db,529,16.96000000000001,165.29864874534206,-40.92454646770719,15.611818565724402,-0.0025166031473129458,15.611818768560841,0.6504924486900351,-0.25093703925567645,0.0005398597529746177,0.04168648716222513,0.20843243581112564,0.0001738179208365942,3.827825681312902e-06,51.23334551011017,0.5123334551011017,0.1351538707542898,20.91653005427767,0.8715220855949029,20.91653005427767,0.8715220855949029,20.91653005427767,0.8715220855949029,0.0018716108911580598,10.0,0.007803696193889393,0.9844032425736828,0.0,0.0,0.526164010173749,0.0,5261.64010173749,-0.00015336387989919325,0.032
raceline_xy,20260415_212047_eb9da4db,530,16.99200000000001,165.78344463126172,-41.04888296083737,15.640198673160983,-0.0021624254591707803,15.640198822650255,0.6516749509437606,-0.25092220999745507,0.0004519972155153316,0.0411791384354402,0.205895692177201,0.00020160992251527787,-3.061204996157585e-06,50.972609140630574,0.5097260914063058,0.13554404074711285,20.91653005427767,0.8715220855949029,20.91653005427767,0.8715220855949029,20.91653005427767,0.8715220855949029,0.0019443983821911814,10.0,0.007803696193889393,0.9837966801484068,0.0,0.0,0.5234880250281719,0.0,5234.88025028172,-9.045141603165636e-05,0.032
raceline_xy,20260415_212047_eb9da4db,531,17.02400000000001,166.2691146770422,-41.17341286913857,15.668161424835459,-0.0015641732990587798,15.668161502912204,0.6528400626213419,-0.25090116933251005,0.0006471265529177255,0.03978410247880339,0.19892051239401692,0.000236460091725732,-3.1786825847035516e-06,50.71229923452607,0.5071229923452607,0.1359342131953895,20.91653005427767,0.8715220855949029,20.91653005427767,0.8715220855949029,20.91653005427767,0.8715220855949029,0.0020171850676606873,10.0,0.007803696193889393,0.9831901244361609,0.0,0.0,0.520850149003322,0.0,5208.501490033221,-0.0003955524370949206,0.032
raceline_xy,20260415_212047_eb9da4db,532,17.05600000000001,166.75564321128726,-41.29814467826587,15.6957156324547,-0.0014388637591382647,15.69571569840674,0.6539881541002809,-0.25087418362218017,0.0008342474277656848,0.03749901659008376,0.1874950829504188,0.00027792072389143385,3.2084607095583806e-06,50.45240931985186,0.5045240931985187,0.13632437637285005,20.91653005427767,0.8715220855949029,20.91653005427767,0.8715220855949029,20.91653005427767,0.8715220855949029,0.002089971889252862,10.0,0.007803696193889393,0.9825835675895594,0.0,0.0,0.5182499351391793,0.0,5182.4993513917925,-0.0006579427397976532,0.032
raceline_xy,20260415_212047_eb9da4db,533,17.08800000000001,167.24301366042562,-41.4230914977389,15.722869837042701,-0.0018205382549254523,15.722869942442019,0.6551195809350842,-0.25084846456441356,0.0007964488813529621,0.034347428969098606,0.17173714484549302,0.00031852648082431045,8.88799400122764e-06,50.192933063632175,0.5019293306363217,0.1367145389899666,20.91653005427767,0.8715220855949029,20.91653005427767,0.8715220855949029,20.91653005427767,0.8715220855949029,0.0021627593655804134,10.0,0.007803696193889393,0.9819770052868299,0.0,0.0,0.5156866498107047,0.0,5156.866498107047,-0.0006064590428882634,0.032
raceline_xy,20260415_212047_eb9da4db,534,17.12000000000001,167.73121337032123,-41.54825227545263,15.749632817407159,-0.0021759650762338545,15.749632967722537,0.656234706988439,-0.2508287103451976,0.0006120043962433488,0.030347177019740327,0.15173588509870162,0.00035355134685399747,9.161772479338026e-06,49.93386433167781,0.49933864331677813,0.1371047040250136,20.91653005427767,0.8715220855949029,20.91653005427767,0.8715220855949029,20.91653005427767,0.8715220855949029,0.0022355472572268553,10.0,0.007803696193889393,0.9813704395231095,0.0,0.0,0.5131593661687962,0.0,5131.593661687962,-0.0003755030485530649,0.032
raceline_xy,20260415_212047_eb9da4db,535,17.15200000000001,168.22023331374936,-41.67361300665546,15.776013904215883,-0.0021219454429250995,15.776014046921528,0.6573339186217303,-0.25081254147025867,0.0005017722936528516,0.025515310085426613,0.12757655042713306,0.0003855538788881674,6.409476242641432e-06,49.675197230458195,0.49675197230458196,0.1374948714698074,20.91653005427767,0.8715220855949029,20.91653005427767,0.8715220855949029,20.91653005427767,0.8715220855949029,0.002308335316069776,10.0,0.007803696193889393,0.9807638723660852,0.0,0.0,0.5106669974785732,0.0,5106.669974785732,-0.0002654296345422207,0.032
raceline_xy,20260415_212047_eb9da4db,536,17.18400000000001,168.710064157242,-41.79916203223963,15.802022025926151,-0.0018142068390361032,15.802022130069355,0.6584175887528898,-0.2507947278121021,0.0005547959237833655,0.019874807269471058,0.09937403634735528,0.000419907381258966,5.8613046114430745e-06,49.416926007991776,0.49416926007991774,0.1378850413161509,20.91653005427767,0.8715220855949029,20.91653005427767,0.8715220855949029,20.91653005427767,0.8715220855949029,0.002381123690315956,10.0,0.007803696193889393,0.9801573025807003,0.0,0.0,0.5082087585129269,0.0,5082.087585129269,-0.0003753827295513102,0.032
raceline_xy,20260415_212047_eb9da4db,537,17.21600000000001,169.20069385843007,-41.92489929714975,15.827665178645777,-0.0016519801429901726,15.8276652648568,0.6594860527023666,-0.2507735741373245,0.0006607991467578963,0.013470329522808515,0.06735164761404257,0.00045826698351403294,9.212795081481318e-06,49.15904497651459,0.49159044976514593,0.13827521355583447,20.91653005427767,0.8715220855949029,20.91653005427767,0.8715220855949029,20.91653005427767,0.8715220855949029,0.0024539116843729225,10.0,0.007803696193889393,0.979550735963559,0.0,0.0,0.5057841345315899,0.0,5057.841345315898,-0.0005407650624620758,0.032
raceline_xy,20260415_212047_eb9da4db,538,17.24800000000001,169.69210907904315,-42.050830761661324,15.852950776108573,-0.0017817563898741007,15.852950876236804,0.6605396198432002,-0.250751975277244,0.0006764723753488038,0.006493168531314173,0.03246584265657086,0.000497603183265749,1.3569643423583244e-05,48.901548532223316,0.48901548532223316,0.13866537698127343,20.91653005427767,0.8715220855949029,20.91653005427767,0.8715220855949029,20.91653005427767,0.8715220855949029,0.0025266991473911204,10.0,0.007803696193889393,0.9789441737717407,0.0,0.0,0.5033925850697941,0.0,5033.925850697941,-0.0005741432247960642,0.032
raceline_xy,20260415_212047_eb9da4db,539,17.280000000000012,170.1842979497865,-42.17695757879928,15.87788600353806,-0.0019946600213840426,15.87788612882768,0.6615785887011533,-0.25073320416562694,0.0005899165952004017,0.0036145957060434485,0.01807297853021724,0.0005345856063532217,1.5658799870976736e-05,48.64443118870933,0.48644431188709336,0.13905553966828746,20.91653005427767,0.8715220855949029,20.91653005427767,0.8715220855949029,20.91653005427767,0.8715220855949029,0.002599486178767929,10.0,0.007803696193889393,0.978337615176934,0.0,0.0,0.5010334821849003,0.0,5010.334821849003,-0.00047566000337374945,0.032
raceline_xy,20260415_212047_eb9da4db,540,17.312000000000012,170.67725082389347,-42.30327316066687,15.902478121988354,-0.00203906786671304,15.902478252716335,0.6626032605298473,-0.2507172494737331,0.0005035852180137587,0.011522880544723241,0.057614402723616204,0.0005692919195943169,1.5491612401774546e-05,48.38768761057989,0.4838768761057989,0.13944570471721643,20.91653005427767,0.8715220855949029,20.91653005427767,0.8715220855949029,20.91653005427767,0.8715220855949029,0.0026722725665195846,10.0,0.007803696193889393,0.9777310619456702,0.0,0.0,0.498706089639367,0.0,4987.06089639367,-0.0003897257064489963,0.032
raceline_xy,20260415_212047_eb9da4db,541,17.344000000000012,171.17095865918634,-42.42976948538901,15.926734318575093,-0.0019069405537250894,15.926734432736042,0.6636139346973351,-0.25070158193604897,0.0004960830988557202,0.021041934420694262,0.1052096721034713,0.0006043415339989089,1.5597385176757683e-05,48.13131259943028,0.4813131259943028,0.13983587211612974,20.91653005427767,0.8715220855949029,20.91653005427767,0.8715220855949029,20.91653005427767,0.8715220855949029,0.0027450581944221675,10.0,0.007803696193889393,0.9771245150464819,0.0,0.0,0.4964097102764626,0.0,4964.097102764626,-0.00041394026025558006,0.032
raceline_xy,20260415_212047_eb9da4db,542,17.376000000000012,171.6654113511229,-42.556443545465996,15.950661309279514,-0.001785459380442056,15.950661409208449,0.6646108920503521,-0.25068449747349675,0.0005416867007855668,0.0314207705953525,0.15710385297676246,0.0006414501003546569,1.7679983227214535e-05,47.87530104416546,0.47875301044165464,0.14022604185308576,20.91653005427767,0.8715220855949029,20.91653005427767,0.8715220855949029,20.91653005427767,0.8715220855949029,0.0028178435110284283,10.0,0.007803696193889393,0.9765179707414298,0.0,0.0,0.49414381571422583,0.0,4941.438157142258,-0.0005032676103816456,0.032
raceline_xy,20260415_212047_eb9da4db,543,17.408000000000012,172.1605978407228,-42.68329685175768,15.974265226881386,-0.001806123618149691,15.974265328985691,0.6655943887077371,-0.2506667954866497,0.0005622517500586606,0.042581201581272536,0.21290600790636266,0.0006797586699733849,2.0939972109168536e-05,47.61964789502249,0.4761964789502249,0.14061621391613205,20.91653005427767,0.8715220855949029,20.91653005427767,0.8715220855949029,20.91653005427767,0.8715220855949029,0.002890628148186636,10.0,0.007803696193889393,0.9759114320984447,0.0,0.0,0.49190798287351756,0.0,4919.079828735175,-0.0005519953798931209,0.032
raceline_xy,20260415_212047_eb9da4db,544,17.440000000000012,172.65650744399872,-42.81033018463502,15.99755175826266,-0.0019141041466284037,15.997551872773764,0.6665646613655735,-0.25065034092754557,0.0005244799136770187,0.04562411100103734,0.2281205550051867,0.0007206903774763518,2.0803352029918898e-05,47.36435808039213,0.47364358080392127,0.1410844099805257,20.91653005427767,0.8715220855949029,20.91653005427767,0.8715220855949029,20.91653005427767,0.8715220855949029,0.002977969119802637,10.0,0.007803696193889393,0.9751835906683114,0.0,0.0,0.48970179503511374,0.0,4897.017950351137,-0.0003776032667654355,0.032
raceline_xy,20260415_212047_eb9da4db,545,17.472000000000012,173.15313069407878,-42.937540281661725,16.020526412357874,-0.001964978798523198,16.020526532863954,0.6675219388693314,-0.2506359137746226,0.0004622009212280702,0.032966102195406355,0.16483051097703177,0.0007568696134190311,2.2020346952089653e-05,47.109416757888894,0.47109416757888894,0.14147457321105464,20.91653005427767,0.8715220855949029,20.91653005427767,0.8715220855949029,20.91653005427767,0.8715220855949029,0.003050752937390211,10.0,0.007803696193889393,0.9745770588550816,0.0,0.0,0.48752476734177336,0.0,4875.2476734177335,-0.00046542413112106304,0.032
raceline_xy,20260415_212047_eb9da4db,546,17.504000000000012,173.65046025368002,-43.06491632775583,16.043195119419458,-0.001775492238571097,16.043195217665872,0.6684664674027446,-0.25061964639613965,0.0005204670302577354,0.01962570205196973,0.09812851025984864,0.0007955803859283073,2.5637468067607472e-05,46.854819198730794,0.46854819198730796,0.14186473873178124,20.91653005427767,0.8715220855949029,20.91653005427767,0.8715220855949029,20.91653005427767,0.8715220855949029,0.00312353612983296,10.0,0.007803696193889393,0.973970532251392,0.0,0.0,0.48537618482396855,0.0,4853.761848239686,-0.0005833523086564128,0.032
raceline_xy,20260415_212047_eb9da4db,547,17.536000000000012,174.14848469041536,-43.192464121140816,16.06556266929311,-0.0018461981670192529,16.065562775372424,0.669398448973851,-0.2506036701020484,0.0005121242052405766,0.005911719923101857,0.029558599615509284,0.0008345667596687534,2.9523391047892034e-05,46.60056066411525,0.4660056066411525,0.1422549065320268,20.91653005427767,0.8715220855949029,20.91653005427767,0.8715220855949029,20.91653005427767,0.8715220855949029,0.003196318786201857,10.0,0.007803696193889393,0.9733640101149845,0.0,0.0,0.4832558988283217,0.0,4832.558988283217,-0.0005971995417210092,0.032
raceline_xy,20260415_212047_eb9da4db,548,17.568000000000012,174.64719395360441,-43.32018470128657,16.087634007038925,-0.001987330845453439,16.087634129787983,0.6703180887411659,-0.2505901578882641,0.00043580901913710336,0.009813259141083476,0.04906629570541738,0.0008716072919003892,3.150507336613373e-05,46.34663652410365,0.4634663652410365,0.14264507660110395,20.91653005427767,0.8715220855949029,20.91653005427767,0.8715220855949029,20.91653005427767,0.8715220855949029,0.0032691010403307352,10.0,0.007803696193889393,0.9727574913305772,0.0,0.0,0.48116339826961674,0.0,4811.633982696168,-0.0005202386083276192,0.032
raceline_xy,20260415_212047_eb9da4db,549,17.600000000000012,175.14657974622497,-43.448072873979626,16.10941391452948,-0.0020028002224754538,16.10941403902838,0.6712255849595158,-0.25057871292081746,0.0003717063380531218,0.025126318051762846,0.1256315902588142,0.000907149897688253,3.197940081278716e-05,46.093042228739506,0.46093042228739506,0.1430352489283169,20.91653005427767,0.8715220855949029,20.91653005427767,0.8715220855949029,20.91653005427767,0.8715220855949029,0.003341882585174538,10.0,0.007803696193889393,0.9721509784568788,0.0,0.0,0.4790982638720555,0.0,4790.982638720555,-0.00046673927538109535,0.032
raceline_xy,20260415_212047_eb9da4db,550,17.632000000000012,175.64663414078927,-43.57612257561375,16.130906842031642,-0.001895474147498355,16.130906953396188,0.6721211230581745,-0.25056733925513974,0.0003697540555583626,0.041295147744099286,0.20647573872049643,0.0009432560524542666,3.294253363872457e-05,45.83977328825734,0.4583977328825734,0.14342541062033898,20.91653005427767,0.8715220855949029,20.91653005427767,0.8715220855949029,20.91653005427767,0.8715220855949029,0.003414663503651383,10.0,0.007803696193889393,0.9715444708029052,0.0,0.0,0.47706015124732637,0.0,4770.601512473264,-0.0004993065404983208,0.032
raceline_xy,20260415_212047_eb9da4db,551,17.664000000000012,176.14734830529218,-43.704331815977945,16.152116969812774,-0.0018121020129386878,16.152117071462413,0.6730048779776006,-0.2505550192799739,0.000399453778501025,0.041946374226429474,0.20973187113214736,0.0009846884730650984,3.3508968841022835e-05,45.586834902692324,0.45586834902692325,0.1438936068461015,20.91653005427767,0.8715220855949029,20.91653005427767,0.8715220855949029,20.91653005427767,0.8715220855949029,0.0035019999913052935,10.0,0.007803696193889393,0.9708166667391226,0.0,0.0,0.4750487234030149,0.0,4750.487234030149,-0.0004488295892779709,0.032
raceline_xy,20260415_212047_eb9da4db,552,17.696000000000012,176.64871274923428,-43.83270170355047,16.173048372056144,-0.001836076041761281,16.173048476278154,0.6738770198449231,-0.25054271571508124,0.0003990014039842966,0.024431966554736166,0.12215983277368082,0.001023006794078185,3.663392095321072e-05,45.33421305051483,0.4533421305051483,0.1442837728136342,20.91653005427767,0.8715220855949029,20.91653005427767,0.8715220855949029,20.91653005427767,0.8715220855949029,0.003574779454992516,10.0,0.007803696193889393,0.9702101712083957,0.0,0.0,0.4730636122170329,0.0,4730.636122170329,-0.0005939999980468601,0.032
raceline_xy,20260415_212047_eb9da4db,553,17.728000000000012,177.1507195878366,-43.96122762526777,16.193705327852104,-0.0017991062449884687,16.193705427791656,0.6747377261579857,-0.25052935543810495,0.00043191588713917424,0.006536906389211195,0.03268453194605597,0.0010630148431003406,4.1375526998344014e-05,45.081903482289015,0.45081903482289015,0.14467394099305067,20.91653005427767,0.8715220855949029,20.91653005427767,0.8715220855949029,20.91653005427767,0.8715220855949029,0.0036475583162070002,10.0,0.007803696193889393,0.969603680698275,0.0,0.0,0.4711043406741461,0.0,4711.043406741461,-0.0006713528597275987,0.032
raceline_xy,20260415_212047_eb9da4db,554,17.760000000000012,177.65335863771108,-44.08991436862477,16.214091082897163,-0.001954865250025417,16.214091200742132,0.6755871333642555,-0.25051794734801724,0.0003708307196955719,0.012985663929495803,0.06492831964747901,0.0011015990545715226,4.472487375917211e-05,44.82990191909859,0.4482990191909859,0.14506411137327135,20.91653005427767,0.8715220855949029,20.91653005427767,0.8715220855949029,20.91653005427767,0.8715220855949029,0.0037203365325240156,10.0,0.007803696193889393,0.9689971955622999,0.0,0.0,0.4691708924529943,0.0,4691.708924529943,-0.0006161671451674048,0.032
raceline_xy,20260415_212047_eb9da4db,555,17.792000000000012,178.15662173863737,-44.21875926683296,16.23420913638842,-0.0020459182511549656,16.23420926530697,0.676425386054457,-0.25050947442114824,0.00027893937494289733,0.03236895777951092,0.16184478889755458,0.001137790516990922,4.5699028549339715e-05,44.57820417633907,0.4457820417633907,0.14545428212656325,20.91653005427767,0.8715220855949029,20.91653005427767,0.8715220855949029,20.91653005427767,0.8715220855949029,0.0037931139477032083,10.0,0.007803696193889393,0.9683907171024733,0.0,0.0,0.46726286293158753,0.0,4672.6286293158755,-0.0005260533328983548,0.032
raceline_xy,20260415_212047_eb9da4db,556,17.824000000000012,178.66050189311605,-44.347755594010685,16.25406324262502,-0.0019698923098543375,16.254063361994426,0.677252640083101,-0.250502109074044,0.00024398103861346154,0.04760164791694979,0.23800823958474895,0.0011775339278963237,4.4805126650615534e-05,44.326815616009306,0.4432681561600931,0.14592247634829597,20.91653005427767,0.8715220855949029,20.91653005427767,0.8715220855949029,20.91653005427767,0.8715220855949029,0.0038804459601555763,10.0,0.007803696193889393,0.9676629503320369,0.0,0.0,0.46537979732121076,0.0,4653.7979732121075,-0.00041365248121545933,0.032
raceline_xy,20260415_212047_eb9da4db,557,17.856000000000012,179.16499157258727,-44.47689917225008,16.273657061007963,-0.001839658685955925,16.273657164990247,0.6780690485412603,-0.2504939039764711,0.0002697359847800776,0.026857916843934793,0.13428958421967396,0.0012147970768556782,4.6743456092457336e-05,44.075722749798665,0.4407572274979866,0.1463126405824705,20.91653005427767,0.8715220855949029,20.91653005427767,0.8715220855949029,20.91653005427767,0.8715220855949029,0.00395322199737258,10.0,0.007803696193889393,0.9670564833552285,0.0,0.0,0.4635213526032605,0.0,4635.213526032605,-0.0005870954894589429,0.032
raceline_xy,20260415_212047_eb9da4db,558,17.888000000000012,179.67008316984732,-44.60618658923613,16.292994139505467,-0.001712034219265579,16.292994229453978,0.6788747595605824,-0.25048283454256426,0.00035863641493404525,0.005806864535661842,0.02903432267830921,0.0012556123758189486,5.210613803674491e-05,43.8249216277661,0.438249216277661,0.14670280697110116,20.91653005427767,0.8715220855949029,20.91653005427767,0.8715220855949029,20.91653005427767,0.8715220855949029,0.004025996976308122,10.0,0.007803696193889393,0.9664500251974323,0.0,0.0,0.4616872140126296,0.0,4616.872140126296,-0.0007411849749876165,0.032
raceline_xy,20260415_212047_eb9da4db,559,17.920000000000012,180.17576612457097,-44.73562630375921,16.31207703156116,-0.0019036617407701684,16.312077142642295,0.679669880943429,-0.25047293365858136,0.00032164762013366007,0.016787224949379013,0.08393612474689506,0.0012957864405862551,5.6860219372900644e-05,43.574408260332,0.43574408260332,0.14709297550324935,20.91653005427767,0.8715220855949029,20.91653005427767,0.8715220855949029,20.91653005427767,0.8715220855949029,0.004098771328310491,10.0,0.007803696193889393,0.9658435722640792,0.0,0.0,0.4598774278805529,0.0,4598.774278805529,-0.0007149042714946715,0.032
raceline_xy,20260415_212047_eb9da4db,560,17.952000000000012,180.6820321521972,-44.86521825337706,16.330908631340606,-0.0020960535116345547,16.330908765853646,0.6804545319105686,-0.2504668225434292,0.00020276751560963576,0.039309729545110084,0.19654864772555042,0.00133267290966943,5.8384503226704965e-05,43.324178748108956,0.43324178748108955,0.14748314616797237,20.91653005427767,0.8715220855949029,20.91653005427767,0.8715220855949029,20.91653005427767,0.8715220855949029,0.004171544837396901,10.0,0.007803696193889393,0.9652371263550258,0.0,0.0,0.45809162530043085,0.0,4580.916253004309,-0.0005857277871272148,0.032
raceline_xy,20260415_212047_eb9da4db,561,17.984000000000012,181.18887507175742,-44.99495459800823,16.349492381606765,-0.0020623882180008657,16.34949251168558,0.6812288546535658,-0.2504629624322101,0.00013183693779432215,0.03760029959359711,0.18800149796798554,0.0013722420120556578,5.747965307767444e-05,43.0742385839868,0.43074238583986796,0.14795134710860589,20.91653005427767,0.8715220855949029,20.91653005427767,0.8715220855949029,20.91653005427767,0.8715220855949029,0.004258871908618289,10.0,0.007803696193889393,0.9645094007615143,0.0,0.0,0.45632929614413786,0.0,4563.292961441379,-0.00044331273388163695,0.032
raceline_xy,20260415_212047_eb9da4db,562,18.016000000000012,181.6962885431054,-45.12482856919244,16.367831759678285,-0.0018856806281317695,16.367831868299618,0.6819929945124841,-0.25045833111763294,0.00015520856104888841,0.013901701602656448,0.06950850801328223,0.0014089907035064186,5.8756205087107105e-05,42.82457477057003,0.4282457477057003,0.14834150970940885,20.91653005427767,0.8715220855949029,20.91653005427767,0.8715220855949029,20.91653005427767,0.8715220855949029,0.004331643646618755,10.0,0.007803696193889393,0.9639029696115103,0.0,0.0,0.4545900714699398,0.0,4545.900714699398,-0.0006028868210225678,0.032
raceline_xy,20260415_212047_eb9da4db,563,18.048000000000012,182.2042654833916,-45.25483671904803,16.38592999654085,-0.0017149134597667093,16.385930086280283,0.6827470869283451,-0.2504503250953829,0.0002598547679007589,0.010839198920104345,0.05419599460052172,0.0014498276255952014,6.39674564304471e-05,42.57518365271695,0.4257518365271695,0.14873167440759943,20.91653005427767,0.8715220855949029,20.91653005427767,0.8715220855949029,20.91653005427767,0.8715220855949029,0.004404414596166362,10.0,0.007803696193889393,0.963296545031947,0.0,0.0,0.4528737037127834,0.0,4528.737037127834,-0.000780319456931215,0.032
raceline_xy,20260415_212047_eb9da4db,564,18.080000000000013,182.71279565567465,-45.38498822345164,16.403789378908787,-0.0018926416427387238,16.403789488093693,0.6834912286705705,-0.2504428602673343,0.00024231752340499586,0.035639778677574833,0.17819889338787415,0.0014906666158491788,6.91975209381468e-05,42.32606153329698,0.42326061533296977,0.14912184119221555,20.91653005427767,0.8715220855949029,20.91653005427767,0.8715220855949029,20.91653005427767,0.8715220855949029,0.004477184455532246,10.0,0.007803696193889393,0.9626901295372313,0.0,0.0,0.4511802529855227,0.0,4511.8025298552275,-0.0007802196240757237,0.032
raceline_xy,20260415_212047_eb9da4db,565,18.112000000000013,183.2218708814837,-45.51528455037159,16.421412531984135,-0.002116769863322432,16.42141266841316,0.6842255278505484,-0.25043914957262636,0.00012446765205028813,0.03896473151879573,0.19482365759397866,0.0015328171920736544,7.096568821784999e-05,42.07721393396497,0.4207721393396497,0.1495900440723987,20.91653005427767,0.8715220855949029,20.91653005427767,0.8715220855949029,20.91653005427767,0.8715220855949029,0.0045645072913695905,10.0,0.007803696193889393,0.9619624392385867,0.0,0.0,0.4495093773507524,0.0,4495.093773507524,-0.0005759928488374839,0.032
raceline_xy,20260415_212047_eb9da4db,566,18.144000000000013,183.73148537080954,-45.64571825160233,16.438802713123465,-0.002114912447837458,16.438802849169097,0.684950118715379,-0.2504382044075246,3.743037011850057e-05,0.013009143812461939,0.06504571906230969,0.0015682807337666915,7.09081007141954e-05,41.82862820050833,0.4182862820050833,0.14998021540855386,20.91653005427767,0.8715220855949029,20.91653005427767,0.8715220855949029,20.91653005427767,0.8715220855949029,0.004637275124746765,10.0,0.007803696193889393,0.9613560406271103,0.0,0.0,0.44786056181951883,0.0,4478.605618195188,-0.0005754600966320991,0.032
raceline_xy,20260415_212047_eb9da4db,567,18.176000000000013,184.24163420963623,-45.77627892628474,16.455963567557035,-0.0018685784339198541,16.455963673645787,0.6856651530685745,-0.2504352951684705,9.801821430420048e-05,0.013908386720885717,0.06954193360442858,0.0016064410679605956,7.337463608614314e-05,41.58030095744411,0.4158030095744411,0.1503703800713328,20.91653005427767,0.8715220855949029,20.91653005427767,0.8715220855949029,20.91653005427767,0.8715220855949029,0.004710042095898093,10.0,0.007803696193889393,0.9607496492008493,0.0,0.0,0.4462333140335906,0.0,4462.333140335906,-0.0007036427147804181,0.032
raceline_xy,20260415_212047_eb9da4db,568,18.208000000000013,184.75230881962224,-45.90697084127617,16.472897754675746,-0.0018422186094859683,16.472897857686444,0.6863707440702685,-0.25043091321593014,0.00014334609136271934,0.04097286349598399,0.20486431747991993,0.0016467163819608999,7.787391856828307e-05,41.33222879113399,0.4133222879113399,0.15076054317898782,20.91653005427767,0.8715220855949029,20.91653005427767,0.8715220855949029,20.91653005427767,0.8715220855949029,0.004782808216419632,10.0,0.007803696193889393,0.9601432648631697,0.0,0.0,0.44462765494982576,0.0,4446.276549498258,-0.0007962264512923655,0.032
raceline_xy,20260415_212047_eb9da4db,569,18.240000000000013,185.26350063249987,-46.03779855226277,16.48960781944248,-0.001998313260834106,16.489607940526497,0.6870669975219373,-0.2504278638254309,0.00010115273273030373,0.03143834838863709,0.15719174194318544,0.0016910135782817193,8.180332097618148e-05,41.08441733319245,0.41084417333192447,0.15122874158591595,20.91653005427767,0.8715220855949029,20.91653005427767,0.8715220855949029,20.91653005427767,0.8715220855949029,0.004870126233829097,10.0,0.007803696193889393,0.9594156147180909,0.0,0.0,0.4430433883738495,0.0,4430.433883738495,-0.0007037397166984071,0.032
raceline_xy,20260415_212047_eb9da4db,570,18.272000000000013,185.77520273898875,-46.16876047958567,16.50609647599352,-0.0021150061889767535,16.50609661149652,0.6877540254790216,-0.2504275519810797,1.5105085278439131e-05,0.003703389841237032,0.018516949206185157,0.0017283738517974712,8.346451087382079e-05,40.8368542331169,0.40836854233116904,0.1516189091436416,20.91653005427767,0.8715220855949029,20.91653005427767,0.8715220855949029,20.91653005427767,0.8715220855949029,0.0049428900939276765,10.0,0.007803696193889393,0.9588092492172694,0.0,0.0,0.4414802011572014,0.0,4414.802011572014,-0.0006851827819327495,0.032
raceline_xy,20260415_212047_eb9da4db,571,18.304000000000013,186.28741009360908,-46.299848188721,16.522367060266223,-0.0020130149062538294,16.522367182894808,0.6884319659539503,-0.2504273860782189,9.951150693637908e-06,0.02564625013499945,0.12823125067499724,0.0017662508677660504,8.553979020886615e-05,40.5895363060038,0.405895363060038,0.15200907870662725,20.91653005427767,0.8715220855949029,20.91653005427767,0.8715220855949029,20.91653005427767,0.8715220855949029,0.00501565302137541,10.0,0.007803696193889393,0.9582028914885382,0.0,0.0,0.4399375707049384,0.0,4399.375707049384,-0.0007221956417892616,0.032
raceline_xy,20260415_212047_eb9da4db,572,18.336000000000013,186.80011559181293,-46.43106167999304,16.538422554895327,-0.0019705430473919705,16.538422672289833,0.689100944678743,-0.2504269490251101,1.7876391296838657e-05,0.04521346215860645,0.22606731079303224,0.0018100277438506396,8.900736446815216e-05,40.34246931575121,0.4034246931575121,0.15247728370840044,20.91653005427767,0.8715220855949029,20.91653005427767,0.8715220855949029,20.91653005427767,0.8715220855949029,0.0051029669550866075,10.0,0.007803696193889393,0.9574752753742782,0.0,0.0,0.4384152903808502,0.0,4384.152903808502,-0.0007165888988794927,0.032
raceline_xy,20260415_212047_eb9da4db,573,18.368000000000013,187.31331195834204,-46.56240200288991,16.554265918143983,-0.0020077463387981886,16.554266039896447,0.6897610849956853,-0.25042702265887407,1.4487434854354796e-06,0.015521430325748962,0.0776071516287448,0.0018489680959983268,9.207520096587984e-05,40.09564120547128,0.40095641205471283,0.15286744572056976,20.91653005427767,0.8715220855949029,20.91653005427767,0.8715220855949029,20.91653005427767,0.8715220855949029,0.005175727539514341,10.0,0.007803696193889393,0.9568689371707139,0.0,0.0,0.43691308504667403,0.0,4369.13085046674,-0.0007815553533835804,0.032
raceline_xy,20260415_212047_eb9da4db,574,18.400000000000013,187.8269929317957,-46.693866620131075,16.569900067034034,-0.0020140310501362,16.56990018943432,0.6904125078930967,-0.25042725258489584,-3.883709055208668e-06,0.014970530780788227,0.07485265390394114,0.0018883758988139654,9.554679830436896e-05,39.849048918021275,0.39849048918021274,0.15325760970289184,20.91653005427767,0.8715220855949029,20.91653005427767,0.8715220855949029,20.91653005427767,0.8715220855949029,0.00524848713857784,10.0,0.007803696193889393,0.956262607178518,0.0,0.0,0.43543068488890574,0.0,4354.306848889058,-0.0008110738927335956,0.032
raceline_xy,20260415_212047_eb9da4db,575,18.432000000000013,188.34115141147728,-46.825456602470396,16.585327535901747,-0.0020858914474852774,16.58532766707019,0.6910553194612579,-0.25042879840035415,-4.536273652886259e-05,0.045646872949460945,0.2282343647473047,0.0019270542197467044,9.826250390654323e-05,39.60268941013146,0.3960268941013146,0.15364777564444115,20.91653005427767,0.8715220855949029,20.91653005427767,0.8715220855949029,20.91653005427767,0.8715220855949029,0.005321245531481278,10.0,0.007803696193889393,0.955656287237656,0.0,0.0,0.43396794957233187,0.0,4339.679495723319,-0.0007899540731171654,0.032
raceline_xy,20260415_212047_eb9da4db,576,18.464000000000013,188.85578119631802,-46.95716988822881,16.600551303254218,-0.002118506913620699,16.600551438432607,0.6916896432680253,-0.2504318383289066,-9.237432350040521e-05,0.02321761080323441,0.11608805401617205,0.001970062714366172,0.00010107562991290564,39.356568542596484,0.3935656854259648,0.1541159773451,20.91653005427767,0.8715220855949029,20.91653005427767,0.8715220855949029,20.91653005427767,0.8715220855949029,0.005408554173776281,10.0,0.007803696193889393,0.954928715218531,0.0,0.0,0.43252445441790544,0.0,4325.244544179054,-0.000722288293848231,0.032
raceline_xy,20260415_212047_eb9da4db,577,18.496000000000013,189.3708765012521,-47.089003209081405,16.61557461695834,-0.0020858183832688226,16.61557474787883,0.6923156144949513,-0.2504355442046453,-0.0001135012797055862,0.008756587342302818,0.043782936711514085,0.002007870090697139,0.00010286336806819563,39.11067461957853,0.39110674619578534,0.1545061475585015,20.91653005427767,0.8715220855949029,20.91653005427767,0.8715220855949029,20.91653005427767,0.8715220855949029,0.0054813100829878,10.0,0.007803696193889393,0.9543224159751017,0.0,0.0,0.4310997911315398,0.0,4310.997911315398,-0.0007755598686503987,0.032
raceline_xy,20260415_212047_eb9da4db,578,18.528000000000013,189.88643168913933,-47.220953130826636,16.630400667004142,-0.002007831558800355,16.630400788209506,0.6929333661753961,-0.2504383405358186,-8.54042348723593e-05,0.04080253468076846,0.20401267340384227,0.0020472547780285844,0.00010612070988269551,38.865004832171124,0.38865004832171124,0.15489631650227967,20.91653005427767,0.8715220855949029,20.91653005427767,0.8715220855949029,20.91653005427767,0.8715220855949029,0.0055540647877894145,10.0,0.007803696193889393,0.9537161267684215,0.0,0.0,0.4296936597374121,0.0,4296.9365973741205,-0.0008525382557841125,0.032
raceline_xy,20260415_212047_eb9da4db,579,18.560000000000013,190.40243960522824,-47.353022475677385,16.645031963849743,-0.0020654877663690563,16.645032092003287,0.6935430038334703,-0.25044144497337006,-9.524712897034075e-05,0.02661997272748025,0.13309986363740123,0.0020923406321724514,0.00011101991267281619,38.61956507959382,0.3861956507959382,0.1553645117581986,20.91653005427767,0.8715220855949029,20.91653005427767,0.8715220855949029,20.91653005427767,0.8715220855949029,0.005641369056089918,10.0,0.007803696193889393,0.9529885911992507,0.0,0.0,0.42830601582960715,0.0,4283.060158296072,-0.0008389481675914941,0.032
raceline_xy,20260415_212047_eb9da4db,580,18.592000000000013,190.91889378384957,-47.48521170552916,16.659471093577295,-0.0021590209545858663,16.65947123347884,0.694144634728285,-0.25044623563637325,-0.00014807075217267965,0.006796162566108378,0.033980812830541884,0.0021309716032145154,0.00011351502133516433,38.37434383486916,0.38374343834869157,0.15575467656244088,20.91653005427767,0.8715220855949029,20.91653005427767,0.8715220855949029,20.91653005427767,0.8715220855949029,0.005714121352601964,10.0,0.007803696193889393,0.9523823220616503,0.0,0.0,0.42693659154797386,0.0,4269.365915479739,-0.0008365757333736795,0.032
raceline_xy,20260415_212047_eb9da4db,581,18.624000000000013,191.4357890663008,-47.6175165720499,16.67372114321634,-0.0021488904682902543,16.673721281689637,0.6947383867370682,-0.2504519175990776,-0.00017606243914025044,0.0401870335057946,0.20093516752897297,0.0021693394473993877,0.0001156787840592699,38.129338426482185,0.38129338426482184,0.15614484325593786,20.91653005427767,0.8715220855949029,20.91653005427767,0.8715220855949029,20.91653005427767,0.8715220855949029,0.005786872323332748,10.0,0.007803696193889393,0.9517760639722271,0.0,0.0,0.42558492842034085,0.0,4255.849284203408,-0.0008395653467029698,0.032
raceline_xy,20260415_212047_eb9da4db,582,18.656000000000013,191.95311962732072,-47.74993582828706,16.687785176903624,-0.002136821234530295,16.687785313710425,0.6953243880712677,-0.2504581474676475,-0.00019329307050784707,0.025873562670760308,0.12936781335380154,0.0022133752145614416,0.00011960307459624175,37.88455488482395,0.3788455488482395,0.15661304576660137,20.91653005427767,0.8715220855949029,20.91653005427767,0.8715220855949029,20.91653005427767,0.8715220855949029,0.005874171972295894,10.0,0.007803696193889393,0.9510485668975343,0.0,0.0,0.42425071930966113,0.0,4242.507193096611,-0.0008305060416409312,0.032
raceline_xy,20260415_212047_eb9da4db,583,18.688000000000013,192.4708796525361,-47.88246856600989,16.70166614764002,-0.0021353198100069193,16.70166628414109,0.6959027618392121,-0.2504647841929275,-0.00020608149254938251,0.008820766880836944,0.044103834404184715,0.002252104685604994,0.00012204424275275016,37.639981959351026,0.37639981959351027,0.15700321657809194,20.91653005427767,0.8715220855949029,20.91653005427767,0.8715220855949029,20.91653005427767,0.8715220855949029,0.005946920136280731,10.0,0.007803696193889393,0.9504423321976606,0.0,0.0,0.42293370998393803,0.0,4229.33709983938,-0.0008763680762169559,0.032
raceline_xy,20260415_212047_eb9da4db,584,18.720000000000013,192.98906358960826,-48.015113200014206,16.71536674444124,-0.0021280137636212615,16.71536687989871,0.6964736199957796,-0.2504714589062971,-0.0002073210261287045,0.04360428139472795,0.21802140697363975,0.0022914327666505585,0.00012500743545862392,37.39561709421717,0.3739561709421717,0.15739338188232724,20.91653005427767,0.8715220855949029,20.91653005427767,0.8715220855949029,20.91653005427767,0.8715220855949029,0.0060196671434624704,10.0,0.007803696193889393,0.9498361071378127,0.0,0.0,0.42163371808926087,0.0,4216.337180892609,-0.0009125023685923709,0.032
raceline_xy,20260415_212047_eb9da4db,585,18.752000000000013,193.50766533976972,-48.14787059361148,16.728889391831203,-0.002179349224964433,16.728889533788116,0.6970370639078382,-0.2504790035116584,-0.00023448763585332496,0.021138050958216224,0.10569025479108111,0.0023362626685248244,0.0001297675824192268,37.15146632453533,0.37151466324535326,0.1578615781536503,20.91653005427767,0.8715220855949029,20.91653005427767,0.8715220855949029,20.91653005427767,0.8715220855949029,0.006106961976648062,10.0,0.007803696193889393,0.9491086501945994,0.0,0.0,0.42035058218802607,0.0,4203.505821880261,-0.0008954204278963345,0.032
raceline_xy,20260415_212047_eb9da4db,586,18.784000000000013,194.0266793761917,-48.28073973347346,16.74223687114201,-0.0022209801472730106,16.742237018456635,0.6975932091023598,-0.250487840275885,-0.00027481353579991615,0.014798726288350371,0.07399363144175185,0.0023746991723401223,0.00013180079816343948,36.90751859852717,0.36907518598527167,0.1582517437272369,20.91653005427767,0.8715220855949029,20.91653005427767,0.8715220855949029,20.91653005427767,0.8715220855949029,0.0061797062102963984,10.0,0.007803696193889393,0.94850244824753,0.0,0.0,0.41908392158737034,0.0,4190.839215873703,-0.0008968698861373115,0.032
raceline_xy,20260415_212047_eb9da4db,587,18.816000000000013,194.54610078192195,-48.4137176208212,16.755412264766072,-0.002200957491692357,16.755412409322762,0.6981421837217817,-0.25049719743176313,-0.0002910343471143334,0.04912322347110364,0.2456161173555182,0.002419141581861073,0.00013622681072567033,36.663780065706206,0.3666378006570621,0.1587199448162404,20.91653005427767,0.8715220855949029,20.91653005427767,0.8715220855949029,20.91653005427767,0.8715220855949029,0.0062669975290208235,10.0,0.007803696193889393,0.9477750205914931,0.0,0.0,0.417833337204871,0.0,4178.33337204871,-0.0009048491939529434,0.032
raceline_xy,20260415_212047_eb9da4db,588,18.848000000000013,195.06592413830805,-48.54680357153868,16.768418313081057,-0.0021963128487625383,16.768418456916628,0.6986841023715261,-0.25050689098284096,-0.00030148410017778174,0.01259389609426701,0.06296948047133505,0.0024580514287295685,0.00013863532749436303,36.42023982060257,0.3642023982060257,0.15911011437823191,20.91653005427767,0.8715220855949029,20.91653005427767,0.8715220855949029,20.91653005427767,0.8715220855949029,0.006339738815931639,10.0,0.007803696193889393,0.9471688432005697,0.0,0.0,0.41659865826566,0.0,4165.9865826566,-0.0009411631060183667,0.032
raceline_xy,20260415_212047_eb9da4db,589,18.880000000000013,195.58614411418526,-48.6799968747036,16.781257457650668,-0.0022057260523355993,16.781257602610825,0.6992190667754511,-0.25051691036074963,-0.00031158131478646324,0.024585760732869888,0.12292880366434944,0.0024972659611584014,0.00014127811128128442,36.176895517522865,0.36176895517522867,0.15950028525008872,20.91653005427767,0.8715220855949029,20.91653005427767,0.8715220855949029,20.91653005427767,0.8715220855949029,0.006412478606090843,10.0,0.007803696193889393,0.9465626782825763,0.0,0.0,0.41537973968558073,0.0,4153.797396855807,-0.0009655267851041564,0.032
raceline_xy,20260415_212047_eb9da4db,590,18.912000000000013,196.10675523576762,-48.81329767334312,16.79393199840227,-0.002246677135395281,16.793932148681495,0.6997471728617289,-0.25052781947174996,-0.0003392600977141626,0.03806293378952293,0.19031466894761465,0.002542272348019292,0.00014630273268423366,35.93375329033383,0.3593375329033383,0.15996848034664307,20.91653005427767,0.8715220855949029,20.91653005427767,0.8715220855949029,20.91653005427767,0.8715220855949029,0.006499764778192585,10.0,0.007803696193889393,0.9458352935150618,0.0,0.0,0.4141763970069367,0.0,4141.763970069367,-0.0009628788507511384,0.032
raceline_xy,20260415_212047_eb9da4db,591,18.944000000000013,196.62775244628136,-48.94670481872937,16.806444553977528,-0.002273953024888975,16.806444707813228,0.7002685294922179,-0.25053978769806573,-0.0003722179620289036,0.0016226579721593886,0.008113289860796942,0.002580826681240378,0.00014822871919895064,35.69080241985585,0.3569080241985585,0.16035864487656218,20.91653005427767,0.8715220855949029,20.91653005427767,0.8715220855949029,20.91653005427767,0.8715220855949029,0.006572501746546777,10.0,0.007803696193889393,0.9452291521121102,0.0,0.0,0.4129882745713134,0.0,4129.882745713134,-0.0009620450875269285,0.032
raceline_xy,20260415_212047_eb9da4db,592,18.976000000000013,197.14913098757572,-49.08021635788808,16.818797932836294,-0.0022680774560486228,16.818798085765632,0.700783253573568,-0.2505523857948102,-0.00039177304526287027,0.0380627866612963,0.19031393330648147,0.0026193855772809194,0.00015008475778266472,35.448040727807644,0.35448040727807645,0.1607488111671254,20.91653005427767,0.8715220855949029,20.91653005427767,0.8715220855949029,20.91653005427767,0.8715220855949029,0.006645237245542113,10.0,0.007803696193889393,0.9446230229538157,0.0,0.0,0.4118150342725652,0.0,4118.150342725652,-0.0009757294100921205,0.032
raceline_xy,20260415_212047_eb9da4db,593,19.008000000000013,197.6708859496603,-49.21383125757851,16.830994663236222,-0.0022627040330291948,16.830994815331497,0.7012914506388124,-0.250565337470237,-0.00040269509862224265,0.023407900183659274,0.11703950091829636,0.0026644764100405283,0.00015521731259449112,35.20547443608411,0.3520547443608411,0.16121701302456656,20.91653005427767,0.8715220855949029,20.91653005427767,0.8715220855949029,20.91653005427767,0.8715220855949029,0.006732517991125064,10.0,0.007803696193889393,0.9438956834072911,0.0,0.0,0.4106565106663382,0.0,4106.565106663382,-0.001004796140104961,0.032
raceline_xy,20260415_212047_eb9da4db,594,19.040000000000013,198.19301232748813,-49.34754913460098,16.84303690499915,-0.0022766300575556286,16.84303705886227,0.7017932107859278,-0.25057873841932743,-0.00041659559401833313,0.01572266950557242,0.07861334752786209,0.0027035575342435614,0.00015750265902791938,34.963092977842344,0.3496309297784234,0.16160718315034556,20.91653005427767,0.8715220855949029,20.91653005427767,0.8715220855949029,20.91653005427767,0.8715220855949029,0.006805250242333916,10.0,0.007803696193889393,0.9432895813138841,0.0,0.0,0.4095126054427584,0.0,4095.126054427584,-0.0010218870410246066,0.032
raceline_xy,20260415_212047_eb9da4db,595,19.072000000000013,198.71550513698267,-49.48136979478566,16.854926759833095,-0.0023088752628286358,16.85492691797395,0.7022886215822478,-0.25059297609064624,-0.00044258574418794353,0.04499966159033556,0.2249983079516778,0.002748792873903838,0.00016282774839204706,34.720902563457464,0.3472090256345746,0.16207538307022634,20.91653005427767,0.8715220855949029,20.91653005427767,0.8715220855949029,20.91653005427767,0.8715220855949029,0.0068925270674666805,10.0,0.007803696193889393,0.9425622744377776,0.0,0.0,0.40838312952166844,0.0,4083.8312952166843,-0.001035407312194294,0.032
raceline_xy,20260415_212047_eb9da4db,596,19.104000000000013,199.23835971698122,-49.615292093475915,16.866666639034456,-0.0023277213493804183,16.8666667996556,0.7027777833189833,-0.250608075242964,-0.000469352806647051,0.005443516920760161,0.0272175846038008,0.002787479167297491,0.0001646469033786957,34.478892771771775,0.34478892771771774,0.16246554663248824,20.91653005427767,0.8715220855949029,20.91653005427767,0.8715220855949029,20.91653005427767,0.8715220855949029,0.006965256231583616,10.0,0.007803696193889393,0.9419561980701365,0.0,0.0,0.4072677491820683,0.0,4072.6774918206834,-0.0010312584253901343,0.032
raceline_xy,20260415_212047_eb9da4db,597,19.136000000000013,199.76157144850802,-49.74931504336228,16.878259039199488,-0.002338638485039013,16.878259201219453,0.7032608000508106,-0.2506239732396285,-0.0004941701761531841,0.034953073633003505,0.1747653681650175,0.002825995483573429,0.00016622725488435464,34.237061593245485,0.3423706159324549,0.16285571189673745,20.91653005427767,0.8715220855949029,20.91653005427767,0.8715220855949029,20.91653005427767,0.8715220855949029,0.007037983877628218,10.0,0.007803696193889393,0.9413501343530982,0.0,0.0,0.40616618896405937,0.0,4061.6618896405935,-0.0010376539047485215,0.032
raceline_xy,20260415_212047_eb9da4db,598,19.168000000000013,200.28513592304037,-49.88343712975388,16.889706243253976,-0.002330708940903925,16.889706404068026,0.7037377668361677,-0.25064027339519956,-0.0005066133255639001,0.024633806826637045,0.12316903413318522,0.0028713011967416158,0.00017164020477533626,33.99541531128358,0.3399541531128358,0.1633239124452033,20.91653005427767,0.8715220855949029,20.91653005427767,0.8715220855949029,20.91653005427767,0.8715220855949029,0.007125255039821976,10.0,0.007803696193889393,0.9406228746681502,0.0,0.0,0.4050782904805758,0.0,4050.7829048057583,-0.0010781207149693768,0.032
raceline_xy,20260415_212047_eb9da4db,599,19.200000000000014,200.80904854650734,-50.01765780689368,16.901010143725184,-0.0023358832560322895,16.901010305146027,0.7042087627144178,-0.2506569055322765,-0.0005168681777512683,0.016342765670353098,0.08171382835176548,0.0029104192745226243,0.00017371841492597184,33.75394363272212,0.3375394363272212,0.16371408141569674,20.91653005427767,0.8715220855949029,20.91653005427767,0.8715220855949029,20.91653005427767,0.8715220855949029,0.007197979325730408,10.0,0.007803696193889393,0.9400168389522466,0.0,0.0,0.40400398607715704,0.0,4040.0398607715706,-0.001089324921549218,0.032
raceline_xy,20260415_212047_eb9da4db,600,19.232000000000014,201.333304498165,-50.15197764833821,16.912172557632864,-0.0023788570395568698,16.912172724937236,0.7046738635390515,-0.25067451668254126,-0.0005473221572366469,0.04254880640333339,0.21274403201666695,0.0029558486593490585,0.00017929900422064549,33.51265281978083,0.3351265281978083,0.16418228625351688,20.91653005427767,0.8715220855949029,20.91653005427767,0.8715220855949029,20.91653005427767,0.8715220855949029,0.007285246196251816,10.0,0.007803696193889393,0.9392896150312349,0.0,0.0,0.4029431194199502,0.0,4029.431194199502,-0.001109008864123644,0.032
raceline_xy,20260415_212047_eb9da4db,601,19.264000000000014,201.85789958168917,-50.28639507759877,16.923195722849705,-0.0023922554658843964,16.92319589193379,0.705133162163908,-0.2506929544018366,-0.0005730341393301385,0.00181784487938839,0.00908922439694195,0.0029944662070278127,0.00018080359745997754,33.27153272218815,0.33271532722188146,0.16457244892386647,20.91653005427767,0.8715220855949029,20.91653005427767,0.8715220855949029,20.91653005427767,0.8715220855949029,0.007357967095824591,10.0,0.007803696193889393,0.9386836075347951,0.0,0.0,0.40189534238562047,0.0,4018.9534238562046,-0.0010956630743207895,0.032
raceline_xy,20260415_212047_eb9da4db,602,19.296000000000014,202.38282940735954,-50.420909557265254,16.93408183994493,-0.0024079112761263843,16.934082011139235,0.7055867504641348,-0.25071228382739497,-0.0006007910796326322,0.04099625332150265,0.20498126660751323,0.00303282014832007,0.00018197657138685486,33.03058147827703,0.33030581478277027,0.1649626132376944,20.91653005427767,0.8715220855949029,20.91653005427767,0.8715220855949029,20.91653005427767,0.8715220855949029,0.0074306863860327255,10.0,0.007803696193889393,0.9380776134497273,0.0,0.0,0.40086044401900334,0.0,4008.6044401900335,-0.001098475665379687,0.032
raceline_xy,20260415_212047_eb9da4db,603,19.328000000000014,202.90809001599993,-50.55551913071759,16.94483293841102,-0.00238976311527761,16.94483310692752,0.7060347127886466,-0.25073189937151996,-0.0006096620790706119,0.01684056543908754,0.08420282719543769,0.0030783897225399315,0.0001877030024077797,32.78980541655588,0.3278980541655588,0.16543081256845085,20.91653005427767,0.8715220855949029,20.91653005427767,0.8715220855949029,20.91653005427767,0.8715220855949029,0.007517947405313752,10.0,0.007803696193889393,0.9373504382890521,0.0,0.0,0.39983828035382646,0.0,3998.3828035382644,-0.0011563994056517967,0.032
raceline_xy,20260415_212047_eb9da4db,604,19.360000000000014,203.43367709222875,-50.69022344103574,16.955450637258632,-0.0023909500534919914,16.955450805836932,0.7064771169098721,-0.25075168596426334,-0.0006149465525700695,0.025872709432139217,0.1293635471606961,0.0031176357394846477,0.00018965071337273542,32.54919448831644,0.32549194488316435,0.16582098045987587,20.91653005427767,0.8715220855949029,20.91653005427767,0.8715220855949029,20.91653005427767,0.8715220855949029,0.007590663135478515,10.0,0.007803696193889393,0.9367444738710123,0.0,0.0,0.3988288146864411,0.0,3988.288146864411,-0.0011638376553674372,0.032
raceline_xy,20260415_212047_eb9da4db,605,19.392000000000014,203.9595859000624,-50.82502397257084,16.965936486245962,-0.0024529434405877737,16.965936663569845,0.7069140276487436,-0.25077267701324946,-0.0006524923237877008,0.031278306154613224,0.1563915307730661,0.003163262809140921,0.00019548013308856582,32.30875499394895,0.3230875499394895,0.16628918405240167,20.91653005427767,0.8715220855949029,20.91653005427767,0.8715220855949029,20.91653005427767,0.8715220855949029,0.007677919735057159,10.0,0.007803696193889393,0.9360173355411904,0.0,0.0,0.3978319151385391,0.0,3978.319151385391,-0.001185049582891284,0.032
raceline_xy,20260415_212047_eb9da4db,606,19.424000000000014,204.485812700632,-50.95991858738828,16.9762925825469,-0.0024636889138758278,16.97629276131865,0.7073455317216104,-0.2507945565829801,-0.0006802014716309783,0.012121752493178557,0.06060876246589278,0.0032017162810529243,0.00019656693782676982,32.06847702927887,0.3206847702927887,0.16667935167987313,20.91653005427767,0.8715220855949029,20.91653005427767,0.8715220855949029,20.91653005427767,0.8715220855949029,0.007750631753965731,10.0,0.007803696193889393,0.9354114020502856,0.0,0.0,0.3968472114564414,0.0,3968.4721145644144,-0.001159307675515877,0.032
raceline_xy,20260415_212047_eb9da4db,607,19.456000000000014,205.0123533648897,-51.09490692045468,16.986520863281754,-0.002478550282824621,16.98652104410782,0.7077717101711593,-0.2508174019681757,-0.0007103369178097636,0.044402359678761355,0.22201179839380678,0.0032469317959606947,0.0002020203027166545,31.828366959958842,0.3182836695995884,0.16714754799595383,20.91653005427767,0.8715220855949029,20.91653005427767,0.8715220855949029,20.91653005427767,0.8715220855949029,0.007837884121912886,10.0,0.007803696193889393,0.9346842989840592,0.0,0.0,0.39587455363519886,0.0,3958.7455363519884,-0.00119743237734259,0.032
raceline_xy,20260415_212047_eb9da4db,608,19.488000000000014,205.5392043368971,-51.22998660438861,16.99662314498912,-0.0024477759953738243,16.996623321247874,0.7081926383853281,-0.2508403112297013,-0.0007123377997895091,0.0016108468119065801,0.0080542340595329,0.003285699710497969,0.0002033093580489087,31.588414956350203,0.315884149563502,0.16753771332287157,20.91653005427767,0.8715220855949029,20.91653005427767,0.8715220855949029,20.91653005427767,0.8715220855949029,0.007910592524750015,10.0,0.007803696193889393,0.9340783956270832,0.0,0.0,0.3949138049636831,0.0,3949.138049636831,-0.0012022170911069334,0.032
raceline_xy,20260415_212047_eb9da4db,609,19.520000000000014,206.06636112048702,-51.36515910144418,17.00660067230224,-0.002483018477806631,17.006600853566585,0.7086083688986077,-0.25086396517354714,-0.0007355889824207173,0.0438027876408907,0.21901393820445347,0.003324347520498705,0.00020441355204692258,31.348619274990234,0.31348619274990236,0.16792788021118557,20.91653005427767,0.8715220855949029,20.91653005427767,0.8715220855949029,20.91653005427767,0.8715220855949029,0.007983299262432464,10.0,0.007803696193889393,0.9334725061463961,0.0,0.0,0.39396501202080003,0.0,3939.6501202080003,-0.0012100653667247185,0.032
raceline_xy,20260415_212047_eb9da4db,610,19.552000000000014,206.5938200407033,-51.50042287769169,17.016455064629923,-0.0024903849309989567,17.016455246865796,0.7090189686194082,-0.2508881762642923,-0.0007530040225179325,0.011775267144074165,0.05887633572037082,0.0033703564251035267,0.00021065150487808992,31.108986273666336,0.31108986273666334,0.16839608252305174,20.91653005427767,0.8715220855949029,20.91653005427767,0.8715220855949029,20.91653005427767,0.8715220855949029,0.008070545021695796,10.0,0.007803696193889393,0.9327454581525351,0.0,0.0,0.393027908027772,0.0,3930.27908027772,-0.0012718933231088846,0.032
raceline_xy,20260415_212047_eb9da4db,611,19.584000000000014,207.12157726117042,-51.63577726334518,17.026188138852778,-0.0024994581876871536,17.02618832231402,0.7094245134297509,-0.25091281652093667,-0.0007664342899477325,0.03321986714928094,0.1660993357464047,0.003409356630044602,0.00021200152218847634,30.86950625965809,0.30869506259658086,0.1687862528085727,20.91653005427767,0.8715220855949029,20.91653005427767,0.8715220855949029,20.91653005427767,0.8715220855949029,0.008143247743697568,10.0,0.007803696193889393,0.9321396021358536,0.0,0.0,0.3921022453868311,0.0,3921.022453868311,-0.001255131709736045,0.032
raceline_xy,20260415_212047_eb9da4db,612,19.616000000000014,207.64962844444557,-51.771223752348966,17.035801520333315,-0.0025626903022653025,17.035801713085668,0.7098250713785695,-0.25093887981299634,-0.0008108947257117097,0.02169526278919909,0.10847631394599545,0.0034549436204112105,0.0002178655437741206,30.630185614514495,0.30630185614514494,0.1692544501797337,20.91653005427767,0.8715220855949029,20.91653005427767,0.8715220855949029,20.91653005427767,0.8715220855949029,0.008230488925946577,10.0,0.007803696193889393,0.9314125922837785,0.0,0.0,0.3911879211618681,0.0,3911.879211618681,-0.0012827889895608718,0.032
raceline_xy,20260415_212047_eb9da4db,613,19.648000000000014,208.177970494302,-51.906759212394014,17.04529688348202,-0.002545499359777992,17.045297073551076,0.7102207113979615,-0.2509654788679496,-0.0008276865132681914,0.02388693129914001,0.11943465649570005,0.003493301489986944,0.00021848858694539786,30.39101472045492,0.3039101472045492,0.1696446146373368,20.91653005427767,0.8715220855949029,20.91653005427767,0.8715220855949029,20.91653005427767,0.8715220855949029,0.008303187944176393,10.0,0.007803696193889393,0.9308067671318634,0.0,0.0,0.3902847649464926,0.0,3902.8476494649262,-0.0012592760794441292,0.032
raceline_xy,20260415_212047_eb9da4db,614,19.680000000000014,208.70659936888808,-52.04238434194567,17.05467533092585,-0.0025651947037905742,17.054675523841393,0.710611480160058,-0.25099296461021714,-0.000855432458862546,0.03042575003980637,0.15212875019903185,0.003538926548807275,0.0002244083831506316,30.151999922861187,0.3015199992286119,0.17011281396982422,20.91653005427767,0.8715220855949029,20.91653005427767,0.8715220855949029,20.91653005427767,0.8715220855949029,0.008390424422708431,10.0,0.007803696193889393,0.9300797964774298,0.0,0.0,0.3893928327974672,0.0,3893.9283279746724,-0.0013149985503800395,0.032
raceline_xy,20260415_212047_eb9da4db,615,19.712000000000014,209.23551183627168,-52.17809688492443,17.06393844765703,-0.0025400050405428587,17.063938636699717,0.7109974431958216,-0.25102051854812224,-0.0008576418959099836,0.01576050105381557,0.07880250526907784,0.0035776756433820722,0.00022530831997391587,29.913131678026215,0.29913131678026217,0.1705029817204345,20.91653005427767,0.8715220855949029,20.91653005427767,0.8715220855949029,20.91653005427767,0.8715220855949029,0.008463119489081627,10.0,0.007803696193889393,0.9294740042576531,0.0,0.0,0.3885118275719908,0.0,3885.118275719908,-0.0013063704496650973,0.032
raceline_xy,20260415_212047_eb9da4db,616,19.744000000000014,209.76470358081846,-52.31389899883669,17.073087691744533,-0.002594729166496279,17.07308788891506,0.7113786620381276,-0.25104914944545786,-0.0008913334565988273,0.03798784479707783,0.18993922398538912,0.0036236094578523392,0.00023156132324197998,29.674416381523688,0.2967441638152369,0.1709711849733771,20.91653005427767,0.8715220855949029,20.91653005427767,0.8715220855949029,20.91653005427767,0.8715220855949029,0.00855035104121793,10.0,0.007803696193889393,0.9287470746565173,0.0,0.0,0.38764163305360294,0.0,3876.4163305360294,-0.0013563519757879051,0.032
raceline_xy,20260415_212047_eb9da4db,617,19.776000000000014,210.29417153740377,-52.44978819815208,17.082124874556236,-0.0025902857734667606,17.082125070948088,0.7117552112895037,-0.25107820206123144,-0.0009045927632601557,0.008836991244653866,0.044184956223269324,0.003662180771448753,0.0002321945483294563,29.435844597854476,0.29435844597854477,0.17136135277763748,20.91653005427767,0.8715220855949029,20.91653005427767,0.8715220855949029,20.91653005427767,0.8715220855949029,0.00862304198825914,10.0,0.007803696193889393,0.9281413167645072,0.0,0.0,0.3867819739643078,0.0,3867.819739643078,-0.0013287232336357247,0.032
raceline_xy,20260415_212047_eb9da4db,618,19.808000000000014,210.82391168736655,-52.58576585487227,17.091051083554497,-0.002637432616164226,17.09105128705429,0.7121271369605955,-0.2511084611293004,-0.0009423461666384658,0.04438791893177816,0.2219395946588908,0.003707931966306255,0.00023829747569203974,29.19742270214937,0.2919742270214937,0.17182954934755115,20.91653005427767,0.8715220855949029,20.91653005427767,0.8715220855949029,20.91653005427767,0.8715220855949029,0.008710268826978673,10.0,0.007803696193889393,0.9274144264418444,0.0,0.0,0.3859329554219256,0.0,3859.3295542192564,-0.0013782764090712202,0.032
raceline_xy,20260415_212047_eb9da4db,619,19.840000000000014,211.35392120179043,-52.72182887889977,17.099867683900833,-0.002609162254090691,17.099867882958737,0.7124944951232807,-0.2511389137457609,-0.0009484985560413942,0.003275173836309373,0.016375869181546866,0.0037464385329286642,0.00023876249903898028,28.959141292753095,0.28959141292753093,0.17221971474408784,20.91653005427767,0.8715220855949029,20.91653005427767,0.8715220855949029,20.91653005427767,0.8715220855949029,0.008782955721884367,10.0,0.007803696193889393,0.9268087023176302,0.0,0.0,0.38509436874043507,0.0,3850.943687404351,-0.0013576861121992237,0.032
raceline_xy,20260415_212047_eb9da4db,620,19.872000000000014,211.88419598179496,-52.85797927500924,17.108575801019825,-0.00265437840200633,17.1085760069319,0.7128573336221625,-0.25117044740045147,-0.0009823419812414462,0.049662953107530036,0.24831476553765017,0.003792375155214245,0.00024506888251396575,28.72100675893235,0.2872100675893235,0.17268791510983697,20.91653005427767,0.8715220855949029,20.91653005427767,0.8715220855949029,20.91653005427767,0.8715220855949029,0.008870177612727126,10.0,0.007803696193889393,0.926081853227274,0.0,0.0,0.38426616194561697,0.0,3842.66161945617,-0.001416258725314166,0.032
raceline_xy,20260415_212047_eb9da4db,621,19.904000000000014,212.41473319278336,-52.99421435546498,17.117177259869003,-0.0026361738944045143,17.117177462864294,0.7132157276193456,-0.25120218753375134,-0.0009889006668462187,0.002465321286877602,0.012326606434388009,0.0038309282534352285,0.00024547812403241664,28.48300982316424,0.2848300982316424,0.17307808364367216,20.91653005427767,0.8715220855949029,20.91653005427767,0.8715220855949029,20.91653005427767,0.8715220855949029,0.008942860335524827,10.0,0.007803696193889393,0.9254761638706265,0.0,0.0,0.38344795157105127,0.0,3834.4795157105127,-0.0013908001807933293,0.032
raceline_xy,20260415_212047_eb9da4db,622,19.936000000000014,212.94552880031327,-53.13053626517933,17.125673282980912,-0.0026929161341016083,17.125673494703893,0.7135697289459956,-0.2512351406975628,-0.001026869632641377,0.04620229682284532,0.23101148411422662,0.003868883457707639,0.0002452343439749427,28.245149062310723,0.28245149062310726,0.1734682535864702,20.91653005427767,0.8715220855949029,20.91653005427767,0.8715220855949029,20.91653005427767,0.8715220855949029,0.009015541021573537,10.0,0.007803696193889393,0.9248704914868872,0.0,0.0,0.3826397894479292,0.0,3826.397894479292,-0.0013795477114225488,0.032
raceline_xy,20260415_212047_eb9da4db,623,19.968000000000014,213.4765802005294,-53.266941750472945,17.134065233516708,-0.0026663769523036507,17.134065440985452,0.7139193933743938,-0.25126835464187103,-0.0010351320791823367,0.005741147785909002,0.02870573892954501,0.003915308327162581,0.0002520105326038191,28.007430906956692,0.28007430906956693,0.1739364514194217,20.91653005427767,0.8715220855949029,20.91653005427767,0.8715220855949029,20.91653005427767,0.8715220855949029,0.009102755507820692,10.0,0.007803696193889393,0.9241437041014943,0.0,0.0,0.3818415135029421,0.0,3818.415135029421,-0.0014816056978607817,0.032
raceline_xy,20260415_212047_eb9da4db,624,20.000000000000014,214.00788410480098,-53.4034303629174,17.142354174477088,-0.002653769644688886,17.14235437988917,0.7142647658287155,-0.25130142232049657,-0.001030679087137736,0.043107080955054625,0.2155354047752731,0.003954527061575952,0.000252883884261923,27.76984612057033,0.2776984612057033,0.1743266160272834,20.91653005427767,0.8715220855949029,20.91653005427767,0.8715220855949029,20.91653005427767,0.8715220855949029,0.009175432055671173,10.0,0.007803696193889393,0.9235380662027403,0.0,0.0,0.38105309835704954,0.0,3810.530983570495,-0.0014663956861167419,0.032
raceline_xy,20260415_212047_eb9da4db,625,20.032000000000014,214.53943612949598,-53.54000604652264,17.150541105913245,-0.0027623185460861066,17.150541328366977,0.7146058886819574,-0.2513363407948974,-0.001088545453869685,0.008244895680775997,0.04122447840387998,0.0040006790684055105,0.00025943357068936024,27.532401109108115,0.2753240110910811,0.1747948153704284,20.91653005427767,0.8715220855949029,20.91653005427767,0.8715220855949029,20.91653005427767,0.8715220855949029,0.009262641359403911,10.0,0.007803696193889393,0.9228113220049674,0.0,0.0,0.38027446246584384,0.0,3802.7446246584386,-0.001499445274880309,0.032
raceline_xy,20260415_212047_eb9da4db,626,20.064000000000014,215.0712339990109,-53.676664777169265,17.15862791135416,-0.0027521754391335307,17.158628132073137,0.7149428388363807,-0.25137207557554664,-0.0011141464047758004,0.041053553242259205,0.20526776621129603,0.004038528540672992,0.00025887142536751284,27.29508678475278,0.2729508678475278,0.17518498298862903,20.91653005427767,0.8715220855949029,20.91653005427767,0.8715220855949029,20.91653005427767,0.8715220855949029,0.009335313584960758,10.0,0.007803696193889393,0.922205720125327,0.0,0.0,0.3795051641400737,0.0,3795.051641400737,-0.0014424293885804134,0.032
raceline_xy,20260415_212047_eb9da4db,627,20.096000000000014,215.6032742252781,-53.81340740077262,17.166615741903136,-0.0027742507118402315,17.166615966072744,0.715275665253031,-0.2514089709634595,-0.0011504866367789163,0.009768202589717353,0.04884101294858676,0.0040841619852534095,0.00026492236404074276,27.057909585580667,0.2705790958558067,0.17565318591324802,20.91653005427767,0.8715220855949029,20.91653005427767,0.8715220855949029,20.91653005427767,0.8715220855949029,0.00942251749046763,10.0,0.007803696193889393,0.9214790209127698,0.0,0.0,0.3787452966074103,0.0,3787.452966074103,-0.0015112796751676975,0.032
raceline_xy,20260415_212047_eb9da4db,628,20.128000000000014,216.13555451079085,-53.95023029799308,17.17450591602387,-0.0027115715900363213,17.174506130080115,0.7156044220866714,-0.25144542853788554,-0.0011369399940241527,0.040017012822151365,0.20008506411075683,0.004122656699435012,0.00026486923915713945,26.820860443207984,0.26820860443207983,0.1760433538552514,20.91653005427767,0.8715220855949029,20.91653005427767,0.8715220855949029,20.91653005427767,0.8715220855949029,0.009495185213145962,10.0,0.007803696193889393,0.9208734565571169,0.0,0.0,0.3779946922432544,0.0,3779.946922432544,-0.0015034187636799195,0.032
raceline_xy,20260415_212047_eb9da4db,629,20.160000000000014,216.66807067096698,-54.08713727878458,17.182299083493675,-0.0027785563520703604,17.182299308154395,0.7159291378397664,-0.25148291141493573,-0.0011690340264360112,0.010293851260732973,0.05146925630366486,0.004169178177554134,0.0002718105465762122,26.58394575474746,0.2658394575474746,0.17651155068623842,20.91653005427767,0.8715220855949029,20.91653005427767,0.8715220855949029,20.91653005427767,0.8715220855949029,0.00958238394777311,10.0,0.007803696193889393,0.9201468004352241,0.0,0.0,0.3772534757179915,0.0,3772.5347571799152,-0.001578077911714465,0.032
raceline_xy,20260415_212047_eb9da4db,630,20.192000000000014,217.2008202102897,-54.22412578325418,17.189996840780488,-0.0027800774815789353,17.189997065586542,0.7162498777327726,-0.2515207903640384,-0.0011814972707376423,0.039988276425423595,0.19994138212711796,0.004207573396562303,0.00027156765718583387,26.34715654326969,0.2634715654326969,0.17690171615943898,20.91653005427767,0.8715220855949029,20.91653005427767,0.8715220855949029,20.91653005427767,0.8715220855949029,0.009655047191912569,10.0,0.007803696193889393,0.9195412734007286,0.0,0.0,0.3765212166828754,0.0,3765.212166828754,-0.001530384040207069,0.032
raceline_xy,20260415_212047_eb9da4db,631,20.224000000000014,217.7337993938215,-54.36119822633166,17.19760036906905,-0.0028545259345822416,17.197600605971818,0.7165666919154924,-0.2515603342682775,-0.0012335556604860277,0.009849505283618611,0.04924752641809305,0.004253469161016543,0.0002779257501965837,26.110499269260288,0.2611049926926029,0.17736991644822145,20.91653005427767,0.8715220855949029,20.91653005427767,0.8715220855949029,20.91653005427767,0.8715220855949029,0.009742240550206116,10.0,0.007803696193889393,0.9188146620816157,0.0,0.0,0.37579790901188054,0.0,3757.9790901188053,-0.0015827731242313158,0.032
raceline_xy,20260415_212047_eb9da4db,632,20.256000000000014,218.2670063210956,-54.49835009212654,17.205111277774293,-0.0028056457774505716,17.205111506533296,0.716879646105554,-0.2515999266532951,-0.0012351757530797765,0.040923886648337016,0.20461943324168508,0.0042914865590373275,0.0002772009559817157,25.873965028931163,0.2587396502893116,0.17776008477720984,20.91653005427767,0.8715220855949029,20.91653005427767,0.8715220855949029,20.91653005427767,0.8715220855949029,0.009814899259577903,10.0,0.007803696193889393,0.9182091728368508,0.0,0.0,0.3750832798012311,0.0,3750.832798012311,-0.0015489905669390082,0.032
raceline_xy,20260415_212047_eb9da4db,633,20.288000000000014,218.80043724467066,-54.63558412722347,17.212530164427957,-0.0028505322284821943,17.212530400463386,0.7171887666859744,-0.25164056043526095,-0.0012677647804211812,0.008471942444040937,0.04235971222020468,0.004337767966023254,0.00028394738750048276,25.6375602375907,0.256375602375907,0.1782282884621679,20.91653005427767,0.8715220855949029,20.91653005427767,0.8715220855949029,20.91653005427767,0.8715220855949029,0.00990208685568117,10.0,0.007803696193889393,0.9174826095359903,0.0,0.0,0.3743775613744607,0.0,3743.775613744607,-0.0016310725061346935,0.032
raceline_xy,20260415_212047_eb9da4db,634,20.320000000000014,219.33408995766834,-54.77289725508647,17.219858348279857,-0.002820152548924426,17.219858579212662,0.7174941074671942,-0.25168112017034083,-0.0012655417278161518,0.04280944126254057,0.21404720631270283,0.0043761662590711126,0.0002834867220791182,25.401276025534962,0.25401276025534963,0.17861845264191398,20.91653005427767,0.8715220855949029,20.91653005427767,0.8715220855949029,20.91653005427767,0.8715220855949029,0.009974741089973982,10.0,0.007803696193889393,0.9168771575835502,0.0,0.0,0.3736804201722868,0.0,3736.804201722868,-0.0015980529710546865,0.032
raceline_xy,20260415_212047_eb9da4db,635,20.352000000000015,219.86796056347268,-54.91029309198382,17.22709677789757,-0.00290282387810592,17.227097022465372,0.7177957092693905,-0.2517231967448703,-0.0013129529876165712,0.0061913857859975585,0.03095692892998779,0.00442245682196063,0.00029026807019683076,25.16511884953561,0.2516511884953561,0.17908665050944667,20.91653005427767,0.8715220855949029,20.91653005427767,0.8715220855949029,20.91653005427767,0.8715220855949029,0.010061923211075019,10.0,0.007803696193889393,0.9161506399077082,0.0,0.0,0.3729918566329454,0.0,3729.918566329454,-0.0016620700424630206,0.032
raceline_xy,20260415_212047_eb9da4db,636,20.384000000000015,220.40204718796193,-55.04776761807225,17.234247231878633,-0.002874187887774049,17.234247471545498,0.7180936446477291,-0.25176548383335806,-0.00131960660649167,0.045625689869992186,0.22812844934996093,0.004460454294554328,0.00028931154413758264,24.92907995081153,0.2492907995081153,0.17947681676940697,20.91653005427767,0.8715220855949029,20.91653005427767,0.8715220855949029,20.91653005427767,0.8715220855949029,0.010134572726317348,10.0,0.007803696193889393,0.9155452272806888,0.0,0.0,0.37231146035294577,0.0,3723.114603529458,-0.0016149159243659128,0.032
raceline_xy,20260415_212047_eb9da4db,637,20.416000000000015,220.93634623982288,-55.185323586128725,17.24131046234993,-0.0029329243630931146,17.24131071181024,0.7183879463254267,-0.25180912212362205,-0.0013618467373841252,0.003220593070051895,0.016102965350259475,0.004506642778698389,0.00029600884275327033,24.69316578066971,0.2469316578066971,0.17994501790995274,20.91653005427767,0.8715220855949029,20.91653005427767,0.8715220855949029,20.91653005427767,0.8715220855949029,0.010221749243479294,10.0,0.007803696193889393,0.9148187563043392,0.0,0.0,0.3716394523215436,0.0,3716.394523215436,-0.001690050140216357,0.032
raceline_xy,20260415_212047_eb9da4db,638,20.448000000000015,221.4708559049498,-55.32295699998698,17.248287708033146,-0.0028865980863210794,17.248287949577367,0.7186786645657236,-0.25185262318616664,-0.0013576386905876853,0.04933800789045669,0.24669003945228343,0.004544774380318195,0.0002950699744164176,24.457367589780002,0.24457367589780002,0.18033518687185698,20.91653005427767,0.8715220855949029,20.91653005427767,0.8715220855949029,20.91653005427767,0.8715220855949029,0.010294393857895656,10.0,0.007803696193889393,0.9142133845175362,0.0,0.0,0.3709755815631024,0.0,3709.755815631024,-0.0016550936469044897,0.032
raceline_xy,20260415_212047_eb9da4db,639,20.480000000000015,222.00557239574468,-55.460671610290355,17.25517957217273,-0.002959033232350805,17.2551798258901,0.7189658260787541,-0.2518974943297274,-0.0014004517293407263,0.0023777743138757063,0.011888871569378531,0.004591195425666772,0.0003020122988024454,24.22169182069795,0.2422169182069795,0.18080338764208162,20.91653005427767,0.8715220855949029,20.91653005427767,0.8715220855949029,20.91653005427767,0.8715220855949029,0.010381564597230941,10.0,0.007803696193889393,0.9134869616897422,0.0,0.0,0.37031996126264055,0.0,3703.1996126264053,-0.0017315674330543665,0.032
raceline_xy,20260415_212047_eb9da4db,640,20.512000000000015,222.54049391806439,-55.59846364038717,17.261987760078664,-0.002929035582211803,17.261988008579866,0.7192495003574945,-0.25194245216819944,-0.0014032194587027575,0.0461263724833524,0.23063186241676198,0.0046383188116445595,0.0003096738452166292,23.9861374129604,0.23986137412960398,0.18127158502769367,20.91653005427767,0.8715220855949029,20.91653005427767,0.8715220855949029,20.91653005427767,0.8715220855949029,0.01046873223249456,10.0,0.007803696193889393,0.912760564729212,0.0,0.0,0.36967210543353024,0.0,3696.7210543353026,-0.00178038721597136,0.032
raceline_xy,20260415_212047_eb9da4db,641,20.544000000000015,223.07561684558394,-55.73633655488889,17.268713235262517,-0.003007149361183181,17.26871349709289,0.719529729045537,-0.2519888218596811,-0.0014473286427837955,0.006800370733925031,0.03400185366962515,0.004675582025679859,0.0003077693728630315,23.75069568918814,0.23750695689188142,0.18166175082099417,20.91653005427767,0.8715220855949029,20.91653005427767,0.8715220855949029,20.91653005427767,0.8715220855949029,0.010541369423000546,10.0,0.007803696193889393,0.9121552548083288,0.0,0.0,0.3690321240009733,0.0,3690.321240009733,-0.0016687952447417928,0.032
raceline_xy,20260415_212047_eb9da4db,642,20.576000000000015,223.61093862614558,-55.874289768920974,17.275356967400253,-0.0030545035911169194,17.27535723743786,0.7198065515599108,-0.25203706270558657,-0.001505785824330719,0.040671184644703456,0.20335592322351728,0.004720822997096086,0.0003136254406768124,23.515373137777715,0.23515373137777715,0.18212995132352733,20.91653005427767,0.8715220855949029,20.91653005427767,0.8715220855949029,20.91653005427767,0.8715220855949029,0.010628531276413167,10.0,0.007803696193889393,0.9114289060298902,0.0,0.0,0.36839994000933807,0.0,3683.9994000933807,-0.0017314663897231009,0.032
raceline_xy,20260415_212047_eb9da4db,643,20.608000000000015,224.14645826608634,-56.01231681820408,17.281920284946512,-0.0029309505600876307,17.281920533485764,0.7200800222285735,-0.2520842844085358,-0.0014740421316273178,0.01256292709625393,0.06281463548126964,0.004758616867847731,0.0003121003135753142,23.28016116942254,0.23280161169422542,0.18252011968877904,20.91653005427767,0.8715220855949029,20.91653005427767,0.8715220855949029,20.91653005427767,0.8715220855949029,0.010701163525866253,10.0,0.007803696193889393,0.9108236372844479,0.0,0.0,0.3677753125434285,0.0,3677.753125434285,-0.001727956550107197,0.032
raceline_xy,20260415_212047_eb9da4db,644,20.640000000000015,224.68217177025713,-56.150422951670976,17.288403650029306,-0.0029873578975694315,17.288403908130267,0.7203501628387611,-0.25213205032315944,-0.0014910512411478512,0.03438621183769819,0.17193105918849094,0.004805849517170557,0.0003199092213819199,23.045066238313083,0.23045066238313083,0.18298832271800103,20.91653005427767,0.8715220855949029,20.91653005427767,0.8715220855949029,20.91653005427767,0.8715220855949029,0.01078831925336221,10.0,0.007803696193889393,0.9100973395553149,0.0,0.0,0.36715843389218555,0.0,3671.5843389218553,-0.0018455795826626295,0.032
raceline_xy,20260415_212047_eb9da4db,645,20.672000000000015,225.21807704003683,-56.28860625719729,17.29480864307619,-0.0030000212467493625,17.29480890327356,0.7206170376363983,-0.25217991016212604,-0.0014940135679667676,0.019228917555271813,0.09614458777635906,0.004844339748613091,0.00031897714090600715,22.810079834102257,0.22810079834102256,0.18337848674165466,20.91653005427767,0.8715220855949029,20.91653005427767,0.8715220855949029,20.91653005427767,0.8715220855949029,0.010860946734584154,10.0,0.007803696193889393,0.909492110545132,0.0,0.0,0.3665488329671281,0.0,3665.488329671281,-0.0017875912525550455,0.032
raceline_xy,20260415_212047_eb9da4db,646,20.704000000000015,225.7541704479569,-56.42687084923268,17.301136000305867,-0.003125358311766746,17.301136282595554,0.7208806784414814,-0.25223005374561325,-0.0015653161604342717,0.027276457466961106,0.1363822873348055,0.004890609539055291,0.00032588580271974976,22.575208444039838,0.22575208444039838,0.1838466850595801,20.91653005427767,0.8715220855949029,20.91653005427767,0.8715220855949029,20.91653005427767,0.8715220855949029,0.010948096433190724,10.0,0.007803696193889393,0.908765863056744,0.0,0.0,0.3659466773584059,0.0,3659.4667735840594,-0.0018354827948758676,0.032
raceline_xy,20260415_212047_eb9da4db,647,20.736000000000015,226.2904510516575,-56.565210606400825,17.307387148628933,-0.0030678304464597517,17.30738742052392,0.72114114252183,-0.25228044828489526,-0.0015732016675464697,0.026729642776635573,0.13364821388317785,0.004927883149989487,0.00032365022989822023,22.34044359912331,0.2234044359912331,0.18423685155346536,20.91653005427767,0.8715220855949029,20.91653005427767,0.8715220855949029,20.91653005427767,0.8715220855949029,0.0110207188693483,10.0,0.007803696193889393,0.9081606760887642,0.0,0.0,0.3653516401390067,0.0,3653.5164013900667,-0.001773845062936185,0.032
raceline_xy,20260415_212047_eb9da4db,648,20.768000000000015,226.8269156011438,-56.703628403757804,17.31356242344461,-0.003102200874794292,17.31356270136691,0.7213984458902879,-0.2523319880685708,-0.0016089761306832295,0.019389842604465524,0.09694921302232762,0.0049742422916998486,0.0003306400450457936,22.105791756385063,0.22105791756385063,0.18470505280518565,20.91653005427767,0.8715220855949029,20.91653005427767,0.8715220855949029,20.91653005427767,0.8715220855949029,0.01110786255625218,10.0,0.007803696193889393,0.9074344786978985,0.0,0.0,0.36476399267473125,0.0,3647.6399267473125,-0.001874978310555064,0.032
raceline_xy,20260415_212047_eb9da4db,649,20.800000000000015,227.36356263079145,-56.84212038146397,17.319663275913754,-0.00304036183119738,17.31966354277229,0.7216526476155121,-0.25238296266936633,-0.0015913706124335931,0.035024105200119275,0.17512052600059635,0.005012308681227928,0.00032905585116882463,21.871244502526185,0.21871244502526185,0.18509522171857704,20.91653005427767,0.8715220855949029,20.91653005427767,0.8715220855949029,20.91653005427767,0.8715220855949029,0.011180479678023936,10.0,0.007803696193889393,0.9068293360164672,0.0,0.0,0.36418327169985093,0.0,3641.8327169985096,-0.0018430757184711086,0.032
raceline_xy,20260415_212047_eb9da4db,650,20.832000000000015,227.90038831683003,-56.98069190995901,17.325690382686776,-0.0031434376309631418,17.32569066784713,0.7219037778269638,-0.25243548498766444,-0.0016396863408064473,0.010783561064227716,0.05391780532113857,0.005059150397405787,0.00033654061924526246,21.636808335327927,0.21636808335327928,0.18556342156685238,20.91653005427767,0.8715220855949029,20.91653005427767,0.8715220855949029,20.91653005427767,0.8715220855949029,0.011267617271876862,10.0,0.007803696193889393,0.9061031894010262,0.0,0.0,0.36360962267073554,0.0,3636.0962267073555,-0.0019260773191516957,0.032
raceline_xy,20260415_212047_eb9da4db,651,20.864000000000015,228.43739139353065,-57.1193386383402,17.331645282646114,-0.0031205718955309436,17.331645563576423,0.722151898482351,-0.25248821125707765,-0.0016460856544756393,0.0441021703359557,0.22051085167977846,0.00509678639692579,0.0003344357804104803,21.402474903781698,0.21402474903781699,0.18595358636581372,20.91653005427767,0.8715220855949029,20.91653005427767,0.8715220855949029,20.91653005427767,0.8715220855949029,0.011340229333276497,10.0,0.007803696193889393,0.9054980888893626,0.0,0.0,0.3630426596640194,0.0,3630.426596640194,-0.0018593153399224158,0.032
raceline_xy,20260415_212047_eb9da4db,652,20.896000000000015,228.9745685738644,-57.25806408443873,17.337528240727043,-0.003198942630547208,17.33752853584506,0.7223970223268775,-0.2525426821163448,-0.0017005568458203517,0.002380061815586909,0.011900309077934544,0.005143130950012065,0.00034144930915847027,21.168250672894324,0.21168250672894323,0.18642178552288974,20.91653005427767,0.8715220855949029,20.91653005427767,0.8715220855949029,20.91653005427767,0.8715220855949029,0.011427360676846021,10.0,0.007803696193889393,0.9047719943596165,0.0,0.0,0.36248272149087923,0.0,3624.8272149087925,-0.0019388606959497045,0.032
raceline_xy,20260415_212047_eb9da4db,653,20.928000000000015,229.51191886927313,-57.39686302106899,17.34334052157506,-0.0031307535543003695,17.34334080415089,0.7226392001729538,-0.25259689198969326,-0.0016924492381233276,0.046152287939483214,0.23076143969741605,0.005190545992561191,0.0003495295161575207,20.934134745154747,0.20934134745154748,0.1868899861883616,20.91653005427767,0.8715220855949029,20.91653005427767,0.8715220855949029,20.91653005427767,0.8715220855949029,0.011514488756115604,10.0,0.007803696193889393,0.90404592703237,0.0,0.0,0.3619294019169786,0.0,3619.2940191697858,-0.002005165235490827,0.032
raceline_xy,20260415_212047_eb9da4db,654,20.960000000000015,230.04943874525358,-57.53574015782507,17.349082692955847,-0.0032098318623878797,17.34908298988856,0.7228784579120234,-0.25265238234082776,-0.001732424248146922,0.009338477267075297,0.046692386335376486,0.005227436634124505,0.0003465632396730811,20.70011875880035,0.2070011875880035,0.1872801545488585,20.91653005427767,0.8715220855949029,20.91653005427767,0.8715220855949029,20.91653005427767,0.8715220855949029,0.011587092740340754,10.0,0.007803696193889393,0.9034408938304938,0.0,0.0,0.36138282633149965,0.0,3613.8282633149965,-0.001881993929623317,0.032
raceline_xy,20260415_212047_eb9da4db,655,20.992000000000015,230.58712585392175,-57.674695747205135,17.354755865287682,-0.0032776323722369938,17.35475617479575,0.7231148406164896,-0.2527099830814432,-0.001798317355168265,0.035600156721151625,0.1780007836057581,0.005272854020057061,0.00035273007589520233,20.466209261463298,0.20466209261463297,0.18774835645529026,20.91653005427767,0.8715220855949029,20.91653005427767,0.8715220855949029,20.91653005427767,0.8715220855949029,0.011674214465222654,10.0,0.007803696193889393,0.9027148794564779,0.0,0.0,0.3608427437852137,0.0,3608.427437852137,-0.0019509544967923522,0.032
raceline_xy,20260415_212047_eb9da4db,656,21.024000000000015,231.1249798766175,-57.81372238824278,17.360361618047012,-0.003143407731444725,17.360361902632444,0.7233484126096852,-0.2527664277943158,-0.0017622844179235244,0.020142957200962847,0.10071478600481423,0.005310170629783784,0.0003500403173926081,20.232398034667785,0.20232398034667784,0.18813852095038727,20.91653005427767,0.8715220855949029,20.91653005427767,0.8715220855949029,20.91653005427767,0.8715220855949029,0.011746813324323924,10.0,0.007803696193889393,0.9021098889639673,0.0,0.0,0.36030885706391,0.0,3603.0885706391,-0.001937598430127968,0.032
raceline_xy,20260415_212047_eb9da4db,657,21.056000000000015,231.66299707099634,-57.95282592869079,17.365899893084705,-0.0032047232749192744,17.365900188786373,0.7235791745327655,-0.2528234491044947,-0.0017802886533403912,0.02433950500831868,0.1216975250415934,0.005357690429649065,0.0003582637025347779,19.998691531771538,0.19998691531771537,0.18860671966585774,20.91653005427767,0.8715220855949029,20.91653005427767,0.8715220855949029,20.91653005427767,0.8715220855949029,0.011833928344204825,10.0,0.007803696193889393,0.9013839304649598,0.0,0.0,0.35978164226053555,0.0,3597.8164226053555,-0.0020704712306034594,0.032
raceline_xy,20260415_212047_eb9da4db,658,21.088000000000015,232.2011758506441,-58.09200400822961,17.371371778303953,-0.003207539116455216,17.37137207443218,0.7238071697680075,-0.2528804046441788,-0.0017782552423989894,0.03174784585807328,0.1587392292903664,0.005395837978344087,0.00035629397260006357,19.820013258486792,0.19820013258486793,0.18899688635099746,20.91653005427767,0.8715220855949029,20.91653005427767,0.8715220855949029,20.91653005427767,0.8715220855949029,0.011906521724252883,10.0,0.007803696193889393,0.9007789856312259,0.0,0.0,0.3592606757403885,0.0,3592.6067574038852,-0.002004412105365406,0.032
raceline_xy,20260415_212047_eb9da4db,659,21.120000000000015,232.7395127074468,-58.23126175940705,17.37677772624713,-0.0033487599364203646,17.376778048924706,0.7240324187051961,-0.2529398747370717,-0.0018567465507033525,0.012455767530896727,0.06227883765448363,0.0054423249351529535,0.00036354557676832044,19.641319766070122,0.19641319766070123,0.18946508766434705,20.91653005427767,0.8715220855949029,20.91653005427767,0.8715220855949029,20.91653005427767,0.8715220855949029,0.011993630067356431,10.0,0.007803696193889393,0.9000530827720298,0.0,0.0,0.3587460815010291,0.0,3587.460815010291,-0.002058569259580165,0.032
raceline_xy,20260415_212047_eb9da4db,660,21.152000000000015,233.27800727000914,-58.370592408137995,17.382119528506394,-0.003283717305238021,17.38211983867568,0.7242549932781533,-0.2529995504650442,-0.0018632122755183969,0.044059241837104204,0.220296209185521,0.005479068520461539,0.0003600868479978203,19.462611240759728,0.19462611240759728,0.18985525648933393,20.91653005427767,0.8715220855949029,20.91653005427767,0.8715220855949029,20.91653005427767,0.8715220855949029,0.012066217558976078,10.0,0.007803696193889393,0.8994481870085327,0.0,0.0,0.35823730204741694,0.0,3582.3730204741696,-0.0019844400995046195,0.032
raceline_xy,20260415_212047_eb9da4db,661,21.184000000000015,233.81665654736412,-58.50999934613689,17.387397434695803,-0.003323003401695779,17.387397752234744,0.7244749063431143,-0.2530604368583056,-0.0019010262701981465,0.002350608488459484,0.01175304244229742,0.005525627960427659,0.0003673991885873029,19.283887822105175,0.19283887822105175,0.19032345561681102,20.91653005427767,0.8715220855949029,20.91653005427767,0.8715220855949029,20.91653005427767,0.8715220855949029,0.012153319448628519,10.0,0.007803696193889393,0.8987223379280956,0.0,0.0,0.3577347499150425,0.0,3577.347499150425,-0.0020983119828120273,0.032
raceline_xy,20260415_212047_eb9da4db,662,21.216000000000015,234.3554596117791,-58.64947812212425,17.392612504663422,-0.0032479946956698313,17.392612807937855,0.724692200330744,-0.2531205322463004,-0.0018763771592890269,0.04304469996680503,0.21522349983402514,0.005573796675254705,0.0003763081911336563,19.10514967153244,0.1910514967153244,0.1907916539505643,20.91653005427767,0.8715220855949029,20.91653005427767,0.8715220855949029,20.91653005427767,0.8715220855949029,0.01224041785909602,10.0,0.007803696193889393,0.8979965178408665,0.0,0.0,0.35723810248041926,0.0,3572.3810248041927,-0.0021863770144595032,0.032
raceline_xy,20260415_212047_eb9da4db,663,21.248000000000015,234.8944127155205,-58.78903520081913,17.39776485414893,-0.003369833807369993,17.397765180506365,0.7249068825210986,-0.2531822050441761,-0.001925616471543711,0.01397244759205872,0.0698622379602936,0.0056105731393496505,0.00037275435812889057,18.926396923080283,0.18926396923080283,0.1911818202538322,20.91653005427767,0.8715220855949029,20.91653005427767,0.8715220855949029,20.91653005427767,0.8715220855949029,0.012312997657284885,10.0,0.007803696193889393,0.8973916861892927,0.0,0.0,0.35674760607569966,0.0,3567.4760607569965,-0.002038723227106299,0.032
raceline_xy,20260415_212047_eb9da4db,664,21.280000000000015,235.43351378072117,-58.92867071246901,17.402855451841923,-0.003463600949836554,17.402855796513276,0.7251189915213865,-0.25324661564792184,-0.0020110984079499757,0.02940777347403123,0.14703886737015615,0.00565578692722557,0.0003788249587621806,18.747629734210417,0.18747629734210416,0.1916500210324667,20.91653005427767,0.8715220855949029,20.91653005427767,0.8715220855949029,20.91653005427767,0.8715220855949029,0.012400090662835872,10.0,0.007803696193889393,0.8966659111430344,0.0,0.0,0.3562629340165154,0.0,3562.6293401651537,-0.002091907725204523,0.032
raceline_xy,20260415_212047_eb9da4db,665,21.312000000000015,235.97276317979637,-59.06837555618911,17.407886122022337,-0.0032995951596896944,17.407886434734866,0.7253286014472861,-0.25330981265192687,-0.0019732861239527156,0.027867182504245875,0.13933591252122937,0.005692417302787689,0.00037497779917572416,18.568848286959632,0.18568848286959633,0.19204018934818315,20.91653005427767,0.8715220855949029,20.91653005427767,0.8715220855949029,20.91653005427767,0.8715220855949029,0.012472665769971414,10.0,0.007803696193889393,0.8960611185835715,0.0,0.0,0.3557836438904903,0.0,3557.836438904903,-0.0020732811351708656,0.032
raceline_xy,20260415_212047_eb9da4db,666,21.344000000000015,236.51215737934277,-59.208155704980896,17.412856737593387,-0.003339070293237434,17.41285705774161,0.7255357107392338,-0.25337325423472024,-0.00198093969848388,0.015196802444771318,0.07598401222385659,0.005740147662700146,0.0003834944436142962,18.390052704386797,0.18390052704386797,0.19250839033406175,20.91653005427767,0.8715220855949029,20.91653005427767,0.8715220855949029,20.91653005427767,0.8715220855949029,0.012559752878267716,10.0,0.007803696193889393,0.8953353926811024,0.0,0.0,0.35531030696746185,0.0,3553.1030696746184,-0.002230655057167507,0.032
raceline_xy,20260415_212047_eb9da4db,667,21.376000000000015,237.05169492346175,-59.34800921685211,17.417768167076044,-0.0033377996760757256,17.417768486890456,0.7257403536204357,-0.25343628094859705,-0.001968018633008551,0.042466230751713484,0.2123311537585674,0.005778307766280744,0.0003810481127333176,18.211243136648463,0.18211243136648464,0.1928985552557645,20.91653005427767,0.8715220855949029,20.91653005427767,0.8715220855949029,20.91653005427767,0.8715220855949029,0.012632322139543017,10.0,0.007803696193889393,0.8947306488371415,0.0,0.0,0.3548425735623202,0.0,3548.425735623202,-0.0021692839422129094,0.032
raceline_xy,20260415_212047_eb9da4db,668,21.408000000000015,237.59137220433593,-59.48794246064951,17.422620448671022,-0.0035087415121362042,17.422620801983744,0.7259425334159894,-0.2535020689948482,-0.002054215888435716,0.0024943606605083274,0.012471803302541636,0.005825100681640993,0.0003886950071128048,18.032419710071835,0.18032419710071834,0.19336675431675765,20.91653005427767,0.8715220855949029,20.91653005427767,0.8715220855949029,20.91653005427767,0.8715220855949029,0.0127194001246842,10.0,0.007803696193889393,0.894004998960965,0.0,0.0,0.354380667510446,0.0,3543.8066751044603,-0.002221646040746598,0.032
raceline_xy,20260415_212047_eb9da4db,669,21.440000000000015,238.13118921171355,-59.62794814905391,17.42741539168647,-0.003450820000704624,17.42741573333663,0.7261423222223596,-0.2535683079694815,-0.002068349162403093,0.042423121637912425,0.21211560818956213,0.005872243806940514,0.00039669625666460817,17.853582601823682,0.1785358260182368,0.19383495462089917,20.91653005427767,0.8715220855949029,20.91653005427767,0.8715220855949029,20.91653005427767,0.8715220855949029,0.012806472409642389,10.0,0.007803696193889393,0.8932793965863134,0.0,0.0,0.3539239017253857,0.0,3539.2390172538567,-0.0022606810133187867,0.032
raceline_xy,20260415_212047_eb9da4db,670,21.472000000000016,238.67114321159636,-59.76802956013293,17.432153408270516,-0.003491445140705096,17.432153757917195,0.7263397399132164,-0.2536357756317331,-0.002106736715950302,0.015710112143256773,0.07855056071628386,0.00590794623997537,0.0003917108736666286,17.674731947369946,0.17674731947369945,0.1942251224778677,20.91653005427767,0.8715220855949029,20.91653005427767,0.8715220855949029,20.91653005427767,0.8715220855949029,0.012879027694062462,10.0,0.007803696193889393,0.8926747692161462,0.0,0.0,0.35347262065826035,0.0,3534.7262065826035,-0.0021247083062544848,0.032
raceline_xy,20260415_212047_eb9da4db,671,21.504000000000016,239.21123230679783,-59.908186795985195,17.436834926825487,-0.0035215282785214796,17.436835282427904,0.726534803434496,-0.2537048417275294,-0.0021566730211327436,0.02661898103771196,0.1330949051885598,0.005953691078227852,0.00039836199235931957,17.495867879593803,0.17495867879593802,0.1946933250151875,20.91653005427767,0.8715220855949029,20.91653005427767,0.8715220855949029,20.91653005427767,0.8715220855949029,0.012966089288528604,10.0,0.007803696193889393,0.8919492559289283,0.0,0.0,0.3530268060035303,0.0,3530.2680600353033,-0.0022341083066858957,0.032
raceline_xy,20260415_212047_eb9da4db,672,21.536000000000016,239.75145643086168,-60.04841305031213,17.44146111719797,-0.0033758148965903345,17.4414614438944,0.7267275601622667,-0.2537721755552509,-0.002102667782278214,0.031764640046237996,0.15882320023118998,0.005990939506864912,0.0003947408198223812,17.31699055328325,0.1731699055328325,0.1950834897794294,20.91653005427767,0.8715220855949029,20.91653005427767,0.8715220855949029,20.91653005427767,0.8715220855949029,0.013038638811152303,10.0,0.007803696193889393,0.8913446765737308,0.0,0.0,0.35258611696966313,0.0,3525.8611696966314,-0.0022277280498494215,0.032
raceline_xy,20260415_212047_eb9da4db,673,21.568000000000016,240.2918116581643,-60.188716379687996,17.44603185030141,-0.0034869279909939266,17.446032198766517,0.7269180082819382,-0.25384048709953877,-0.0021331950707241133,0.010378869835891206,0.051894349179456026,0.006038951991510277,0.0004036228971204814,17.138100085224647,0.17138100085224647,0.1955516885082087,20.91653005427767,0.8715220855949029,20.91653005427767,0.8715220855949029,20.91653005427767,0.8715220855949029,0.013125698756701443,10.0,0.007803696193889393,0.8906191770274879,0.0,0.0,0.35215092679806775,0.0,3521.5092679806776,-0.002358895593465922,0.032
raceline_xy,20260415_212047_eb9da4db,674,21.600000000000016,240.83229704786913,-60.32909352170746,17.450548613577,-0.0035016425134868356,17.450548964898335,0.727106206870764,-0.25390905525083474,-0.0021412431646587243,0.04847417831388687,0.24237089156943434,0.00607628050685749,0.00039999783253730214,16.959196637373328,0.16959196637373328,0.19594185500286068,20.91653005427767,0.8715220855949029,20.91653005427767,0.8715220855949029,20.91653005427767,0.8715220855949029,0.01319825204065106,10.0,0.007803696193889393,0.8900145663279079,0.0,0.0,0.35172063843236084,0.0,3517.2063843236083,-0.0022636483024939895,0.032
raceline_xy,20260415_212047_eb9da4db,675,21.632000000000016,241.37290957900387,-60.46954923886578,17.455011487727138,-0.0036364911477608786,17.455011866531464,0.7272921611054777,-0.2539803171885673,-0.0022253524131661717,0.007486710999448876,0.03743355499724438,0.006122754479892301,0.00040740590298415924,16.780280329543004,0.16780280329543004,0.19641005584597612,20.91653005427767,0.8715220855949029,20.91653005427767,0.8715220855949029,20.91653005427767,0.8715220855949029,0.01328532034003782,10.0,0.007803696193889393,0.8892889971663515,0.0,0.0,0.35129564382652134,0.0,3512.9564382652134,-0.00232806765382224,0.032
raceline_xy,20260415_212047_eb9da4db,676,21.664000000000016,241.91364953188494,-60.61007574068744,17.459421761324307,-0.0035368156166626363,17.459422119556805,0.7274759216482002,-0.25405135279964064,-0.0022183612266901413,0.034392619992445056,0.17196309996222528,0.006170278665660334,0.0004158458007239574,16.60135131499692,0.16601351314996918,0.19687825781745733,20.91653005427767,0.8715220855949029,20.91653005427767,0.8715220855949029,20.91653005427767,0.8715220855949029,0.013372392839389846,10.0,0.007803696193889393,0.8885633930050846,0.0,0.0,0.35087548146694636,0.0,3508.7548146694635,-0.0023968562948240174,0.032
raceline_xy,20260415_212047_eb9da4db,677,21.696000000000016,242.45451386438955,-60.75067802008175,17.46377932432583,-0.0035930573658902176,17.46377969394975,0.7276574872479062,-0.254123440468879,-0.002251232090069554,0.024731778105906835,0.12365889052953417,0.006206104609476348,0.00041060278190840904,16.422409706814797,0.16422409706814797,0.19726842434161293,20.91653005427767,0.8715220855949029,20.91653005427767,0.8715220855949029,20.91653005427767,0.8715220855949029,0.01344495066814444,10.0,0.007803696193889393,0.8879587444321296,0.0,0.0,0.3504605436746688,0.0,3504.6054367466877,-0.0022602619750386483,0.032
raceline_xy,20260415_212047_eb9da4db,678,21.728000000000016,242.9955005781355,-60.89135713182576,17.468084839791068,-0.003660484783134521,17.468085223323346,0.7278368843051394,-0.25419757716874924,-0.0023152275769719515,0.016644848719470244,0.08322424359735121,0.00625193490768039,0.0004174177808216051,16.24345563888869,0.1624345563888869,0.19773662279695906,20.91653005427767,0.8715220855949029,20.91653005427767,0.8715220855949029,20.91653005427767,0.8715220855949029,0.013532004772931039,10.0,0.007803696193889393,0.887233293558908,0.0,0.0,0.35005056033522913,0.0,3500.5056033522915,-0.0023561459853189345,0.032
raceline_xy,20260415_212047_eb9da4db,679,21.760000000000016,243.53661003353812,-61.03210527513769,17.47234003762815,-0.0035147439933576052,17.47234039114191,0.7280141829642462,-0.2542702120919609,-0.0022684253304231725,0.04281782296353056,0.21408911481765278,0.006288606325874024,0.0004128577436621761,16.064489275899327,0.16064489275899327,0.19812678900106973,20.91653005427767,0.8715220855949029,20.91653005427767,0.8715220855949029,20.91653005427767,0.8715220855949029,0.013604528051017528,10.0,0.007803696193889393,0.8866289329081872,0.0,0.0,0.34964503670713915,0.0,3496.4503670713916,-0.0023345732205481335,0.032
raceline_xy,20260415_212047_eb9da4db,680,21.792000000000016,244.07783861552127,-61.1729299052396,17.476544591697706,-0.003607306009247857,17.476544963986875,0.7281893734994531,-0.2543437044069252,-0.002295208432623462,0.0034695844752262056,0.017347922376131027,0.006336601702411571,0.00042179330549618754,15.88551072085666,0.1588551072085666,0.1985949894203848,20.91653005427767,0.8715220855949029,20.91653005427767,0.8715220855949029,20.91653005427767,0.8715220855949029,0.01369152341856461,10.0,0.007803696193889393,0.8859039715119615,0.0,0.0,0.3492445949247368,0.0,3492.445949247368,-0.002478142427033947,0.032
raceline_xy,20260415_212047_eb9da4db,681,21.824000000000016,244.6191855583721,-61.31382763010916,17.480699416709854,-0.0036043134446357428,17.480699788293247,0.7283624911788853,-0.25441710349937896,-0.002292343695129007,0.038695449711966694,0.19347724855983345,0.006385477286453778,0.0004316274699593947,15.706520110606029,0.1570652011060603,0.19906319088615868,20.91653005427767,0.8715220855949029,20.91653005427767,0.8715220855949029,20.91653005427767,0.8715220855949029,0.013778483061284597,10.0,0.007803696193889393,0.8851793078226283,0.0,0.0,0.3488488137367164,0.0,3488.4881373671637,-0.0025354753936132697,0.032
raceline_xy,20260415_212047_eb9da4db,682,21.856000000000016,245.16064765720319,-61.45480442145451,17.48480439931765,-0.0037607978370299833,17.48480480377171,0.7285335334904879,-0.25449311812645536,-0.0023740022285475113,0.021144627335394434,0.10572313667697217,0.006420730126412533,0.00042558902152434186,15.527517553010453,0.15527517553010453,0.19945335891199603,20.91653005427767,0.8715220855949029,20.91653005427767,0.8715220855949029,20.91653005427767,0.8715220855949029,0.013850934374034285,10.0,0.007803696193889393,0.8845755468830476,0.0,0.0,0.3484579824630705,0.0,3484.5798246307054,-0.0023267260502635627,0.032
raceline_xy,20260415_212047_eb9da4db,683,21.888000000000016,245.70222383150778,-61.59585819934989,17.48886047186341,-0.003811871544957768,17.488860887281117,0.7287025369700465,-0.25457201383841266,-0.0024639847846672047,0.01959904862822863,0.09799524314114315,0.006465461267962436,0.0004314025329277271,15.348503184960348,0.1534850318496035,0.19992155715214757,20.91653005427767,0.8715220855949029,20.91653005427767,0.8715220855949029,20.91653005427767,0.8715220855949029,0.013937898683998196,10.0,0.007803696193889393,0.883850844300015,0.0,0.0,0.3480717214359687,0.0,3480.717214359687,-0.002396064080130907,0.032
raceline_xy,20260415_212047_eb9da4db,684,21.920000000000016,246.24391526489964,-61.736978427560885,17.49286950582403,-0.003574470724874601,17.492869871025427,0.7288695779593928,-0.2546486159184709,-0.0023924887937537293,0.04052271522632034,0.2026135761316017,0.006501557909170508,0.0004260066337429258,15.169477170494433,0.15169477170494433,0.20031172311462583,20.91653005427767,0.8715220855949029,20.91653005427767,0.8715220855949029,20.91653005427767,0.8715220855949029,0.0140104215064083,10.0,0.007803696193889393,0.8832464874465975,0.0,0.0,0.34768955072187513,0.0,3476.8955072187514,-0.002407065667319907,0.032
raceline_xy,20260415_212047_eb9da4db,685,21.952000000000016,246.78571810631837,-61.87817383646364,17.496830889211875,-0.003633350577527672,17.49683126645837,0.729034636102432,-0.25472507229697783,-0.002387960999285326,0.003003679735087361,0.015018398675436806,0.006550311200850256,0.0004357354535553526,14.990439599465786,0.14990439599465785,0.20077992316928434,20.91653005427767,0.8715220855949029,20.91653005427767,0.8715220855949029,20.91653005427767,0.8715220855949029,0.014097548295763485,10.0,0.007803696193889393,0.8825204308686376,0.0,0.0,0.3473122439213164,0.0,3473.122439213164,-0.0025967066677388363,0.032
raceline_xy,20260415_212047_eb9da4db,686,21.984000000000016,247.32763106207256,-62.01944342196491,17.50074535175475,-0.003674300337186409,17.500745737466403,0.7291977390611001,-0.25480136579734847,-0.002382905784864887,0.0397232704345754,0.198616352172877,0.006599999035309612,0.000446432382844808,14.811390598258658,0.14811390598258659,0.20124812418898955,20.91653005427767,0.8715220855949029,20.91653005427767,0.8715220855949029,20.91653005427767,0.8715220855949029,0.01418478820244884,10.0,0.007803696193889393,0.8817934316462597,0.0,0.0,0.34693937517430457,0.0,3469.393751743046,-0.0026540153276703718,0.032
raceline_xy,20260415_212047_eb9da4db,687,22.016000000000016,247.86965078061314,-62.16079406092739,17.504612766041497,-0.0038891353109402615,17.504613198081138,0.7293588832533807,-0.2548810803169288,-0.0024896942006000468,0.020784473530651187,0.10392236765325594,0.006634922532204435,0.00043982497937467,14.632330269463349,0.14632330269463348,0.20163829243011439,20.91653005427767,0.8715220855949029,20.91653005427767,0.8715220855949029,20.91653005427767,0.8715220855949029,0.014257488577725574,10.0,0.007803696193889393,0.8811875951856202,0.0,0.0,0.3465711873213517,0.0,3465.7118732135173,-0.0024055943874051774,0.032
raceline_xy,20260415_212047_eb9da4db,688,22.048000000000016,248.41177668312463,-62.30222211983833,17.508434198580453,-0.003938272160542766,17.50843464150948,0.729518110062895,-0.2549642084390742,-0.002596303695706074,0.019385724908231552,0.09692862454115776,0.006679098658631144,0.00044516312709097505,14.453258748909233,0.14453258748909234,0.20210649154330462,20.91653005427767,0.8715220855949029,20.91653005427767,0.8715220855949029,20.91653005427767,0.8715220855949029,0.014344037545197086,10.0,0.007803696193889393,0.8804663537900242,0.0,0.0,0.34620724479269327,0.0,3462.072447926933,-0.002458788195357697,0.032
raceline_xy,20260415_212047_eb9da4db,689,22.080000000000016,248.95401049732888,-62.443715369815415,17.51221158152679,-0.0036503176447748586,17.512211961970422,0.7296754984154342,-0.25504465523622644,-0.002512718802926475,0.04139042997334957,0.20695214986674781,0.006714745851419401,0.00043905319033488155,14.274176197490068,0.14274176197490068,0.202496657312598,20.91653005427767,0.8715220855949029,20.91653005427767,0.8715220855949029,20.91653005427767,0.8715220855949029,0.014414878862718528,10.0,0.007803696193889393,0.8798760094773456,0.0,0.0,0.34584707849437335,0.0,3458.4707849437336,-0.002484186794092925,0.032
raceline_xy,20260415_212047_eb9da4db,690,22.112000000000016,249.4963482883437,-62.58528319950865,17.515944087141015,-0.003688689474742546,17.515944475542288,0.729831019814262,-0.25512441675945663,-0.002491347467567246,0.003624905959467614,0.01812452979733807,0.006763912836281527,0.000449233717113362,14.095082694088266,0.14095082694088265,0.20296485706120576,20.91653005427767,0.8715220855949029,20.91653005427767,0.8715220855949029,20.91653005427767,0.8715220855949029,0.014497484435789243,10.0,0.007803696193889393,0.8791876297017563,0.0,0.0,0.3454915618035948,0.0,3454.9156180359482,-0.0027006141559429084,0.032
raceline_xy,20260415_212047_eb9da4db,691,22.144000000000016,250.03878852968776,-62.72692584016227,17.519632375990742,-0.0037500913450161377,17.519632777345766,0.7299846990560735,-0.25520391623704386,-0.0024831860895269697,0.037666913366618524,0.1883345668330926,0.0068140937449943095,0.00046048125066944223,13.915978358294526,0.13915978358294526,0.20343305769396094,20.91653005427767,0.8715220855949029,20.91653005427767,0.8715220855949029,20.91653005427767,0.8715220855949029,0.014577086711923037,10.0,0.007803696193889393,0.8785242774006413,0.0,0.0,0.34514023610267125,0.0,3451.4023610267127,-0.002760595343144298,0.032
raceline_xy,20260415_212047_eb9da4db,692,22.176000000000016,250.5813277831094,-62.86865082914583,17.523276316728605,-0.003998554831919243,17.523276772934402,0.7301365322056,-0.2552872616446309,-0.002603227314015953,0.023453117359768703,0.11726558679884351,0.006848731949193443,0.0004533733419265218,13.736863287882397,0.13736863287882398,0.20382322555089133,20.91653005427767,0.8715220855949029,20.91653005427767,0.8715220855949029,20.91653005427767,0.8715220855949029,0.014641146234720459,10.0,0.007803696193889393,0.8779904480439962,0.0,0.0,0.3447933262315347,0.0,3447.933262315347,-0.0024892261172522676,0.032
raceline_xy,20260415_212047_eb9da4db,693,22.208000000000016,251.12396576668573,-63.01045374696444,17.52687702451127,-0.004049436216006619,17.5268774923052,0.7302865621793834,-0.25537434815653537,-0.0027200595425066814,0.016203930613740026,0.08101965306870013,0.006892532554459763,0.00045850959382409684,13.557737615114632,0.13557737615114632,0.20429142594037833,20.91653005427767,0.8715220855949029,20.91653005427767,0.8715220855949029,20.91653005427767,0.8715220855949029,0.014716321560796164,10.0,0.007803696193889393,0.8773639869933653,0.0,0.0,0.3444503788319,0.0,3444.503788319,-0.002533719373008726,0.032
raceline_xy,20260415_212047_eb9da4db,694,22.240000000000016,251.66670457682773,-63.15232132025872,17.53043643534135,-0.0037325445339941865,17.530436832704204,0.7304348680293419,-0.2554585402881733,-0.002629830695271534,0.04523680468002377,0.22618402340011884,0.006927669021860261,0.0004517845005804766,13.378601496074689,0.13378601496074688,0.2046815915644495,20.91653005427767,0.8715220855949029,20.91653005427767,0.8715220855949029,20.91653005427767,0.8715220855949029,0.01477912763360889,10.0,0.007803696193889393,0.8768406030532593,0.0,0.0,0.3441109350610842,0.0,3441.109350610842,-0.002565555941741297,0.032
raceline_xy,20260415_212047_eb9da4db,695,22.272000000000016,252.20954025057523,-63.29426335540956,17.533953553893298,-0.0037598735690016483,17.53395395701542,0.7305814148756425,-0.25554176181867305,-0.0025995505518913342,0.007052972353448774,0.03526486176724387,0.006976787643727889,0.00046226124221693254,13.199455000233177,0.13199455000233176,0.20514979106504716,20.91653005427767,0.8715220855949029,20.91653005427767,0.8715220855949029,20.91653005427767,0.8715220855949029,0.014856711868034722,10.0,0.007803696193889393,0.8761940677663773,0.0,0.0,0.3437759322817076,0.0,3437.759322817076,-0.002797915656861105,0.032
raceline_xy,20260415_212047_eb9da4db,696,22.304000000000016,252.7524711839697,-63.4362807057162,17.537429044526014,-0.003831050225264754,17.537429462972344,0.7307262276238476,-0.25562464349851366,-0.0025889528656150578,0.032711762224984356,0.16355881112492177,0.0070268835186442224,0.0004738825349765996,13.020298242712698,0.130202982427127,0.2056179913694228,20.91653005427767,0.8715220855949029,20.91653005427767,0.8715220855949029,20.91653005427767,0.8715220855949029,0.014938166213644521,10.0,0.007803696193889393,0.8755152815529623,0.0,0.0,0.3434448629276882,0.0,3434.4486292768825,-0.0028604599817189887,0.032
raceline_xy,20260415_212047_eb9da4db,697,22.336000000000016,253.29549390123393,-63.57838136425445,17.540862775755738,-0.004099168546198406,17.540863254728258,0.7308693022803441,-0.25571160803302373,-0.002716381115926759,0.028984122469507517,0.1449206123475376,0.0070609093148426005,0.00046628536163018097,12.841131316678412,0.1284113131667841,0.206008158891373,20.91653005427767,0.8715220855949029,20.91653005427767,0.8715220855949029,20.91653005427767,0.8715220855949029,0.015009126869750311,10.0,0.007803696193889393,0.8749239427520807,0.0,0.0,0.34311795323166866,0.0,3431.1795323166866,-0.002574675611923858,0.032
raceline_xy,20260415_212047_eb9da4db,698,22.368000000000016,253.83860831584423,-63.720560495431485,17.544255852706325,-0.004152025775674417,17.544256344015785,0.7310106810006577,-0.2558025141821858,-0.0028394703285027443,0.01034084901656624,0.0517042450828312,0.007104138958127226,0.0004713578281245745,12.66195434915771,0.1266195434915771,0.20647636031376007,20.91653005427767,0.8715220855949029,20.91653005427767,0.8715220855949029,20.91653005427767,0.8715220855949029,0.015098096870035604,10.0,0.007803696193889393,0.8741825260830366,0.0,0.0,0.3427947569135741,0.0,3427.9475691357407,-0.0026150974451558473,0.032
raceline_xy,20260415_212047_eb9da4db,699,22.400000000000016,254.3818167887628,-63.86280415832237,17.547610182021362,-0.0038173326560526633,17.54761059723541,0.7311504415514753,-0.2558903880707799,-0.0027449409986606867,0.04833846542121051,0.24169232710605254,0.00715132200018731,0.0004802670449617352,12.482767490547639,0.12482767490547639,0.20694455900740258,20.91653005427767,0.8715220855949029,20.91653005427767,0.8715220855949029,20.91653005427767,0.8715220855949029,0.015191766237576676,10.0,0.007803696193889393,0.8734019480201943,0.0,0.0,0.34247482211605157,0.0,3424.7482211605156,-0.0028094325771144545,0.032
raceline_xy,20260415_212047_eb9da4db,700,22.432000000000016,254.92511531364883,-64.00512263149534,17.550924790970193,-0.0038467548241918337,17.550925212529815,0.7312885505220756,-0.2559769932795497,-0.0027053508135535683,0.013875384615370464,0.06937692307685231,0.007187842034134473,0.00047492923498992923,12.303570806798746,0.12303570806798746,0.20733472515009932,20.91653005427767,0.8715220855949029,20.91653005427767,0.8715220855949029,20.91653005427767,0.8715220855949029,0.01527385754969135,10.0,0.007803696193889393,0.872717853752572,0.0,0.0,0.34215906205353525,0.0,3421.5906205353526,-0.0027446842259421828,0.032
raceline_xy,20260415_212047_eb9da4db,701,22.464000000000016,255.46850061258348,-64.1475233648285,17.554199417798255,-0.0040766463489916305,17.55419989116206,0.7314249954650859,-0.25606645356167235,-0.002794450173095716,0.025046590872832793,0.12523295436416396,0.0072348671257813635,0.0004837272827025174,12.124364381387922,0.12124364381387923,0.2078029251840905,20.91653005427767,0.8715220855949029,20.91653005427767,0.8715220855949029,20.91653005427767,0.8715220855949029,0.01537765097030519,10.0,0.007803696193889393,0.8718529085807901,0.0,0.0,0.34184734907586867,0.0,3418.4734907586867,-0.002818323290366484,0.032
raceline_xy,20260415_212047_eb9da4db,702,22.496000000000016,256.0119737155002,-64.28999758548349,17.5574359028294,-0.0040266138295628195,17.557436364560225,0.7315598485233427,-0.2561562543041922,-0.002805132260632145,0.03722588182648201,0.18612940913241005,0.007269573984923117,0.0004764232276777136,11.945148359713246,0.11945148359713245,0.20819309241980877,20.91653005427767,0.8715220855949029,20.91653005427767,0.8715220855949029,20.91653005427767,0.8715220855949029,0.015468636382444778,10.0,0.007803696193889393,0.8710946968129601,0.0,0.0,0.34153887734510047,0.0,3415.388773451005,-0.0026999861737424065,0.032
raceline_xy,20260415_212047_eb9da4db,703,22.528000000000016,256.5555323119193,-64.4325492655373,17.56063414271258,-0.0040842184404121795,17.560634617662398,0.7316931090692665,-0.256247772286875,-0.0028587637604653203,0.003689455274858785,0.018447276374293924,0.007316245781803676,0.000484638950864813,11.765922830728966,0.11765922830728966,0.2086612937368769,20.91653005427767,0.8715220855949029,20.91653005427767,0.8715220855949029,20.91653005427767,0.8715220855949029,0.015583198172189228,10.0,0.007803696193889393,0.8701400152317564,0.0,0.0,0.3412341941304826,0.0,3412.3419413048264,-0.002832314831345381,0.032
raceline_xy,20260415_212047_eb9da4db,704,22.560000000000016,257.09917691528307,-64.57517176205799,17.56379542255424,-0.003960294113473317,17.563795869038866,0.7318248278766194,-0.2563379276370852,-0.0028162957213679163,0.0390714529616227,0.19535726480811347,0.0073653293129560815,0.000495021734615797,11.586687920670306,0.11586687920670306,0.20912949326033042,20.91653005427767,0.8715220855949029,20.91653005427767,0.8715220855949029,20.91653005427767,0.8715220855949029,0.01570363179057299,10.0,0.007803696193889393,0.8691364017452251,0.0,0.0,0.340932793283495,0.0,3409.32793283495,-0.002948540851875731,0.032
raceline_xy,20260415_212047_eb9da4db,705,22.592000000000017,257.64290396369006,-64.71787388233186,17.56691896458201,-0.004102669604399978,17.566919443661398,0.731954976819225,-0.2564296535294055,-0.002865317409491338,0.023540805117045992,0.11770402558522995,0.007400630887584025,0.00048769222252653677,11.40744369628832,0.1140744369628832,0.20951965928607313,20.91653005427767,0.8715220855949029,20.91653005427767,0.8715220855949029,20.91653005427767,0.8715220855949029,0.015808477835051793,10.0,0.007803696193889393,0.8682626847079017,0.0,0.0,0.3406353333814698,0.0,3406.3533338146976,-0.0027625902283081633,0.032
raceline_xy,20260415_212047_eb9da4db,706,22.624000000000017,258.1867119497041,-64.86065662768372,17.570005067742517,-0.004228726120512505,17.57000557662468,0.7320835656926951,-0.25652467853441063,-0.0029683131545396447,0.014927494134359367,0.07463747067179682,0.0074466883784092275,0.0004946803189556093,11.228190253633873,0.11228190253633873,0.20998785910707168,20.91653005427767,0.8715220855949029,20.91653005427767,0.8715220855949029,20.91653005427767,0.8715220855949029,0.01593966260434998,10.0,0.007803696193889393,0.8671694782970835,0.0,0.0,0.34034150673661995,0.0,3403.4150673661993,-0.0028294072025304953,0.032
raceline_xy,20260415_212047_eb9da4db,707,22.656000000000017,258.73060269014564,-65.00350859261165,17.573055799072876,-0.004023575502737131,17.573056259697363,0.7322106774873901,-0.25661807945867654,-0.00291770521174763,0.0480299925883332,0.240149962941666,0.007482194770774608,0.00048690485542213224,11.048927740946073,0.11048927740946074,0.21037802610481676,20.91653005427767,0.8715220855949029,20.91653005427767,0.8715220855949029,20.91653005427767,0.8715220855949029,0.016053457248669467,10.0,0.007803696193889393,0.8662211895944211,0.0,0.0,0.3400505672032368,0.0,3400.505672032368,-0.0027946956019779365,0.032
raceline_xy,20260415_212047_eb9da4db,708,22.688000000000017,259.274572944612,-65.14643757495126,17.576070573516002,-0.00407420086907706,17.576071045723726,0.732336293571822,-0.25671176837517873,-0.0029267099227934575,0.010999778504778587,0.05499889252389293,0.007531845477054322,0.0004967040355112751,10.86965622869603,0.1086965622869603,0.21084622706382253,20.91653005427767,0.8715220855949029,20.91653005427767,0.8715220855949029,20.91653005427767,0.8715220855949029,0.016195379273184596,10.0,0.007803696193889393,0.865038506056795,0.0,0.0,0.33976332121360203,0.0,3397.63321213602,-0.002986525035322105,0.032
raceline_xy,20260415_212047_eb9da4db,709,22.720000000000017,259.81862225525794,-65.28944088123585,17.579050291350246,-0.004060080031525359,17.579050760210887,0.7324604483421203,-0.2568046839163163,-0.002902602098486773,0.02735565020634875,0.13677825103174374,0.00758352339699675,0.0005080810016737658,10.690375826825514,0.10690375826825514,0.2113144274874796,20.91653005427767,0.8715220855949029,20.91653005427767,0.8715220855949029,20.91653005427767,0.8715220855949029,0.01634315389087515,10.0,0.007803696193889393,0.8638070509093737,0.0,0.0,0.33947928933537364,0.0,3394.7928933537364,-0.0030724630917700183,0.032
raceline_xy,20260415_212047_eb9da4db,710,22.752000000000017,260.3627471883489,-65.43252705487791,17.581994223683523,-0.004277016047572246,17.581994743899426,0.7325831143291427,-0.2569006635860207,-0.002998231446600317,0.03575503068471978,0.1787751534235989,0.007619499825443299,0.0004996261368157562,10.51108659908719,0.1051108659908719,0.21170459344312437,20.91653005427767,0.8715220855949029,20.91653005427767,0.8715220855949029,20.91653005427767,0.8715220855949029,0.01647077786378981,10.0,0.007803696193889393,0.8627435178017516,0.0,0.0,0.3391990008247777,0.0,3391.990008247777,-0.0028201680121582254,0.032
raceline_xy,20260415_212047_eb9da4db,711,22.784000000000017,260.9069471946712,-65.57569373421798,17.584903017965868,-0.004360791215693993,17.584903558671144,0.732704314944631,-0.2570003725989398,-0.003114672873472611,0.004188447471528495,0.020942237357642474,0.007666663115434069,0.0005056842954709317,10.331788647690852,0.10331788647690851,0.21217279310789142,20.91653005427767,0.8715220855949029,20.91653005427767,0.8715220855949029,20.91653005427767,0.8715220855949029,0.016629297364096463,10.0,0.007803696193889393,0.8614225219658628,0.0,0.0,0.338922018448884,0.0,3389.22018448884,-0.002876300405005869,0.032
raceline_xy,20260415_212047_eb9da4db,712,22.816000000000017,261.4512246563944,-65.71892769328025,17.587778893585327,-0.004070653247498335,17.587779364657248,0.732824140194052,-0.2570975046655217,-0.003034342289202744,0.03905797688789571,0.19528988443947853,0.007717918644285504,0.0005151236635660972,10.152482121309156,0.10152482121309156,0.21264099332182312,20.91653005427767,0.8715220855949029,20.91653005427767,0.8715220855949029,20.91653005427767,0.8715220855949029,0.01679366616370892,10.0,0.007803696193889393,0.8600527819690923,0.0,0.0,0.33864762890176414,0.0,3386.476289017641,-0.003050453858205258,0.032
raceline_xy,20260415_212047_eb9da4db,713,22.848000000000017,261.99557588143716,-65.86223872135737,17.590621108630014,-0.004117355607616169,17.590621590495232,0.7329425662706347,-0.25719394332023615,-0.0030127056355041294,0.02437030126083348,0.1218515063041674,0.007757009069968124,0.0005081090372383024,9.973167081757895,0.09973167081757894,0.2130311605741849,20.91653005427767,0.8715220855949029,20.91653005427767,0.8715220855949029,20.91653005427767,0.8715220855949029,0.016935117302726344,10.0,0.007803696193889393,0.8588740224772805,0.0,0.0,0.3383767423400912,0.0,3383.767423400912,-0.0029529051143586497,0.032
raceline_xy,20260415_212047_eb9da4db,714,22.880000000000017,262.53999812838225,-66.00563292684043,17.593429232684922,-0.004319689721905995,17.59342976298856,0.7330595734578567,-0.25729323664020987,-0.003101797921184936,0.013513919794951238,0.06756959897475619,0.007808726838317348,0.0005168618849329398,9.79384359555328,0.09793843595553281,0.21349936166003858,20.91653005427767,0.8715220855949029,20.91653005427767,0.8715220855949029,20.91653005427767,0.8715220855949029,0.017110213306656075,10.0,0.007803696193889393,0.8574148891111993,0.0,0.0,0.3381093749334567,0.0,3381.0937493345673,-0.0030376825134189795,0.032
raceline_xy,20260415_212047_eb9da4db,715,22.912000000000017,263.0844927880601,-66.1491009029944,17.596204770286146,-0.004230870345431015,17.596205278926043,0.7331752199552518,-0.25739226031563955,-0.003093441639869209,0.049979200151612356,0.24989600075806176,0.007862292389357872,0.000526688423867494,9.614511786430088,0.09614511786430087,0.21396756081922189,20.91653005427767,0.8715220855949029,20.91653005427767,0.8715220855949029,20.91653005427767,0.8715220855949029,0.017291169069245882,10.0,0.007803696193889393,0.855906924422951,0.0,0.0,0.3378448040293476,0.0,3378.448040293476,-0.00310856719867312,0.032
raceline_xy,20260415_212047_eb9da4db,716,22.944000000000017,263.6290572643103,-66.29264836394769,17.598947486467065,-0.0043101114542309915,17.598948014256028,0.7332895005940011,-0.2574926891631266,-0.00313731683336197,0.013955246820004074,0.06977623410002037,0.00790117722541872,0.0005175825022956104,9.435171729395494,0.09435171729395493,0.2143577271565187,20.91653005427767,0.8715220855949029,20.91653005427767,0.8715220855949029,20.91653005427767,0.8715220855949029,0.01744644089014047,10.0,0.007803696193889393,0.8546129925821627,0.0,0.0,0.3375835171715222,0.0,3375.835171715222,-0.0029247608050164808,0.032
raceline_xy,20260415_212047_eb9da4db,717,22.976000000000017,264.1736903254483,-66.43627589917922,17.6016578789458,-0.004375372115164922,17.601658422754827,0.7334024342814511,-0.2575954500927171,-0.00321013799378154,0.02369722947488418,0.1184861473744209,0.007953923543515984,0.000525146168524504,9.25582351723544,0.0925582351723544,0.21482592719233845,20.91653005427767,0.8715220855949029,20.91653005427767,0.8715220855949029,20.91653005427767,0.8715220855949029,0.01763812032075096,10.0,0.007803696193889393,0.853015663993742,0.0,0.0,0.3373252888648864,0.0,3373.252888648864,-0.00304187616344776,0.032
raceline_xy,20260415_212047_eb9da4db,718,23.008000000000017,264.71839347279746,-66.57997392892985,17.604337532989163,-0.004178282092492047,17.604338028834036,0.7335140845347515,-0.2576959590021626,-0.003139925265490683,0.04021706156310698,0.2010853078155349,0.007995510454241739,0.0005171887711039602,9.076467273635012,0.09076467273635012,0.21521609423677154,20.91653005427767,0.8715220855949029,20.91653005427767,0.8715220855949029,20.91653005427767,0.8715220855949029,0.0178023246982022,10.0,0.007803696193889393,0.8516472941816483,0.0,0.0,0.33706963361916686,0.0,3370.6963361916687,-0.0030231800769753613,0.032
raceline_xy,20260415_212047_eb9da4db,719,23.040000000000017,265.2631630167185,-66.72375240975504,17.606985163741818,-0.004295983815844728,17.606985687837128,0.7336244036598804,-0.2577973156489204,-0.003166382836165298,0.005373205885633367,0.02686602942816683,0.008052915365352575,0.0005276311358946018,8.897103039074423,0.08897103039074424,0.2156842950932776,20.91653005427767,0.8715220855949029,20.91653005427767,0.8715220855949029,20.91653005427767,0.8715220855949029,0.0180047239267358,10.0,0.007803696193889393,0.8499606339438683,0.0,0.0,0.3368174988391474,0.0,3368.174988391474,-0.0031968079589128487,0.032
raceline_xy,20260415_212047_eb9da4db,720,23.072000000000017,265.8079989097726,-66.86760762023998,17.609601904596246,-0.004302677971399049,17.609602430248035,0.7337334345936681,-0.2578985814843966,-0.003163577579392818,0.03326472054222914,0.16632360271114568,0.008112202255356138,0.0005389682948448993,8.717730921986293,0.08717730921986293,0.2161524949287304,20.91653005427767,0.8715220855949029,20.91653005427767,0.8715220855949029,20.91653005427767,0.8715220855949029,0.018212971499278918,10.0,0.007803696193889393,0.848225237506009,0.0,0.0,0.33656810277552507,0.0,3365.681027755251,-0.0032553916732419755,0.032
raceline_xy,20260415_212047_eb9da4db,721,23.104000000000017,266.35289823345045,-67.01154668943283,17.612187499290513,-0.004491545415974407,17.612188072018345,0.7338411696674311,-0.2580030255843573,-0.0032627769386187433,0.030892581129088968,0.15446290564544482,0.00815420920911869,0.0005289742287573063,8.5383509921892,0.08538350992189199,0.21654266122339216,20.91653005427767,0.8715220855949029,20.91653005427767,0.8715220855949029,20.91653005427767,0.8715220855949029,0.018390983379336756,10.0,0.007803696193889393,0.8467418051721937,0.0,0.0,0.3363218431904513,0.0,3363.2184319045127,-0.0029927664921609765,0.032
raceline_xy,20260415_212047_eb9da4db,722,23.136000000000017,266.8978607194598,-67.15556679081308,17.61474268801605,-0.0045390051014377875,17.61474327282638,0.7339476363677658,-0.2581107399500673,-0.0033648975985927907,0.00708025312626667,0.03540126563133335,0.008210369607554835,0.0005353369313279011,8.35896334528685,0.0835896334528685,0.2170108611371362,20.91653005427767,0.8715220855949029,20.91653005427767,0.8715220855949029,20.91653005427767,0.8715220855949029,0.018609953008643654,10.0,0.007803696193889393,0.8449170582613029,0.0,0.0,0.3360783911111662,0.0,3360.7839111116623,-0.0030771102721604765,0.032
raceline_xy,20260415_212047_eb9da4db,723,23.168000000000017,267.442888741847,-67.29965531929953,17.617269219611703,-0.004240650861889961,17.617269729994987,0.7340529054164578,-0.25821535902439674,-0.0032683913567999353,0.04212756619881225,0.21063783099406125,0.008271699921022169,0.0005455989348419621,8.17956810616847,0.0817956810616847,0.21747906142814535,20.91653005427767,0.8715220855949029,20.91653005427767,0.8715220855949029,20.91653005427767,0.8715220855949029,0.018834765109542406,10.0,0.007803696193889393,0.8430436240871466,0.0,0.0,0.33583725423879585,0.0,3358.3725423879587,-0.0032723218493992995,0.032
raceline_xy,20260415_212047_eb9da4db,724,23.200000000000017,267.9879783120334,-67.44382360314752,17.619765805723766,-0.004324119559535156,17.61976633632133,0.7341569306800554,-0.25831950996063924,-0.0032537749527374216,0.02235749597886975,0.11178747989434874,0.008318926110932878,0.0005377964321660045,8.000165312123597,0.08000165312123597,0.21786922861365648,20.91653005427767,0.8715220855949029,20.91653005427767,0.8715220855949029,20.91653005427767,0.8715220855949029,0.01902657159536769,10.0,0.007803696193889393,0.8414452367052693,0.0,0.0,0.33559941860069537,0.0,3355.994186006954,-0.0031558950136705848,0.032
raceline_xy,20260415_212047_eb9da4db,725,23.232000000000017,268.5331268249376,-67.5880776904138,17.622232211148106,-0.004550260907450365,17.62223279861267,0.7342596999421946,-0.25842708484943566,-0.0033606291337084228,0.014766102091848895,0.07383051045924446,0.008380912762065762,0.0005465765747718621,7.82075502776512,0.0782075502776512,0.21833742898178676,20.91653005427767,0.8715220855949029,20.91653005427767,0.8715220855949029,20.91653005427767,0.8715220855949029,0.019262088929546728,10.0,0.007803696193889393,0.8394825922537773,0.0,0.0,0.33536465884479055,0.0,3353.6465884479053,-0.0032246544010988754,0.032
raceline_xy,20260415_212047_eb9da4db,726,23.264000000000017,269.07833621832646,-67.73240671126388,17.624670565915387,-0.004437094928312568,17.624671124445292,0.7343612968518872,-0.2585343704681522,-0.003351670422231141,0.050083281758434274,0.25041640879217136,0.008428313471162241,0.0005368674903625248,7.641337386974799,0.07641337386974799,0.21872759527944566,20.91653005427767,0.8715220855949029,20.91653005427767,0.8715220855949029,20.91653005427767,0.8715220855949029,0.019462822919918743,10.0,0.007803696193889393,0.8378098090006771,0.0,0.0,0.33513205723071116,0.0,3351.3205723071114,-0.0031192043304740288,0.032
raceline_xy,20260415_212047_eb9da4db,727,23.296000000000017,269.62360407491224,-67.87681619220984,17.627080249073764,-0.0044879590790944945,17.62708082040424,0.7344617008501767,-0.25864288865246365,-0.003390167614042435,0.014661312145485564,0.07330656072742782,0.008493321460561365,0.0005461780758446722,7.4619124442695846,0.07461912444269585,0.2191957951264548,20.91653005427767,0.8715220855949029,20.91653005427767,0.8715220855949029,20.91653005427767,0.8715220855949029,0.019709063068896082,10.0,0.007803696193889393,0.8357578077591993,0.0,0.0,0.33490244416629755,0.0,3349.0244416629757,-0.0032873041613573364,0.032
raceline_xy,20260415_212047_eb9da4db,728,23.328000000000017,270.16893100418486,-68.0213003618992,17.629462408806347,-0.004385074806002365,17.62946295416843,0.7345609564236847,-0.25874993209874475,-0.0033441940866629476,0.02228797521766049,0.11143987608830244,0.00856203379035625,0.0005577672016348068,7.2824803019762605,0.0728248030197626,0.21966399527409608,20.91653005427767,0.8715220855949029,20.91653005427767,0.8715220855949029,20.91653005427767,0.8715220855949029,0.019961132815878635,10.0,0.007803696193889393,0.8336572265343447,0.0,0.0,0.3346752261095051,0.0,3346.7522610950514,-0.0034074662338290534,0.032
raceline_xy,20260415_212047_eb9da4db,729,23.360000000000017,270.7143134391025,-68.16586909571274,17.631815997817363,-0.004570065531739331,17.631816590084732,0.7346590245868638,-0.25885915754167765,-0.0034122876542554267,0.042632937308999586,0.21316468654499793,0.008612907543246173,0.0005480163086786227,7.103041000353856,0.07103041000353856,0.22005416228166802,20.91653005427767,0.8715220855949029,20.91653005427767,0.8715220855949029,20.91653005427767,0.8715220855949029,0.02017565887889461,10.0,0.007803696193889393,0.8318695093425449,0.0,0.0,0.3344511217312569,0.0,3344.511217312569,-0.003179093352909727,0.032
raceline_xy,20260415_212047_eb9da4db,730,23.392000000000017,271.2597504228,-68.31052244696424,17.634141377139866,-0.004697082412522313,17.634142002704284,0.7347559167793452,-0.25897216698773606,-0.003530417398858764,0.008085027771321715,0.04042513885660857,0.00867969625797027,0.0005551131479291094,6.923594618221763,0.06923594618221764,0.22052236293817534,20.91653005427767,0.8715220855949029,20.91653005427767,0.8715220855949029,20.91653005427767,0.8715220855949029,0.020438425926112114,10.0,0.007803696193889393,0.8296797839490657,0.0,0.0,0.3342297256621552,0.0,3342.2972566215517,-0.0032427172489810155,0.032
raceline_xy,20260415_212047_eb9da4db,731,23.424000000000017,271.80524459055647,-68.45524720770322,17.636440860147857,-0.004441224352070172,17.636441419344397,0.7348517258060165,-0.2590830375741362,-0.0034637601118520885,0.029243341996549505,0.14621670998274752,0.00875107453036117,0.0005651524390106744,6.744141291710758,0.06744141291710758,0.22099056258565636,20.91653005427767,0.8715220855949029,20.91653005427767,0.8715220855949029,20.91653005427767,0.8715220855949029,0.020707039929399595,10.0,0.007803696193889393,0.8274413339216701,0.0,0.0,0.33401020715835844,0.0,3340.1020715835843,-0.0033981653113481754,0.032
raceline_xy,20260415_212047_eb9da4db,732,23.456000000000017,272.350792596274,-68.60005262946704,17.638713528747303,-0.004495509037651502,17.638714101623584,0.7349464209009827,-0.2591936587688206,-0.003455986199772183,0.035866272835896336,0.17933136417948167,0.008806424290907167,0.0005559034506936733,6.564681063301033,0.06564681063301032,0.22138072913102758,20.91653005427767,0.8715220855949029,20.91653005427767,0.8715220855949029,20.91653005427767,0.8715220855949029,0.02093535184353179,10.0,0.007803696193889393,0.825538734637235,0.0,0.0,0.3337935661005082,0.0,3337.9356610050822,-0.003270592898393921,0.032
raceline_xy,20260415_212047_eb9da4db,733,23.488000000000017,272.89639218042464,-68.74494379038126,17.640958878533052,-0.004670971068907903,17.640959496922633,0.7350399790384431,-0.2593071035661789,-0.003544114987534624,0.004613070763515565,0.023065353817577825,0.008879599412608297,0.0005648419840418306,6.385213983122554,0.06385213983122555,0.22184892919057356,20.91653005427767,0.8715220855949029,20.91653005427767,0.8715220855949029,20.91653005427767,0.8715220855949029,0.0212146647753384,10.0,0.007803696193889393,0.82321112687218,0.0,0.0,0.3335797991471957,0.0,3335.797991471957,-0.003370665375236865,0.032
raceline_xy,20260415_212047_eb9da4db,734,23.520000000000017,273.4420451230672,-68.8899107457704,17.643178537467577,-0.004546694999901568,17.643179123315388,0.7351324634714745,-0.2594196747646458,-0.0035169169872013946,0.035585522329109984,0.1779276116455499,0.008956182926218137,0.0005754577969212527,6.205740164261943,0.062057401642619435,0.22231712945855345,20.91653005427767,0.8715220855949029,20.91653005427767,0.8715220855949029,20.91653005427767,0.8715220855949029,0.021499818693968997,10.0,0.007803696193889393,0.820834844216925,0.0,0.0,0.3333681089175299,0.0,3333.681089175299,-0.0034681549241082615,0.032
raceline_xy,20260415_212047_eb9da4db,735,23.552000000000017,273.98774858074586,-69.03496090914096,17.645371969469718,-0.004645830561623043,17.645372581067516,0.7352238575444798,-0.25953353840171633,-0.0035572648163877028,0.02976509698544374,0.14882548492721867,0.009014422585432946,0.0005648638873587686,6.026259659129882,0.06026259659129882,0.22270729649615104,20.91653005427767,0.8715220855949029,20.91653005427767,0.8715220855949029,20.91653005427767,0.8715220855949029,0.021741894687372643,10.0,0.007803696193889393,0.8188175442718947,0.0,0.0,0.3331591343002651,0.0,3331.5913430026512,-0.0032754114413965593,0.032
raceline_xy,20260415_212047_eb9da4db,736,23.584000000000017,274.53350134871704,-69.18009555343956,17.64753949259976,-0.004744003607070724,17.647540130240202,0.7353141720933417,-0.2596501545490888,-0.0036432003120974456,0.007522025212709077,0.037610126063545385,0.00909162000336794,0.0005729079390621727,5.8467725408930935,0.058467725408930936,0.22317549654717192,20.91653005427767,0.8715220855949029,20.91653005427767,0.8715220855949029,20.91653005427767,0.8715220855949029,0.022037736266578012,10.0,0.007803696193889393,0.8163521977785165,0.0,0.0,0.3329526433632448,0.0,3329.526433632448,-0.0033856584882771355,0.032
raceline_xy,20260415_212047_eb9da4db,737,23.616000000000017,275.0793054891047,-69.3253038768774,17.64968284516981,-0.004537095000006985,17.6496834283313,0.7354034761804709,-0.2597646059659615,-0.003575722757806402,0.041315308860510734,0.20657654430255365,0.009173710970896476,0.0005839202251407549,5.667278923512552,0.056672789235125524,0.22364369644983367,20.91653005427767,0.8715220855949029,20.91653005427767,0.8715220855949029,20.91653005427767,0.8715220855949029,0.02233942303718006,10.0,0.007803696193889393,0.8138381413568329,0.0,0.0,0.33274803531522207,0.0,3327.4803531522207,-0.0035390817099522666,0.032
raceline_xy,20260415_212047_eb9da4db,738,23.648000000000017,275.62515746358866,-69.47059599145913,17.65180072544819,-0.004652245190045257,17.651801338512694,0.735491722438029,-0.2598796948772444,-0.0035956178397146123,0.02431802451419108,0.12159012257095539,0.009237311524326053,0.0005739981980328324,5.487778834003074,0.05487778834003074,0.2240338631480929,20.91653005427767,0.8715220855949029,20.91653005427767,0.8715220855949029,20.91653005427767,0.8715220855949029,0.02259528058817395,10.0,0.007803696193889393,0.8117059950985505,0.0,0.0,0.332546295929047,0.0,3325.46295929047,-0.0033686270588180983,0.032
raceline_xy,20260415_212047_eb9da4db,739,23.680000000000017,276.17105551395906,-69.61597528033704,17.653892963935917,-0.00482321568897337,17.65389362281068,0.7355789009504451,-0.2599981817519943,-0.003701677825963849,0.01220454999175059,0.061022749958752946,0.009320253969712589,0.0005824481175547014,5.308272329162268,0.053082723291622676,0.22450206330731237,20.91653005427767,0.8715220855949029,20.91653005427767,0.8715220855949029,20.91653005427767,0.8715220855949029,0.02290765335669187,10.0,0.007803696193889393,0.8091028886942344,0.0,0.0,0.3323471678721107,0.0,3323.4716787211073,-0.003451011599415946,0.032
raceline_xy,20260415_212047_eb9da4db,740,23.712000000000018,276.7170019839198,-69.76142998939132,17.65596179028316,-0.004643124933426002,17.6559624008024,0.7356651000334334,-0.26011535285292275,-0.0036606951030062258,0.04644632687221727,0.23223163436108632,0.009407369931826448,0.0005930172594523775,5.128759536257674,0.051287595362576745,0.22497026358378835,20.91653005427767,0.8715220855949029,20.91653005427767,0.8715220855949029,20.91653005427767,0.8715220855949029,0.023225856272409917,10.0,0.007803696193889393,0.8064511977299174,0.0,0.0,0.33214970457163884,0.0,3321.497045716388,-0.003569732023335856,0.032
raceline_xy,20260415_212047_eb9da4db,741,23.744000000000018,277.26299390601577,-69.90696823757679,17.658006491987685,-0.004720079958194567,17.65800712283903,0.7357502967849596,-0.26023317549049807,-0.003681042579746967,0.019515127525249833,0.09757563762624916,0.009475162927866876,0.0005822584950316845,4.94924049811131,0.0494924049811131,0.22536043042269782,20.91653005427767,0.8715220855949029,20.91653005427767,0.8715220855949029,20.91653005427767,0.8715220855949029,0.02349547359444193,10.0,0.007803696193889393,0.8042043867129839,0.0,0.0,0.3319547945759785,0.0,3319.547945759785,-0.0033990900167465018,0.032
raceline_xy,20260415_212047_eb9da4db,742,23.776000000000018,277.80902970162697,-70.05259288307312,17.66002679309976,-0.0048472362853502204,17.660027458322396,0.7358344774300999,-0.26035373447551713,-0.0037664635763259855,0.01671027762985389,0.08355138814926945,0.009564108683658645,0.0005909125079437416,4.769715265635119,0.04769715265635119,0.2258286304077674,20.91653005427767,0.8715220855949029,20.91653005427767,0.8715220855949029,20.91653005427767,0.8715220855949029,0.023824370844527376,10.0,0.007803696193889393,0.8014635762956052,0.0,0.0,0.3317624021610202,0.0,3317.6240216102024,-0.0035122891166149933,0.032
raceline_xy,20260415_212047_eb9da4db,743,23.808000000000018,278.3551114163265,-70.1982933815885,17.662024279849465,-0.004669791988200167,17.66202489718971,0.7359177040495712,-0.2604725528042713,-0.003712215776701608,0.0494950880422808,0.247475440211404,0.009635678366420652,0.0005803853436221473,4.590183944535297,0.04590183944535297,0.2262187971177061,20.91653005427767,0.8715220855949029,20.91653005427767,0.8715220855949029,20.91653005427767,0.8715220855949029,0.02410291292859723,10.0,0.007803696193889393,0.7991423922616897,0.0,0.0,0.33157181090567245,0.0,3315.7181090567246,-0.00345738527877413,0.032
raceline_xy,20260415_212047_eb9da4db,744,23.840000000000018,278.90123577660705,-70.34407900112178,17.663997758418933,-0.004777531616753983,17.663998404501665,0.7359999335209028,-0.2605925342369808,-0.003748519715286932,0.015361560632106537,0.07680780316053268,0.00973073856489437,0.0005910896920298114,4.410646562077223,0.04410646562077223,0.22668699722263722,20.91653005427767,0.8715220855949029,20.91653005427767,0.8715220855949029,20.91653005427767,0.8715220855949029,0.024442491047068415,10.0,0.007803696193889393,0.7963125746077632,0.0,0.0,0.33138391229283815,0.0,3313.8391229283816,-0.0036351467668390538,0.032
raceline_xy,20260415_212047_eb9da4db,745,23.872000000000018,279.4474033630501,-70.48994475776416,17.665948897413692,-0.004740498993911935,17.66594953344888,0.73608123056037,-0.260711900818106,-0.003729371018931078,0.020768825151765043,0.1038441257588252,0.009829455751713567,0.0006032121598731344,4.231103224848003,0.042311032248480034,0.22715519737041245,20.91653005427767,0.8715220855949029,20.91653005427767,0.8715220855949029,20.91653005427767,0.8715220855949029,0.024787909446270184,10.0,0.007803696193889393,0.7934340879477485,0.0,0.0,0.3311977437660451,0.0,3311.977437660451,-0.0037179321346895245,0.032
raceline_xy,20260415_212047_eb9da4db,746,23.904000000000018,279.9936111185806,-70.63589920456643,17.667876919209803,-0.004934811467158795,17.667877608380433,0.7361615670158513,-0.2608341578396285,-0.0038195796506439944,0.04553678908312378,0.2276839454156189,0.009905058547119872,0.0005911428950016173,4.051553969586263,0.04051553969586263,0.2275453641816075,20.91653005427767,0.8715220855949029,20.91653005427767,0.8715220855949029,20.91653005427767,0.8715220855949029,0.025080193580317545,10.0,0.007803696193889393,0.7909983868306871,0.0,0.0,0.3310140687277163,0.0,3310.140687277163,-0.00345083273329353,0.032
raceline_xy,20260415_212047_eb9da4db,747,23.936000000000018,280.53985876510876,-70.7819404869109,17.669781921258583,-0.005012086312436992,17.669782632105182,0.7362409430043826,-0.26095996973121904,-0.003930572705543571,0.011873870646728294,0.05936935323364147,0.010002952456392489,0.0005982925054808241,3.8719988549978797,0.038719988549978795,0.2280135643051311,20.91653005427767,0.8715220855949029,20.91653005427767,0.8715220855949029,20.91653005427767,0.8715220855949029,0.025436289986420668,10.0,0.007803696193889393,0.7880309167798277,0.0,0.0,0.3308326748810921,0.0,3308.326748810921,-0.0035370785038100474,0.032
raceline_xy,20260415_212047_eb9da4db,748,23.968000000000018,281.0861492068753,-70.92805508430261,17.671665826377158,-0.004710044574624206,17.6716664540633,0.7363194355859708,-0.26108279455576344,-0.0038374534899639234,0.024323324528422077,0.12161662264211039,0.010107141379357643,0.0006092323130912902,3.6924379943704624,0.03692437994370462,0.228481764423144,20.91653005427767,0.8715220855949029,20.91653005427767,0.8715220855949029,20.91653005427767,0.8715220855949029,0.025798229655170868,10.0,0.007803696193889393,0.7850147528735761,0.0,0.0,0.33065280205931097,0.0,3306.52802059311,-0.003729378446437524,0.032
raceline_xy,20260415_212047_eb9da4db,749,24.000000000000018,281.63247861177877,-71.07425455244535,17.67352748763323,-0.0047933975138567675,17.673528137663602,0.7363970057359834,-0.26120527619739287,-0.003826736315044432,0.04213014719488447,0.21065073597442233,0.010190544710937388,0.0005988347412060335,3.512871413941807,0.03512871413941807,0.22887193117528065,20.91653005427767,0.8715220855949029,20.91653005427767,0.8715220855949029,20.91653005427767,0.8715220855949029,0.026104283360947278,10.0,0.007803696193889393,0.7824643053254393,0.0,0.0,0.33047541361969773,0.0,3304.7541361969775,-0.003593381293119852,0.032
raceline_xy,20260415_212047_eb9da4db,750,24.032000000000018,282.17884463465,-71.22054484966719,17.67536676005832,-0.00501458137655586,17.675367471387997,0.7364736446411665,-0.26133118201454364,-0.0039335937068022565,0.009105646709129247,0.04552823354564623,0.010297549684440632,0.0006081659678507378,3.33329916397744,0.0333329916397744,0.22934013124877145,20.91653005427767,0.8715220855949029,20.91653005427767,0.8715220855949029,20.91653005427767,0.8715220855949029,0.026476899672011278,10.0,0.007803696193889393,0.779359169399906,0.0,0.0,0.3303003039172043,0.0,3303.003039172043,-0.003676746720845925,0.032
raceline_xy,20260415_212047_eb9da4db,751,24.064000000000018,282.7252496692306,-71.36691446404208,17.67718563641217,-0.0048809708607810975,17.677186310271587,0.7365494295946494,-0.26145637922149056,-0.003911555409058957,0.027370990158123498,0.1368549507906175,0.010408631975892924,0.0006190088046511555,3.1537213563401885,0.03153721356340188,0.22980833127582004,20.91653005427767,0.8715220855949029,20.91653005427767,0.8715220855949029,20.91653005427767,0.8715220855949029,0.026855330434078617,10.0,0.007803696193889393,0.7762055797160116,0.0,0.0,0.3301266435054801,0.0,3301.266435054801,-0.003768902108656333,0.032
raceline_xy,20260415_212047_eb9da4db,752,24.096000000000018,283.27169113756855,-71.51337032907266,17.678982974579306,-0.004957472884366432,17.678983669657097,0.7366243195690457,-0.2615826832276369,-0.003946115708273638,0.03925489067987776,0.1962744533993888,0.010496484435141618,0.0006066848761761001,2.9741380142896543,0.029741380142896543,0.23019849811481297,20.91653005427767,0.8715220855949029,20.91653005427767,0.8715220855949029,20.91653005427767,0.8715220855949029,0.02717514296087309,10.0,0.007803696193889393,0.7735404753260576,0.0,0.0,0.32995541726946487,0.0,3299.5541726946485,-0.0035751547536246866,0.032
raceline_xy,20260415_212047_eb9da4db,753,24.128000000000018,283.81816786143884,-71.65991412134251,17.680758617184217,-0.005047818572600171,17.68075933775488,0.7366983057397866,-0.26171157976619597,-0.004027053403323281,0.007125387852502922,0.03562693926251461,0.010610109243886168,0.0006153004436586507,2.7945491866333656,0.027945491866333657,0.23066669834609752,20.91653005427767,0.8715220855949029,20.91653005427767,0.8715220855949029,20.91653005427767,0.8715220855949029,0.027564274564652713,10.0,0.007803696193889393,0.7702977119612274,0.0,0.0,0.32978640465519937,0.0,3297.864046551994,-0.003702027546103263,0.032
raceline_xy,20260415_212047_eb9da4db,754,24.160000000000018,284.3646820095775,-71.80653529085426,17.682514686226117,-0.00484224497564778,17.682515349235207,0.7367714728848003,-0.2618381840895774,-0.003955594754969254,0.029918442566418343,0.1495922128320917,0.010729569840683517,0.0006270112089681312,2.61495498902686,0.0261495498902686,0.2311348984865681,20.91653005427767,0.8715220855949029,20.91653005427767,0.8715220855949029,20.91653005427767,0.8715220855949029,0.027959229050494194,10.0,0.007803696193889393,0.7670064245792151,0.0,0.0,0.32961870221160117,0.0,3296.1870221160116,-0.003860819231621511,0.032
raceline_xy,20260415_212047_eb9da4db,755,24.192000000000018,284.91122998428085,-71.95324468093172,17.684250154160882,-0.0049779823199660456,17.684250854793003,0.7368437856163751,-0.26196561706947197,-0.003981447938019867,0.03689254834239525,0.18446274171197624,0.010825010270674174,0.0006154541562888305,2.4353554467726424,0.024353554467726423,0.2315250651896333,20.91653005427767,0.8715220855949029,20.91653005427767,0.8715220855949029,20.91653005427767,0.8715220855949029,0.02829280725019423,10.0,0.007803696193889393,0.7642266062483815,0.0,0.0,0.32945329526217043,0.0,3294.532952621704,-0.0036717619110384096,0.032
raceline_xy,20260415_212047_eb9da4db,756,24.224000000000018,285.4578102610572,-72.1000453494439,17.685964708435947,-0.00515442093121532,17.685965459541556,0.7369152274808982,-0.262096640199605,-0.004093504233099567,0.005997242262748739,0.029986211313743696,0.010946497911624498,0.0006242180463056357,2.2557506009584958,0.02255750600958496,0.23199326512310184,20.91653005427767,0.8715220855949029,20.91653005427767,0.8715220855949029,20.91653005427767,0.8715220855949029,0.028698442378431555,10.0,0.007803696193889393,0.7608463135130704,0.0,0.0,0.3292900808949522,0.0,3292.900808949522,-0.0037555983886145023,0.032
raceline_xy,20260415_212047_eb9da4db,757,24.256000000000018,286.00442560170353,-72.24692461368113,17.68766021778737,-0.004952384474497862,17.68766091109873,0.7369858712957805,-0.2622261292952439,-0.004045719227979103,0.03197688456414968,0.1598844228207484,0.011073212901495655,0.0006353187456413778,2.0761405569069975,0.020761405569069975,0.23246146522008998,20.91653005427767,0.8715220855949029,20.91653005427767,0.8715220855949029,20.91653005427767,0.8715220855949029,0.02910989333412939,10.0,0.007803696193889393,0.7574175555489218,0.0,0.0,0.32912821656309743,0.0,3291.2821656309743,-0.003885014928288744,0.032
raceline_xy,20260415_212047_eb9da4db,758,24.288000000000018,286.55107296131945,-72.39389129580697,17.6893355797939,-0.0050302843421148324,17.689336295020315,0.7370556789591798,-0.2623562154774488,-0.004064361059998892,0.03502336352165317,0.17511681760826583,0.011175095532200086,0.0006230039452277403,1.8965253369411887,0.018965253369411888,0.2328516322059104,20.91653005427767,0.8715220855949029,20.91653005427767,0.8715220855949029,20.91653005427767,0.8715220855949029,0.029457233909564007,10.0,0.007803696193889393,0.7545230507536332,0.0,0.0,0.32896862469098326,0.0,3289.686246909833,-0.0037072857469444753,0.032
raceline_xy,20260415_212047_eb9da4db,759,24.320000000000018,287.0977507638451,-72.54094874157286,17.690990841708295,-0.005170042351115178,17.69099159715884,0.7371246498816183,-0.2624892104576233,-0.004155153462749378,0.005625370481171019,0.028126852405855093,0.011305077988270185,0.0006320704739959382,1.7169049924538182,0.01716904992453818,0.2333198324385746,20.91653005427767,0.8715220855949029,20.91653005427767,0.8715220855949029,20.91653005427767,0.8715220855949029,0.02987939369545556,10.0,0.007803696193889393,0.7510050525378703,0.0,0.0,0.3288110253364756,0.0,3288.110253364756,-0.003821895547615616,0.032
raceline_xy,20260415_212047_eb9da4db,760,24.352000000000018,287.6444614002806,-72.68808580008638,17.692628134978442,-0.004985864689759367,17.69262883749833,0.737192868229097,-0.2626203730381169,-0.00409804754922287,0.033562508727620455,0.16781254363810227,0.011440705046003252,0.0006437722196057649,1.5372796348012565,0.015372796348012564,0.23378803249268376,20.91653005427767,0.8715220855949029,20.91653005427767,0.8715220855949029,20.91653005427767,0.8715220855949029,0.030307365247518092,10.0,0.007803696193889393,0.7474386229373492,0.0,0.0,0.3286545828550636,0.0,3286.545828550636,-0.00396144706509486,0.032
raceline_xy,20260415_212047_eb9da4db,761,24.384000000000018,288.1912016134403,-72.83531216106034,17.69424604519487,-0.005103569029495603,17.694246781208605,0.7372602825503586,-0.262752470247797,-0.00412721650559445,0.033629566775413636,0.16814783387706816,0.011550033605317367,0.0006313417177707947,1.3576492742021158,0.013576492742021157,0.2341781990570213,20.91653005427767,0.8715220855949029,20.91653005427767,0.8715220855949029,20.91653005427767,0.8715220855949029,0.030668474170632898,10.0,0.007803696193889393,0.7444293819113925,0.0,0.0,0.3285004366243761,0.0,3285.004366243761,-0.003766035489679513,0.032
raceline_xy,20260415_212047_eb9da4db,762,24.416000000000018,288.73797001160847,-72.98263051418485,17.69584415855465,-0.005253914459802722,17.695844938500954,0.7373268724375398,-0.2628879240957782,-0.0042319874543959414,0.005719508145903914,0.028597540729519567,0.011688398440540482,0.0006402235722480221,1.1780139462332528,0.011780139462332528,0.23464639881616856,20.91653005427767,0.8715220855949029,20.91653005427767,0.8715220855949029,20.91653005427767,0.8715220855949029,0.031107116503999777,10.0,0.007803696193889393,0.7407740291333352,0.0,0.0,0.3283484023080355,0.0,3283.484023080355,-0.003864533064140747,0.032
raceline_xy,20260415_212047_eb9da4db,763,24.448000000000018,289.28476928686746,-73.13002865724984,17.697424719026166,-0.005045881689462739,17.697425438365897,0.737392726598579,-0.26302156226696694,-0.004175409995198826,0.034688652146064904,0.1734432607303245,0.011832566068099126,0.0006517237168348622,0.9983737648760436,0.009983737648760435,0.23511459938983045,20.91653005427767,0.8715220855949029,20.91653005427767,0.8715220855949029,20.91653005427767,0.8715220855949029,0.031551606054124104,10.0,0.007803696193889393,0.7370699495489658,0.0,0.0,0.3281974507674707,0.0,3281.9745076747067,-0.004005331312215256,0.032
raceline_xy,20260415_212047_eb9da4db,764,24.480000000000018,289.8315962155092,-73.27751624761535,17.69898677522215,-0.005143730697157345,17.698987522665075,0.7374578134443781,-0.263155839140671,-0.004195344060932983,0.03269194372050565,0.16345971860252823,0.011949593058766972,0.0006390084276142183,0.818728753529923,0.00818728753529923,0.23550476635396653,20.91653005427767,0.8715220855949029,20.91653005427767,0.8715220855949029,20.91653005427767,0.8715220855949029,0.03192648266208664,10.0,0.007803696193889393,0.7339459778159446,0.0,0.0,0.3280485592861539,0.0,3280.485592861539,-0.00382079166894127,0.032
raceline_xy,20260415_212047_eb9da4db,765,24.512000000000018,290.3784492790796,-73.42509657096397,17.700530099703677,-0.00529724497378492,17.700530892358007,0.737522120514917,-0.2632932461010573,-0.004293041534387542,0.005967983041047219,0.029839915205236094,0.012097284191152191,0.0006482111676242575,0.6390789512338682,0.006390789512338682,0.23597296648068886,20.91653005427767,0.8715220855949029,20.91653005427767,0.8715220855949029,20.91653005427767,0.8715220855949029,0.032381658202679464,10.0,0.007803696193889393,0.7301528483110045,0.0,0.0,0.3279016140010052,0.0,3279.016140010052,-0.003929400173405161,0.032
raceline_xy,20260415_212047_eb9da4db,766,24.54400000000002,290.9253310953867,-73.57275779933371,17.70205652784548,-0.0051037303704726256,17.70205726358099,0.7375857193158746,-0.26342886966437895,-0.004237470506902648,0.035371542347058416,0.17685771173529208,0.012250879115040192,0.0006599997492267029,0.45942445712539615,0.004594244571253962,0.23644116634161366,20.91653005427767,0.8715220855949029,20.91653005427767,0.8715220855949029,20.91653005427767,0.8715220855949029,0.0328426766303882,10.0,0.007803696193889393,0.7263110280800983,0.0,0.0,0.32775581527178893,0.0,3277.5581527178892,-0.004068091382357071,0.032
raceline_xy,20260415_212047_eb9da4db,767,24.57600000000002,291.47223843010084,-73.72050963617934,17.70356465056938,-0.005213018680553461,17.703565418086086,0.7376485590869203,-0.2635653900249353,-0.0042654575284517895,0.03219507225301789,0.16097536126508943,0.01237589370019121,0.0006469357501268647,0.3081183887463342,0.003081183887463342,0.23683133267828077,20.91653005427767,0.8715220855949029,20.91653005427767,0.8715220855949029,20.91653005427767,0.8715220855949029,0.03323129412999126,10.0,0.007803696193889393,0.7230725489167394,0.0,0.0,0.0,0.0,-4500.0,-0.0038712524081423853,0.032
raceline_xy,20260415_212047_eb9da4db,768,24.60800000000002,292.01496734384807,-73.86721664587218,17.568992805897242,-0.004875862211084048,17.568993482487873,0.7320413951036614,-0.2637265822342596,-0.0049986149672072355,0.008511676716947148,0.04255838358473574,0.012510722670624475,0.0006346267782308956,0.15854624652387053,0.0015854624652387054,0.2372995330801679,20.91653005427767,0.8715220855949029,20.91653005427767,0.8715220855949029,20.91653005427767,0.8715220855949029,0.03370298665160387,10.0,0.007803696193889393,0.719141777903301,0.0,0.0,0.0,0.0,-4500.0,-0.003181864017550196,0.032
raceline_xy,20260415_212047_eb9da4db,769,24.64000000000002,292.5535004183831,-74.01286691326308,17.43379876066707,-0.004185439443840089,17.433799263079177,0.726408302628299,-0.26389805157681767,-0.005286404986723595,0.04857244093350166,0.2428622046675083,0.012638617448672562,0.0006128430258378614,0.010716048431225422,0.00010716048431225422,0.23776773359668368,20.91653005427767,0.8715220855949029,20.91653005427767,0.8715220855949029,20.91653005427767,0.8715220855949029,0.034180533360750776,10.0,0.007803696193889393,0.7151622219937436,0.0,0.0,0.0,0.0,-4500.0,-0.002798217360397381,0.032
raceline_xy,20260415_212047_eb9da4db,770,24.67200000000002,293.08785708357755,-74.15744671464627,17.299079169544623,-0.0031212902886359473,17.299079451133395,0.7207949771305581,-0.264060711697653,-0.004983564006097178,0.008075947048794037,0.04037973524397018,0.012745872975152839,0.000575533923494298,0.0,0.0,0.23815790044783086,20.91653005427767,0.8715220855949029,20.91653005427767,0.8715220855949029,20.91653005427767,0.8715220855949029,0.034582937805003766,10.0,0.007803696193889393,0.7118088516249687,0.0,0.0,0.0,0.0,-4500.0,-0.0029437237473359276,0.032
raceline_xy,20260415_212047_eb9da4db,771,24.70400000000002,293.61805039906454,-74.30096686463376,17.164841870103402,-0.0025851176460554015,17.164842064769722,0.7152017526987384,-0.2642079621691815,-0.004480352060058605,0.04571708427965539,0.22858542139827692,0.012904613883939042,0.0005794401419025874,0.0,0.0,0.23862610036179144,20.91653005427767,0.8715220855949029,20.91653005427767,0.8715220855949029,20.91653005427767,0.8715220855949029,0.03507116951353595,10.0,0.007803696193889393,0.7077402540538671,0.0,0.0,0.0,0.0,-4500.0,-0.0037137196027811413,0.032
raceline_xy,20260415_212047_eb9da4db,772,24.73600000000002,294.14409026145245,-74.44344961093503,17.03108494598346,-0.0028482337020907522,17.031085184149003,0.7096285493395418,-0.2643452617441593,-0.004153451138442706,0.006147754896506431,0.030738774482532153,0.013042582058785168,0.0005687171608541597,0.0,0.0,0.23901626669105472,20.91653005427767,0.8715220855949029,20.91653005427767,0.8715220855949029,20.91653005427767,0.8715220855949029,0.03548248679185839,10.0,0.007803696193889393,0.7043126100678467,0.0,0.0,0.0,0.0,-4500.0,-0.0038291265423983888,0.032
raceline_xy,20260415_212047_eb9da4db,773,24.76800000000002,294.66598457109046,-74.58492376844713,16.897802137407048,-0.003842257298336982,16.897802574237257,0.7040751072598858,-0.2644890969625999,-0.004346885364566256,0.040925943401626697,0.20462971700813348,0.013175933451626598,0.0005520154811082811,0.0,0.0,0.23940643314561189,20.91653005427767,0.8715220855949029,20.91653005427767,0.8715220855949029,20.91653005427767,0.8715220855949029,0.03589783965691984,10.0,0.007803696193889393,0.7008513361923346,0.0,0.0,0.0,0.0,-4500.0,-0.0034537405363529185,0.032
raceline_xy,20260415_212047_eb9da4db,774,24.80000000000002,295.18375353188645,-74.72537215516809,16.764988949668595,-0.004088622553901189,16.764989448232424,0.6985412270096844,-0.2646390529928144,-0.004532905960456199,0.02384566295872213,0.11922831479361064,0.013340183150202467,0.0005553549348511488,0.0,0.0,0.23987463396619116,20.91653005427767,0.8715220855949029,20.91653005427767,0.8715220855949029,20.91653005427767,0.8715220855949029,0.03640163427954457,10.0,0.007803696193889393,0.6966530476704619,0.0,0.0,0.0,0.0,-4500.0,-0.003361494394299168,0.032
raceline_xy,20260415_212047_eb9da4db,775,24.83200000000002,295.69741769499683,-74.86477564866323,16.63263965973761,-0.003678667680233616,16.63264006654603,0.6930266694394179,-0.26478608283085947,-0.0044415756128932055,0.011106707682707979,0.05553353841353989,0.013475603037103934,0.0005366838547917752,0.0,0.0,0.24026480101881464,20.91653005427767,0.8715220855949029,20.91653005427767,0.8715220855949029,20.91653005427767,0.8715220855949029,0.03682594206298928,10.0,0.007803696193889393,0.6931171494750893,0.0,0.0,0.0,0.0,-4500.0,-0.003268852930698396,0.032
raceline_xy,20260415_212047_eb9da4db,776,24.86400000000002,296.2069895234651,-75.0031436644133,16.500743528187403,-0.0035431111816350835,16.500743908583495,0.6875309961909789,-0.2649298708468075,-0.00434473042077372,0.03778725168608238,0.1889362584304119,0.013616732791367436,0.0005218117635150676,0.0,0.0,0.24065496778941134,20.91653005427767,0.8715220855949029,20.91653005427767,0.8715220855949029,20.91653005427767,0.8715220855949029,0.03725427744275267,10.0,0.007803696193889393,0.6895476879770611,0.0,0.0,0.0,0.0,-4500.0,-0.00336055912838518,0.032
raceline_xy,20260415_212047_eb9da4db,777,24.89600000000002,296.71248267593717,-75.14047981439461,16.3692891872447,-0.0035021289364056685,16.36928956187633,0.6820537317448471,-0.2650700219355713,-0.0042391744119090885,0.039367527785273033,0.19683763892636516,0.013800079539355359,0.0005370949817526949,0.0,0.0,0.241123167527136,20.91653005427767,0.8715220855949029,20.91653005427767,0.8715220855949029,20.91653005427767,0.8715220855949029,0.03777365258706089,10.0,0.007803696193889393,0.6852195617744926,0.0,0.0,0.0,0.0,-4500.0,-0.0036771834920181676,0.032
raceline_xy,20260415_212047_eb9da4db,778,24.92800000000002,297.2139089027044,-75.27679309841923,16.23826323486177,-0.0036846025881462907,16.238263652895885,0.6765943188706619,-0.2652094682382762,-0.004227936428430538,0.02020125008168072,0.10100625040840361,0.013950842909451477,0.0005277900582538742,0.0,0.0,0.24151333364058697,20.91653005427767,0.8715220855949029,20.91653005427767,0.8715220855949029,20.91653005427767,0.8715220855949029,0.03821090745871025,10.0,0.007803696193889393,0.6815757711774145,0.0,0.0,0.0,0.0,-4500.0,-0.0034515176922914714,0.032
raceline_xy,20260415_212047_eb9da4db,779,24.96000000000002,297.71127854882155,-75.41209574811081,16.107649888650236,-0.004088051337605592,16.107650407415033,0.6711521003089597,-0.2653551009014752,-0.00443372424397649,0.007223345806929688,0.03611672903464844,0.014097649850627114,0.000512856158114694,0.0,0.0,0.24190350060437957,20.91653005427767,0.8715220855949029,20.91653005427767,0.8715220855949029,20.91653005427767,0.8715220855949029,0.038652219861142534,10.0,0.007803696193889393,0.6778981678238122,0.0,0.0,0.0,0.0,-4500.0,-0.003136698669093219,0.032
raceline_xy,20260415_212047_eb9da4db,780,24.99200000000002,298.2046090476146,-75.54637220022057,15.977435098655981,-0.003901252240997799,15.97743557494547,0.6657264822893946,-0.2655017369469297,-0.004478862832473845,0.009721755138911345,0.04860877569455672,0.014245968476684467,0.0004974762301075408,0.0,0.0,0.2422936679535868,20.91653005427767,0.8715220855949029,20.91653005427767,0.8715220855949029,20.91653005427767,0.8715220855949029,0.03909760794409456,10.0,0.007803696193889393,0.6741866004658786,0.0,0.0,0.0,0.0,-4500.0,-0.0030667720870056325,0.032
raceline_xy,20260415_212047_eb9da4db,781,25.02400000000002,298.6939144634151,-75.67961727183418,15.847602158696315,-0.003553031371012594,15.84760255699101,0.6603167732079588,-0.26564382584702884,-0.004351264130943745,0.015907159225330782,0.0795357961266539,0.01440146232993067,0.00048720076493635744,0.0,0.0,0.24268383498010712,20.91653005427767,0.8715220855949029,20.91653005427767,0.8715220855949029,20.91653005427767,0.8715220855949029,0.03954706888351911,10.0,0.007803696193889393,0.6704410926373408,0.0,0.0,0.0,0.0,-4500.0,-0.0032232999086196216,0.032
raceline_xy,20260415_212047_eb9da4db,782,25.05600000000002,299.179204360744,-75.81184007044128,15.718132584467858,-0.0035021752656416716,15.718132974629711,0.654922207276238,-0.26578181993670835,-0.004237759567071245,0.018707498121498915,0.09353749060749457,0.01456353694226964,0.0004815774610151813,0.0,0.0,0.24307400168180884,20.91653005427767,0.8715220855949029,20.91653005427767,0.8715220855949029,20.91653005427767,0.8715220855949029,0.04000056244295491,10.0,0.007803696193889393,0.6666619796420424,0.0,0.0,0.0,0.0,-4500.0,-0.0033406577288754716,0.032
raceline_xy,20260415_212047_eb9da4db,783,25.08800000000002,299.6604870392893,-75.94305203009932,15.589007452223779,-0.003756007713576537,15.589007904709089,0.6495419960295453,-0.26592030400518674,-0.004266809364370383,0.017632888722164487,0.08816444361082243,0.014727483206854242,0.0004760206357135033,0.0,0.0,0.24346416805664553,20.91653005427767,0.8715220855949029,20.91653005427767,0.8715220855949029,20.91653005427767,0.8715220855949029,0.04045813649273544,10.0,0.007803696193889393,0.662848862560538,0.0,0.0,0.0,0.0,-4500.0,-0.0032577747111487898,0.032
raceline_xy,20260415_212047_eb9da4db,784,25.12000000000002,300.13777264042386,-76.07325554383563,15.4602081368179,-0.0039840449733046235,15.46020865015556,0.6441753604231483,-0.26606204689792623,-0.0043812413361148965,0.012809909831008924,0.06404954915504461,0.01489051814744613,0.00046776079619137434,0.0,0.0,0.24385433410265683,20.91653005427767,0.8715220855949029,20.91653005427767,0.8715220855949029,20.91653005427767,0.8715220855949029,0.0409198763843186,10.0,0.007803696193889393,0.6590010301306783,0.0,0.0,0.0,0.0,-4500.0,-0.0030678384753672562,0.032
raceline_xy,20260415_212047_eb9da4db,785,25.15200000000002,300.6110728510199,-76.20244510698522,15.331716305304646,-0.003961481278156764,15.33171681709776,0.63882153404574,-0.2662054252761541,-0.004443599548368455,0.006279537633807943,0.03139768816903971,0.0150543736199924,0.0004584208942732815,0.0,0.0,0.24424450112753937,20.91653005427767,0.8715220855949029,20.91653005427767,0.8715220855949029,20.91653005427767,0.8715220855949029,0.041387330925257704,10.0,0.007803696193889393,0.6551055756228524,0.0,0.0,0.0,0.0,-4500.0,-0.002956551774647924,0.032
raceline_xy,20260415_212047_eb9da4db,786,25.18400000000002,301.0803983856505,-76.33061653391549,15.203513377073937,-0.0037864353265355533,15.20351384857983,0.6334797436908263,-0.2663471598552203,-0.004402024049192599,0.01295514677851086,0.0647757338925543,0.015222412977996314,0.0004512798939368956,0.0,0.0,0.24463466865980313,20.91653005427767,0.8715220855949029,20.91653005427767,0.8715220855949029,20.91653005427767,0.8715220855949029,0.04186293523628226,10.0,0.007803696193889393,0.6511422063643145,0.0,0.0,0.0,0.0,-4500.0,-0.002981365966660929,0.032
raceline_xy,20260415_212047_eb9da4db,787,25.21600000000002,301.54575750595524,-76.45777235927477,15.07558062173182,-0.0036975262270257936,15.075581075170408,0.6281492114654337,-0.26648615005926946,-0.004324501328241654,0.029668793999066523,0.14834396999533261,0.015395707334512121,0.0004474383369812429,0.0,0.0,0.2450248358112807,20.91653005427767,0.8715220855949029,20.91653005427767,0.8715220855949029,20.91653005427767,0.8715220855949029,0.042349114932952237,10.0,0.007803696193889393,0.6470907088920647,0.0,0.0,0.0,0.0,-4500.0,-0.003041764077652193,0.032
raceline_xy,20260415_212047_eb9da4db,788,25.24800000000002,302.0071569102007,-76.5839186276563,14.947899827623736,-0.003787015634018065,14.947900307339527,0.6228291794724803,-0.26662408540782145,-0.004298166838426405,0.04960759378797599,0.24803796893987992,0.015531636061481002,0.00041802214108166424,0.0,0.0,0.2453369692376938,20.91653005427767,0.8715220855949029,20.91653005427767,0.8715220855949029,20.91653005427767,0.8715220855949029,0.04274699271393212,10.0,0.007803696193889393,0.6437750607172323,0.0,0.0,0.0,0.0,-4500.0,-0.0027721057068767836,0.032
raceline_xy,20260415_212047_eb9da4db,789,25.28000000000002,302.4646034793922,-76.7090585765508,14.82045344796433,-0.003933544249006271,14.820453969971641,0.6175189154154851,-0.2667633090441486,-0.0043434875955905726,0.024231560572728024,0.12115780286364011,0.015709102132394293,0.000414948999465814,0.0,0.0,0.24572713562656462,20.91653005427767,0.8715220855949029,20.91653005427767,0.8715220855949029,20.91653005427767,0.8715220855949029,0.043255879973929545,10.0,0.007803696193889393,0.6395343335505871,0.0,0.0,0.0,0.0,-4500.0,-0.002893860346654448,0.032
raceline_xy,20260415_212047_eb9da4db,790,25.31200000000002,302.9181076104194,-76.833180767783,14.693226513361694,-0.0037364413221321335,14.693226988444328,0.6122177911851804,-0.2668990372208411,-0.004237941524300003,0.008430173618385486,0.042150868091927425,0.015892758671750773,0.0004159305735780272,0.0,0.0,0.24611730154903588,20.91653005427767,0.8715220855949029,20.91653005427767,0.8715220855949029,20.91653005427767,0.8715220855949029,0.043777693754343705,10.0,0.007803696193889393,0.6351858853804692,0.0,0.0,0.0,0.0,-4500.0,-0.0029992019833411025,0.032
raceline_xy,20260415_212047_eb9da4db,791,25.34400000000002,303.36767293832963,-76.95629647032061,14.566202293565,-0.0038845644685405745,14.566202811539437,0.6069251171474765,-0.26703469742294583,-0.004238274830413735,0.04049357819716498,0.2024678909858249,0.016079066724758118,0.00041754160731199974,0.0,0.0,0.24650746794484732,20.91653005427767,0.8715220855949029,20.91653005427767,0.8715220855949029,20.91653005427767,0.8715220855949029,0.04431684166146699,10.0,0.007803696193889393,0.6306929861544418,0.0,0.0,0.0,0.0,-4500.0,-0.0029424938141691197,0.032
raceline_xy,20260415_212047_eb9da4db,792,25.37600000000002,303.8133047513186,-77.07840913994382,14.439366301363668,-0.004089003499711197,14.439366880334688,0.601640286680612,-0.2671730365503473,-0.0043233950139296914,0.022644377146763647,0.11322188573381822,0.016222638608194728,0.00038942467472580233,0.0,0.0,0.2468196019415551,20.91653005427767,0.8715220855949029,20.91653005427767,0.8715220855949029,20.91653005427767,0.8715220855949029,0.0447669871972618,10.0,0.007803696193889393,0.6269417733561516,0.0,0.0,0.0,0.0,-4500.0,-0.0024969265026006447,0.032
raceline_xy,20260415_212047_eb9da4db,793,25.40800000000002,304.25501008858595,-77.19951427611848,14.312705669212265,-0.0041041693740924146,14.312706257647683,0.5963627607353201,-0.26731351469925224,-0.004390825512337603,0.020714975288767996,0.10357487644383997,0.016408944899756417,0.000387230531699867,0.0,0.0,0.24720976904971909,20.91653005427767,0.8715220855949029,20.91653005427767,0.8715220855949029,20.91653005427767,0.8715220855949029,0.04536135976532574,10.0,0.007803696193889393,0.6219886686222855,0.0,0.0,0.0,0.0,-4500.0,-0.0026101220504421174,0.032
raceline_xy,20260415_212047_eb9da4db,794,25.44000000000002,304.69279883151233,-77.31959581829831,14.186210482541771,-0.0036766187062453604,14.186210958973616,0.5910921232905674,-0.2674478352909828,-0.004198415753107003,0.034385272330905284,0.1719263616545264,0.01656082771155276,0.0003639421342613858,0.0,0.0,0.2475219024682905,20.91653005427767,0.8715220855949029,20.91653005427767,0.8715220855949029,20.91653005427767,0.8715220855949029,0.04586809711893114,10.0,0.007803696193889393,0.6177658573422405,0.0,0.0,0.0,0.0,-4500.0,-0.002541764874219721,0.032
raceline_xy,20260415_212047_eb9da4db,795,25.47200000000002,305.12667200106443,-77.43866857723802,14.059868576533384,-0.0037542226865387995,14.059869077753849,0.5858278782397437,-0.2675797914641178,-0.004124175632784093,0.016907030664840863,0.0845351533242043,0.016761095180516605,0.000371277853131069,0.0,0.0,0.2479120689634539,20.91653005427767,0.8715220855949029,20.91653005427767,0.8715220855949029,20.91653005427767,0.8715220855949029,0.04654437511868359,10.0,0.007803696193889393,0.6121302073443035,0.0,0.0,0.0,0.0,-4500.0,-0.002830797906019647,0.032
raceline_xy,20260415_212047_eb9da4db,796,25.50400000000002,305.5566350472993,-77.55673019734401,13.933671705677089,-0.003784965832491327,13.933672219754296,0.5805696758230957,-0.26770917555634766,-0.004043234534460482,0.03024276554079682,0.1512138277039841,0.01692253244442732,0.0003537234606683093,0.0,0.0,0.24822420197946296,20.91653005427767,0.8715220855949029,20.91653005427767,0.8715220855949029,20.91653005427767,0.8715220855949029,0.047119786092586935,10.0,0.007803696193889393,0.6073351158951089,0.0,0.0,0.0,0.0,-4500.0,-0.0025808897701915683,0.032
raceline_xy,20260415_212047_eb9da4db,797,25.53600000000002,305.98268919677156,-77.67379260338534,13.807610680986308,-0.004141795231892509,13.80761130218239,0.575317137590933,-0.2678426000215155,-0.004168902715794707,0.028759726354562712,0.14379863177281355,0.017127394776081495,0.00036057466937000626,0.0,0.0,0.24861436808135873,20.91653005427767,0.8715220855949029,20.91653005427767,0.8715220855949029,20.91653005427767,0.8715220855949029,0.04788216264873579,10.0,0.007803696193889393,0.6009819779272018,0.0,0.0,0.0,0.0,-4500.0,-0.002605459142234188,0.032
raceline_xy,20260415_212047_eb9da4db,798,25.56800000000002,306.40484303641585,-77.78984037415569,13.681681162858341,-0.004004197865307368,13.681681748809732,0.5700700728670721,-0.2679754618242445,-0.004150811065085708,0.010682246304650823,0.05341123152325411,0.017290710027509704,0.00034031987330962465,0.0,0.0,0.24892650237509653,20.91653005427767,0.8715220855949029,20.91653005427767,0.8715220855949029,20.91653005427767,0.8715220855949029,0.0485277291785251,10.0,0.007803696193889393,0.5956022568456242,0.0,0.0,0.0,0.0,-4500.0,-0.002276101890019805,0.032
raceline_xy,20260415_212047_eb9da4db,799,25.60000000000002,306.8230994902352,-77.9048780165305,13.555877276412955,-0.004004536786417656,13.555877867902321,0.56482824449593,-0.26810884947984714,-0.004166936251553758,0.043570760653169,0.21785380326584497,0.017456195481273085,0.00031988103940472357,0.0,0.0,0.24923863712139258,20.91653005427767,0.8715220855949029,20.91653005427767,0.8715220855949029,20.91653005427767,0.8715220855949029,0.04920636150710678,10.0,0.007803696193889393,0.5899469874407769,0.0,0.0,0.0,0.0,-4500.0,-0.002166052142106917,0.032
raceline_xy,20260415_212047_eb9da4db,800,25.63200000000002,307.2374657709971,-78.01889415710048,13.430196757431558,-0.003699828560187246,13.430197267056672,0.559591552794028,-0.2682374837333841,-0.004018321744926504,0.02729851281410058,0.1364925640705029,0.01767691668120852,0.0003329135410563566,0.0,0.0,0.24962880511309463,20.91653005427767,0.8715220855949029,20.91653005427767,0.8715220855949029,20.91653005427767,0.8715220855949029,0.05010304879237104,10.0,0.007803696193889393,0.582474593396908,0.0,0.0,0.0,0.0,-4500.0,-0.0025980299504398527,0.032
raceline_xy,20260415_212047_eb9da4db,801,25.66400000000002,307.6479451634154,-78.13189143230001,13.304637184086857,-0.003560188510741469,13.304637660422356,0.5543599025175981,-0.2683600665196897,-0.003829398079667137,0.004666812530562389,0.023334062652811946,0.017860116753682487,0.0003240514730453725,0.0,0.0,0.24994093898714545,20.91653005427767,0.8715220855949029,20.91653005427767,0.8715220855949029,20.91653005427767,0.8715220855949029,0.050860468896189115,10.0,0.007803696193889393,0.5761627591984241,0.0,0.0,0.0,0.0,-4500.0,-0.0024825733746726172,0.032
raceline_xy,20260415_212047_eb9da4db,802,25.69600000000002,308.05453602093246,-78.24389003727143,13.179195593340037,-0.004027803968298382,13.179196208825417,0.5491331753677257,-0.26848611428008784,-0.003938173594160989,0.02108034935832828,0.10540174679164138,0.018042887478132208,0.00031208071427490935,0.0,0.0,0.25025307225173804,20.91653005427767,0.8715220855949029,20.91653005427767,0.8715220855949029,20.91653005427767,0.8715220855949029,0.05165401114889834,10.0,0.007803696193889393,0.5695499070925139,0.0,0.0,0.0,0.0,-4500.0,-0.0022407504476111098,0.032
raceline_xy,20260415_212047_eb9da4db,803,25.72800000000002,308.45724564099976,-78.35487780844618,13.053873330987921,-0.004072485449530205,13.053873966245247,0.5439114152602186,-0.26861427288655904,-0.004004946049856975,0.038595868547862885,0.1929793427393144,0.01822697544162466,0.0002983703586831865,0.0,0.0,0.2505652047704356,20.91653005427767,0.8715220855949029,20.91653005427767,0.8715220855949029,20.91653005427767,0.8715220855949029,0.05248368200591713,10.0,0.007803696193889393,0.5626359832840239,0.0,0.0,0.0,0.0,-4500.0,-0.002090571440126235,0.032
raceline_xy,20260415_212047_eb9da4db,804,25.76000000000002,308.85608065968154,-78.46484519952573,12.928672013391655,-0.0038349146624745423,12.928672582149611,0.5386946909229005,-0.26874024242461036,-0.003937587168786067,0.04807559301744053,0.24037796508720263,0.018467977066723762,0.0003160057473525768,0.0,0.0,0.25095536916209715,20.91653005427767,0.8715220855949029,20.91653005427767,0.8715220855949029,20.91653005427767,0.8715220855949029,0.05357142184348174,10.0,0.007803696193889393,0.5535714846376522,0.0,0.0,0.0,0.0,-4500.0,-0.0024708820070920177,0.032
raceline_xy,20260415_212047_eb9da4db,805,25.79200000000002,309.25104528017744,-78.5737917781986,12.803593870064955,-0.0036420703138237975,12.803594388070916,0.5334830995029548,-0.2688614399215128,-0.0037896666951255913,0.038373161475068314,0.19186580737534156,0.018667717288864516,0.00031014522192673866,0.0,0.0,0.251267501456599,20.91653005427767,0.8715220855949029,20.91653005427767,0.8715220855949029,20.91653005427767,0.8715220855949029,0.05448218513816716,10.0,0.007803696193889393,0.5459817905152736,0.0,0.0,0.0,0.0,-4500.0,-0.0022993551021553006,0.032
raceline_xy,20260415_212047_eb9da4db,806,25.82400000000002,309.642138489188,-78.6817361762287,12.678640089054818,-0.004008833047681737,12.678640722827128,0.5282766967844637,-0.26898582645239255,-0.003890652440008022,0.03265746997744346,0.1632873498872173,0.018868165396976888,0.000301504256097207,0.0,0.0,0.25157963383655707,20.91653005427767,0.8715220855949029,20.91653005427767,0.8715220855949029,20.91653005427767,0.8715220855949029,0.05542904188847908,10.0,0.007803696193889393,0.5380913175960077,0.0,0.0,0.0,0.0,-4500.0,-0.002091437001514127,0.032
raceline_xy,20260415_212047_eb9da4db,807,25.85600000000002,310.02936786203156,-78.78866646803593,12.553815726629757,-0.003973932715875428,12.55381635560748,0.523075681483645,-0.2691110531470158,-0.003918343223190833,0.030911119814963816,0.15455559907481908,0.019072045041975016,0.00029243114477317533,0.0,0.0,0.25189176586465367,20.91653005427767,0.8715220855949029,20.91653005427767,0.8715220855949029,20.91653005427767,0.8715220855949029,0.056412002092741,10.0,0.007803696193889393,0.5298999825604916,0.0,0.0,0.0,0.0,-4500.0,-0.0020136132585921464,0.032
raceline_xy,20260415_212047_eb9da4db,808,25.88800000000002,310.41273964948584,-78.89457608112043,12.429125212509682,-0.0037551104341377872,12.429125779760145,0.5178802408233394,-0.2692334827600318,-0.0038323618899301156,0.033128887913695886,0.1656444395684794,0.019283256169916996,0.0002865454573135473,0.0,0.0,0.25220389798168746,20.91653005427767,0.8715220855949029,20.91653005427767,0.8715220855949029,20.91653005427767,0.8715220855949029,0.05743102678413514,10.0,0.007803696193889393,0.5214081101322071,0.0,0.0,0.0,0.0,-4500.0,-0.0020964964816266403,0.032
raceline_xy,20260415_212047_eb9da4db,809,25.92000000000002,310.792257908435,-78.99946692893532,12.304572940166594,-0.003635720654874941,12.304573477302846,0.5126905615542853,-0.26935225532789486,-0.0037194022015470483,0.03932040395842596,0.1966020197921298,0.019502804943079433,0.000284516278264757,0.0,0.0,0.2525160306285011,20.91653005427767,0.8715220855949029,20.91653005427767,0.8715220855949029,20.91653005427767,0.8715220855949029,0.05848629181970111,10.0,0.007803696193889393,0.5126142348358241,0.0,0.0,0.0,0.0,-4500.0,-0.0022124774147668056,0.032
raceline_xy,20260415_212047_eb9da4db,810,25.95200000000002,311.167925688084,-79.10334514914739,12.180163722312127,-0.0037218274046377786,12.18016429094155,0.5075068454558979,-0.26946968168729635,-0.003678501121423505,0.04949635209836358,0.2474817604918179,0.019728494520764084,0.0002837274240659049,0.0,0.0,0.25282816424598187,20.91653005427767,0.8715220855949029,20.91653005427767,0.8715220855949029,20.91653005427767,0.8715220855949029,0.059578173861874806,10.0,0.007803696193889393,0.5035152178177099,0.0,0.0,0.0,0.0,-4500.0,-0.0022314376410538126,0.032
raceline_xy,20260415_212047_eb9da4db,811,25.98400000000002,311.53974690635914,-79.20621438417872,12.055903030135779,-0.003897179600395262,12.055903660035023,0.502329319168126,-0.2695885246345302,-0.003723765541365229,0.036554378180444234,0.18277189090222115,0.019899041247544602,0.0002521076083037421,0.0,0.0,0.253062265361339,20.91653005427767,0.8715220855949029,20.91653005427767,0.8715220855949029,20.91653005427767,0.8715220855949029,0.06042126603311093,10.0,0.007803696193889393,0.49648944972407555,0.0,0.0,0.0,0.0,-4500.0,-0.0017140792139309032,0.032
raceline_xy,20260415_212047_eb9da4db,812,26.01600000000002,311.9077271172185,-79.30807304151064,11.931796590352198,-0.0039769236754536585,11.931797253115821,0.49715821887982586,-0.26970995988099933,-0.003805583614266498,0.018496704211385943,0.09248352105692971,0.020129482193559145,0.0002463825124410235,0.0,0.0,0.25337440173850556,20.91653005427767,0.8715220855949029,20.91653005427767,0.8715220855949029,20.91653005427767,0.8715220855949029,0.061577754463260526,10.0,0.007803696193889393,0.4868520461394956,0.0,0.0,0.0,0.0,-4500.0,-0.0019853451990009935,0.032
raceline_xy,20260415_212047_eb9da4db,813,26.04800000000002,312.271876928037,-79.40890220770254,11.807852258862672,-0.003505651309029467,11.807852779261749,0.49199386580257287,-0.2698248856738328,-0.003602774549108896,0.004825665102703755,0.024128325513518775,0.020371993206798944,0.00024624923852645253,0.0,0.0,0.25368652462831626,20.91653005427767,0.8715220855949029,20.91653005427767,0.8715220855949029,20.91653005427767,0.8715220855949029,0.06277164769156052,10.0,0.007803696193889393,0.47690293590366234,0.0,0.0,0.0,0.0,-4500.0,-0.002269055010248432,0.032
raceline_xy,20260415_212047_eb9da4db,814,26.08000000000002,312.63219677456357,-79.50872024392577,11.684074109219043,-0.0036339593094085743,11.684074674332711,0.48683644476386295,-0.26993795296813783,-0.003544954176011365,0.03007360981734107,0.15036804908670534,0.02062180845654593,0.0002469934355389114,0.0,0.0,0.2539986487166326,20.91653005427767,0.8715220855949029,20.91653005427767,0.8715220855949029,20.91653005427767,0.8715220855949029,0.0640030036160475,10.0,0.007803696193889393,0.46664163653293755,0.0,0.0,0.0,0.0,-4500.0,-0.0023287838539660937,0.032
raceline_xy,20260415_212047_eb9da4db,815,26.11200000000002,312.98868974031586,-79.60753658091521,11.56046764770579,-0.0040027303953507065,11.560468340664356,0.48168618086101483,-0.27005498635217506,-0.0036688760354918032,0.04008971737976959,0.20044858689884792,0.02080941680464532,0.00021467473132519288,0.0,0.0,0.2542327438257907,20.91653005427767,0.8715220855949029,20.91653005427767,0.8715220855949029,20.91653005427767,0.8715220855949029,0.06495110150084926,10.0,0.007803696193889393,0.4587408208262561,0.0,0.0,0.0,0.0,-4500.0,-0.0016543597142383085,0.032
raceline_xy,20260415_212047_eb9da4db,816,26.14400000000002,313.34136259362134,-79.70534803183541,11.4370387165531,-0.004181401548701391,11.437039480916969,0.4765433117048737,-0.27017784332441863,-0.0038506384774890075,0.006480073900227976,0.03240036950113988,0.02105913887472921,0.00020393789685879682,0.0,0.0,0.25454487375259505,20.91653005427767,0.8715220855949029,20.91653005427767,0.8715220855949029,20.91653005427767,0.8715220855949029,0.06624788542248972,10.0,0.007803696193889393,0.447934288145919,0.0,0.0,0.0,0.0,-4500.0,-0.0018731740744251163,0.032
raceline_xy,20260415_212047_eb9da4db,817,26.17600000000002,313.69022854503277,-79.80212917435519,11.313795689450728,-0.003584527288496897,11.313796257290026,0.4714081773870844,-0.27029451646662794,-0.003657045349149944,0.032006232293003256,0.16003116146501628,0.021321233016615704,0.00019885233248118084,0.0,0.0,0.2548570076853575,20.91653005427767,0.8715220855949029,20.91653005427767,0.8715220855949029,20.91653005427767,0.8715220855949029,0.06758152567567732,10.0,0.007803696193889393,0.4368206193693556,0.0,0.0,0.0,0.0,-4500.0,-0.0021712234405005288,0.032
raceline_xy,20260415_212047_eb9da4db,818,26.20800000000002,314.0352888637783,-79.8978981058597,11.190741963204077,-0.0035870710721468413,11.190742538102445,0.4662809390876019,-0.2704079491791722,-0.0035551058810993296,0.026270457855622514,0.13135228927811257,0.021524882240437915,0.00016917764156731963,0.0,0.0,0.2550911110567491,20.91653005427767,0.8715220855949029,20.91653005427767,0.8715220855949029,20.91653005427767,0.8715220855949029,0.06860560012610861,10.0,0.007803696193889393,0.42828666561576156,0.0,0.0,0.0,0.0,-4500.0,-0.0017586473961499014,0.032
raceline_xy,20260415_212047_eb9da4db,819,26.24000000000002,314.37654664183367,-79.99266685005534,11.067881918513706,-0.003917331330074436,11.067882611757652,0.46116177548990217,-0.2705246756273709,-0.0036571144686253785,0.019727919333731966,0.09863959666865982,0.02179758541914545,0.0001647767949917167,0.0,0.0,0.25540325317149953,20.91653005427767,0.8715220855949029,20.91653005427767,0.8715220855949029,20.91653005427767,0.8715220855949029,0.07000222308559234,10.0,0.007803696193889393,0.41664814095339714,0.0,0.0,0.0,0.0,-4500.0,-0.0021293498627071917,0.032
raceline_xy,20260415_212047_eb9da4db,820,26.27200000000002,314.71401350299413,-80.08641752735801,10.945222736484823,-0.0036763395226748763,10.945223353899024,0.456050973079126,-0.2706381515588392,-0.0035545693938469456,0.030663888901858914,0.15331944450929455,0.0220094523410701,0.00013641211269810327,0.0,0.0,0.25563736323841313,20.91653005427767,0.8715220855949029,20.91653005427767,0.8715220855949029,20.91653005427767,0.8715220855949029,0.07107252173986245,10.0,0.007803696193889393,0.4077289855011462,0.0,0.0,0.0,0.0,-4500.0,-0.0017163741334541055,0.032
raceline_xy,20260415_212047_eb9da4db,821,26.30400000000002,315.04769151877235,-80.17916696147702,10.822766644126908,-0.003921270641345842,10.822767354498083,0.45094863977075345,-0.27075450932164813,-0.0036434523880987876,0.023083956971903352,0.11541978485951676,0.022293826755828583,0.00013521566733709633,0.0,0.0,0.2559494902363712,20.91653005427767,0.8715220855949029,20.91653005427767,0.8715220855949029,20.91653005427767,0.8715220855949029,0.07252980279456667,10.0,0.007803696193889393,0.396046455652302,0.0,0.0,0.0,0.0,-4500.0,-0.002155553585791401,0.032
raceline_xy,20260415_212047_eb9da4db,822,26.33600000000002,315.37759200063533,-80.2708994432929,10.700519987211097,-0.0036652970484709613,10.700520614956387,0.4458550256231828,-0.27086729808782817,-0.0035307695010163708,0.01946286942053785,0.09731434710268924,0.022515040941786246,0.00011020386362936563,0.0,0.0,0.256183578911198,20.91653005427767,0.8715220855949029,20.91653005427767,0.8715220855949029,20.91653005427767,0.8715220855949029,0.07364531257712637,10.0,0.007803696193889393,0.4012214031935591,0.0,0.0,0.0,0.0,-4500.0,-0.0017258534556302755,0.032
raceline_xy,20260415_212047_eb9da4db,823,26.36800000000002,315.7037166098996,-80.36163417489936,10.578484070749225,-0.003963312576416023,10.578484813192372,0.44077020054968213,-0.2709836656983935,-0.00364130499420015,0.042059725372606466,0.21029862686303233,0.022811154663815447,0.00011275470327820614,0.0,0.0,0.25649570214673334,20.91653005427767,0.8715220855949029,20.91653005427767,0.8715220855949029,20.91653005427767,0.8715220855949029,0.07516276971297442,10.0,0.007803696193889393,0.40203687997440174,0.0,0.0,0.0,0.0,-4500.0,-0.0021791319959441704,0.032
raceline_xy,20260415_212047_eb9da4db,824,26.40000000000002,316.02607716234405,-80.45135450235534,10.456664748018678,-0.0037208664955796777,10.456665410029336,0.4356943920845557,-0.2710970262155721,-0.00354613569965095,0.007476073342465032,0.037380366712325155,0.02304075358057478,8.999404883214268e-05,0.0,0.0,0.25672979826388515,20.91653005427767,0.8715220855949029,20.91653005427767,0.8715220855949029,20.91653005427767,0.8715220855949029,0.07632348623163843,10.0,0.007803696193889393,0.4122760055876644,0.0,0.0,0.0,0.0,-4500.0,-0.001693785230895437,0.032
raceline_xy,20260415_212047_eb9da4db,825,26.43200000000002,316.34467555060337,-80.54007953187798,10.335062460798497,-0.00402323676120897,10.33506324388198,0.4306276351617491,-0.27121447018413036,-0.003672459192245358,0.023338480867711252,0.11669240433855625,0.023269961607732537,6.437487602095615e-05,0.0,0.0,0.2569638974918472,20.91653005427767,0.8715220855949029,20.91653005427767,0.8715220855949029,20.91653005427767,0.8715220855949029,0.0775034139078179,10.0,0.007803696193889393,0.41419226203929915,0.0,0.0,0.0,0.0,-4500.0,-0.0014853514154165057,0.032
raceline_xy,20260415_212047_eb9da4db,826,26.46400000000002,316.6595242356625,-80.62779093750382,10.213682051821614,-0.003724240852808869,10.213682730811296,0.425570113783804,-0.27132935171722794,-0.003591272453828179,0.04982593857874299,0.24912969289371495,0.023585137496958453,7.396040773910428e-05,0.0,0.0,0.25727603455335635,20.91653005427767,0.8715220855949029,20.91653005427767,0.8715220855949029,20.91653005427767,0.8715220855949029,0.07910666360481233,10.0,0.007803696193889393,0.4141568391424148,0.0,0.0,0.0,0.0,-4500.0,-0.0022955622637722338,0.032
raceline_xy,20260415_212047_eb9da4db,827,26.49600000000002,316.970631012103,-80.71448742188731,10.092525479371925,-0.003421506552075737,10.09252605934107,0.4205219191392113,-0.2714370259350054,-0.0033650436573016613,0.026858610047598097,0.13429305023799049,0.023833857199155872,6.126172957277021e-05,0.0,0.0,0.25751014085665536,20.91653005427767,0.8715220855949029,20.91653005427767,0.8715220855949029,20.91653005427767,0.8715220855949029,0.0803315599519343,10.0,0.007803696193889393,0.4225246680947796,0.0,0.0,0.0,0.0,-4500.0,-0.0019298325391007547,0.032
raceline_xy,20260415_212047_eb9da4db,828,26.52800000000002,317.2779944241228,-80.80020074756438,9.971591388834616,-0.004053076876751938,9.971592212546241,0.4154830088560934,-0.27155073705159083,-0.0035525944585526963,0.007764472195234711,0.03882236097617355,0.024080341500955615,4.400469124510309e-05,0.0,0.0,0.25774425011390184,20.91653005427767,0.8715220855949029,20.91653005427767,0.8715220855949029,20.91653005427767,0.8715220855949029,0.08157559792493707,10.0,0.007803696193889393,0.4302950039866208,0.0,0.0,0.0,0.0,-4500.0,-0.0016321329246090058,0.032
raceline_xy,20260415_212047_eb9da4db,829,26.56000000000002,317.58162717229914,-80.88491226638601,9.850883546762844,-0.004021922941725542,9.850884367799019,0.4104535153249591,-0.2716667164464983,-0.003622593220877664,0.007463896406201971,0.03731948203100985,0.024328724654710143,2.6034826587473248e-05,0.0,0.0,0.2579783622782044,20.91653005427767,0.8715220855949029,20.91653005427767,0.8715220855949029,20.91653005427767,0.8715220855949029,0.08283837778137348,10.0,0.007803696193889393,0.4348393104858595,0.0,0.0,0.0,0.0,-4500.0,-0.0015402772861578024,0.032
raceline_xy,20260415_212047_eb9da4db,830,26.59200000000002,317.8815391928433,-80.96861340594106,9.730403016686244,-0.003707334347031299,9.73040372294309,0.40543348845596205,-0.2717796151887337,-0.003525629124085288,0.018851930941542593,0.09425965470771296,0.024584559542471407,1.2773418065492592e-05,0.0,0.0,0.258212462884695,20.91653005427767,0.8715220855949029,20.91653005427767,0.8715220855949029,20.91653005427767,0.8715220855949029,0.08412007266733701,10.0,0.007803696193889393,0.43730242622444637,0.0,0.0,0.0,0.0,-4500.0,-0.0016794501940352639,0.032
raceline_xy,20260415_212047_eb9da4db,831,26.62400000000002,318.1777372064186,-81.05130713529968,9.610149748474262,-0.0035002584519352453,9.610150385915361,0.4004229327464734,-0.271887588350026,-0.0033711423797318455,0.02640817157941262,0.1320408578970631,0.024849709450792012,6.104114727456533e-06,0.0,0.0,0.2584465513037502,20.91653005427767,0.8715220855949029,20.91653005427767,0.8715220855949029,20.91653005427767,0.8715220855949029,0.08542054423186407,10.0,0.007803696193889393,0.44038276973110885,0.0,0.0,0.0,0.0,-4500.0,-0.0018860952846833294,0.032
raceline_xy,20260415_212047_eb9da4db,832,26.65600000000002,318.4702262630899,-81.13300236252877,9.4901233415005,-0.0035683472269729677,9.490124012361195,0.3954218338483831,-0.2719930904270962,-0.003293443191346828,0.030121200285203886,0.15060600142601943,0.025121641922814852,3.5771661139882838e-06,0.0,0.0,0.25868064257677553,20.91653005427767,0.8715220855949029,20.91653005427767,0.8715220855949029,20.91653005427767,0.8715220855949029,0.08673967792889758,10.0,0.007803696193889393,0.444105489196187,0.0,0.0,0.0,0.0,-4500.0,-0.001983561021965511,0.032
raceline_xy,20260415_212047_eb9da4db,833,26.68800000000002,318.75901195608145,-81.21370598712787,9.37032336599023,-0.003809147211288444,9.370324140221882,0.3904301725092451,-0.27210001367412895,-0.003337455961899976,0.029999530729323494,0.14999765364661746,0.025396417398545257,1.300240185742041e-06,0.0,0.0,0.25891473671619747,20.91653005427767,0.8715220855949029,20.91653005427767,0.8715220855949029,20.91653005427767,0.8715220855949029,0.08807735350380197,10.0,0.007803696193889393,0.4484935733383869,0.0,0.0,0.0,0.0,-4500.0,-0.0019228464324752134,0.032
raceline_xy,20260415_212047_eb9da4db,834,26.72000000000002,319.044101562756,-81.2934188294849,9.250749502466066,-0.004007274153171814,9.250750370409003,0.38544793210037515,-0.2722103790262591,-0.0034447265916099303,0.026053481517215454,0.13026740758607727,0.025672052437776927,-2.7508141586807255e-06,0.0,0.0,0.2591488337345584,20.91653005427767,0.8715220855949029,20.91653005427767,0.8715220855949029,20.91653005427767,0.8715220855949029,0.08943341393731385,10.0,0.007803696193889393,0.4535675225959515,0.0,0.0,0.0,0.0,-4500.0,-0.0017892967229411398,0.032
raceline_xy,20260415_212047_eb9da4db,835,26.75200000000002,319.32550356275334,-81.37213736495681,9.131401406710916,-0.004031464619905556,9.131402296645849,0.380475095693577,-0.27232325994359474,-0.0035231702252984847,0.018301447600547055,0.09150723800273527,0.02594946682392507,-7.650533665692905e-06,0.0,0.0,0.25938293364451864,20.91653005427767,0.8715220855949029,20.91653005427767,0.8715220855949029,20.91653005427767,0.8715220855949029,0.0908074145933,10.0,0.007803696193889393,0.45934307321789447,0.0,0.0,0.0,0.0,-4366.444133962528,-0.001703870436845788,0.032
raceline_xy,20260415_212047_eb9da4db,836,26.78400000000002,319.60332226475026,-81.4498852146659,9.015391483710715,-0.003915716008583647,9.015392334080396,0.3756413472533498,-0.2724362205047459,-0.003525819168433251,0.006952749860596462,0.03476374930298231,0.02623137561844935,-1.095991239630223e-05,0.0,0.0,0.25961703645885864,20.91653005427767,0.8715220855949029,20.91653005427767,0.8715220855949029,20.91653005427767,0.8715220855949029,0.09219963720216118,10.0,0.007803696193889393,0.46567618138235534,0.0,0.0,0.0,0.0,-4157.626201344713,-0.0017222352908256807,0.032
raceline_xy,20260415_212047_eb9da4db,837,26.81600000000002,319.87771562094076,-81.5267048770445,8.904492954768193,-0.0037912593902973413,8.904493761869011,0.3710205734112088,-0.2725475257622474,-0.0034746299411112925,0.0085187016642334,0.04259350832116699,0.0265196300911148,-1.0944599973417013e-05,0.0,0.0,0.2598511421904806,20.91653005427767,0.8715220855949029,20.91653005427767,0.8715220855949029,20.91653005427767,0.8715220855949029,0.09361003509325005,10.0,0.007803696193889393,0.4694007583343452,0.0,0.0,0.0,0.0,-3958.0087713642206,-0.0018092680007525414,0.032
raceline_xy,20260415_212047_eb9da4db,838,26.84800000000002,320.1488340136625,-81.60264036134943,8.798490703388612,-0.0037641385022881835,8.798491508568642,0.36660381285702676,-0.2726572747064253,-0.0034268157819621506,0.026832911525145865,0.13416455762572932,0.02681419332978585,-7.70417966045045e-06,0.0,0.0,0.2600852508524108,20.91653005427767,0.8715220855949029,20.91653005427767,0.8715220855949029,20.91653005427767,0.8715220855949029,0.09503855990591203,10.0,0.007803696193889393,0.4697352126443246,0.0,0.0,0.0,0.0,-3767.204715423556,-0.001888140873696727,0.032
raceline_xy,20260415_212047_eb9da4db,839,26.88000000000002,320.41682070842916,-81.67773448109622,8.697160513566173,-0.003843723928262488,8.697161362936084,0.36238172345567016,-0.27276689892831607,-0.0034239472958830716,0.048497240976088624,0.24248620488044312,0.027113683329785587,-2.670831150020092e-06,0.0,0.0,0.26031936245780113,20.91653005427767,0.8715220855949029,20.91653005427767,0.8715220855949029,20.91653005427767,0.8715220855949029,0.09648471633324229,10.0,0.007803696193889393,0.4691816561708771,0.0,0.0,0.0,0.0,-3584.8104532849525,-0.0019075024250364949,0.032
raceline_xy,20260415_212047_eb9da4db,840,26.91200000000002,320.6818128479882,-81.75202647942892,8.60028809527421,-0.003960395254883675,8.600289007146555,0.35834537529777316,-0.27287781301053826,-0.0034654554754118124,0.026901026533005624,0.13450513266502812,0.027315888637447383,-3.622093121879999e-05,0.0,0.0,0.2604754348751351,20.91653005427767,0.8715220855949029,20.91653005427767,0.8715220855949029,20.91653005427767,0.8715220855949029,0.09745906838557783,10.0,0.007803696193889393,0.47683907429274897,0.0,0.0,0.0,0.0,-3410.4402128638008,-0.0008862079918170811,0.032
raceline_xy,20260415_212047_eb9da4db,841,26.94400000000002,320.9439419636042,-81.8255513039161,8.507668410661221,-0.004017600526276421,8.507669359282648,0.35448622330344365,-0.2729915986505298,-0.0035565469645701454,0.003025439005200982,0.01512719502600491,0.027619403416434096,-3.2577192813576517e-05,0.0,0.0,0.2607095219063285,20.91653005427767,0.8715220855949029,20.91653005427767,0.8715220855949029,20.91653005427767,0.8715220855949029,0.09893631594660857,10.0,0.007803696193889393,0.4847147348053786,0.0,0.0,0.0,0.0,-3243.724846708767,-0.001721131453095188,0.032
raceline_xy,20260415_212047_eb9da4db,842,26.97600000000002,321.2033415617317,-81.89831402052616,8.419108964897392,-0.0032233975692501637,8.419109581963376,0.3507962325818073,-0.2730934619944394,-0.0031856360680734565,0.031664010356975546,0.1583200517848777,0.027940382776106,-1.5344131316652465e-05,0.0,0.0,0.260943611899723,20.91653005427767,0.8715220855949029,20.91653005427767,0.8715220855949029,20.91653005427767,0.8715220855949029,0.10043286834517673,10.0,0.007803696193889393,0.48220831385206536,0.0,0.0,0.0,0.0,-3084.3172475340775,-0.0022844324847382884,0.032
raceline_xy,20260415_212047_eb9da4db,843,27.00800000000002,321.4601218814084,-81.97038021065713,8.334419598455055,-0.0035138547113002794,8.334420339188961,0.3472675141328734,-0.2731926027811227,-0.003102178319498916,0.03536082252142015,0.17680411260710074,0.028163704515421717,-3.4161218354533673e-05,0.0,0.0,0.26109967354058156,20.91653005427767,0.8715220855949029,20.91653005427767,0.8715220855949029,20.91653005427767,0.8715220855949029,0.1014415632085508,10.0,0.007803696193889393,0.48449243005454046,0.0,0.0,0.0,0.0,-2931.8766105401305,-0.0013634872859138447,0.032
raceline_xy,20260415_212047_eb9da4db,844,27.04000000000002,321.7143930320847,-82.0417946610274,8.253421379850716,-0.004170157499539862,8.25342243336608,0.3438926013902533,-0.27330020998186866,-0.0033684342822557557,0.003628877442996252,0.01814438721498126,0.028487314120023477,-1.989377078714938e-05,0.0,0.0,0.2613337684692465,20.91653005427767,0.8715220855949029,20.91653005427767,0.8715220855949029,20.91653005427767,0.8715220855949029,0.10297153054639052,10.0,0.007803696193889393,0.49351042764405867,0.0,0.0,0.0,0.0,-2786.080380058944,-0.0020127319774978854,0.032
raceline_xy,20260415_212047_eb9da4db,845,27.07200000000002,321.9662731987255,-82.1125537886736,8.175949253251197,-0.003764784501621765,8.175950120037497,0.3406645883348957,-0.2734046445708973,-0.0032713217236709138,0.0392024902710302,0.19601245135515097,0.028819629259034585,-7.928870227047469e-07,0.0,0.0,0.2615678663582552,20.91653005427767,0.8715220855949029,20.91653005427767,0.8715220855949029,20.91653005427767,0.8715220855949029,0.10452219047802291,10.0,0.007803696193889393,0.48906820984941674,0.0,0.0,0.0,0.0,-2646.630216067495,-0.0022261925541191526,0.032
raceline_xy,20260415_212047_eb9da4db,846,27.10400000000002,322.21586010353906,-82.18270744883175,8.101838277379914,-0.004027600466574022,8.101839278483858,0.3375766366034941,-0.27351194083290764,-0.003362855554042744,0.02065045433560434,0.1032522716780217,0.0290441194146025,-2.4807532693849055e-05,0.0,0.0,0.26172393326200405,20.91653005427767,0.8715220855949029,20.91653005427767,0.8715220855949029,20.91653005427767,0.8715220855949029,0.10556756200109252,10.0,0.007803696193889393,0.49535745879899157,0.0,0.0,0.0,0.0,-2513.2307012709457,-0.001042625450618691,0.032
raceline_xy,20260415_212047_eb9da4db,847,27.13600000000002,322.4632516675136,-82.25228651490114,8.030934387211856,-0.004344789869927812,8.030935562492136,0.334622315103839,-0.27362715125432313,-0.0036124773527619345,0.023151788269544837,0.11575894134772419,0.029374468936866904,-1.3706610937358477e-05,0.0,0.0,0.26195803608399815,20.91653005427767,0.8715220855949029,20.91653005427767,0.8715220855949029,20.91653005427767,0.8715220855949029,0.10715352235017495,10.0,0.007803696193889393,0.4972052644771832,0.0,0.0,0.0,0.0,-2385.6040124858455,-0.0017952127790928458,0.032
raceline_xy,20260415_212047_eb9da4db,848,27.16800000000002,322.7085524561699,-82.32128142487934,7.963095872734532,-0.00357407294793477,7.963096674809315,0.33179569478372145,-0.2737339713373741,-0.0033530097935138697,0.032393559252935966,0.16196779626467983,0.029605997384873906,-3.539316830591943e-05,0.0,0.0,0.26211410627614995,20.91653005427767,0.8715220855949029,20.91653005427767,0.8715220855949029,20.91653005427767,0.8715220855949029,0.10822283740460614,10.0,0.007803696193889393,0.49768383916724895,0.0,0.0,0.0,0.0,-2263.4940146567683,-0.0010943323104527333,0.032
raceline_xy,20260415_212047_eb9da4db,849,27.20000000000002,322.9518447087938,-82.38974513769158,7.898179057050565,-0.0037200867209454813,7.898179933141392,0.329090830547558,-0.27384029278833744,-0.0033401525752391713,0.015908768168524275,0.07954384084262137,0.029955111466992257,-1.262535553125943e-05,0.0,0.0,0.2623482140305431,20.91653005427767,0.8715220855949029,20.91653005427767,0.8715220855949029,20.91653005427767,0.8715220855949029,0.10984494946817502,10.0,0.007803696193889393,0.503101288267571,0.0,0.0,0.0,0.0,-2146.643879654507,-0.0022259963975861255,0.032
raceline_xy,20260415_212047_eb9da4db,850,27.23200000000002,323.19321971820557,-82.45768306752643,7.836054624497052,-0.0033396549013042787,7.836055336162226,0.3265023056734261,-0.2739378509411785,-0.003069300490357922,0.03592354552875526,0.17961772764377631,0.03020266901336477,-2.319799871308703e-05,0.0,0.0,0.26250428751092764,20.91653005427767,0.8715220855949029,20.91653005427767,0.8715220855949029,20.91653005427767,0.8715220855949029,0.11093829119545084,10.0,0.007803696193889393,0.5011336821523615,0.0,0.0,0.0,0.0,-2034.8196050920076,-0.0014832542602882918,0.032
raceline_xy,20260415_212047_eb9da4db,851,27.26400000000002,323.4327502539192,-82.52515123134143,7.776593137917725,-0.003995200948740951,7.776594164178794,0.3240247568407831,-0.27404131865772197,-0.003256886038463745,0.0164271200144079,0.08213560007203949,0.030564403185077804,5.201578438640553e-06,0.0,0.0,0.2627384001977992,20.91653005427767,0.8715220855949029,20.91653005427767,0.8715220855949029,20.91653005427767,0.8715220855949029,0.11259541401694184,10.0,0.007803696193889393,0.5069576448141003,0.0,0.0,0.0,0.0,-1927.7894955218305,-0.002379311097109734,0.032
raceline_xy,20260415_212047_eb9da4db,852,27.29600000000002,323.67052212879184,-82.59214563074283,7.719679548708181,-0.003830750941882677,7.719680499178455,0.3216533541324356,-0.27414297672993015,-0.003203588500975004,0.03193729280732387,0.15968646403661932,0.030814500344443108,-7.622471422941146e-06,0.0,0.0,0.26289446441989184,20.91653005427767,0.8715220855949029,20.91653005427767,0.8715220855949029,20.91653005427767,0.8715220855949029,0.11371108418175746,10.0,0.007803696193889393,0.5056720419655111,0.0,0.0,0.0,0.0,-1825.3448985212203,-0.001326067402267716,0.032
raceline_xy,20260415_212047_eb9da4db,853,27.32800000000002,323.9066037104298,-82.65871044781395,7.665196612086708,-0.004359309253513244,7.665197851688025,0.3193832438203344,-0.2742536435179437,-0.0034882933277109326,0.023906286172387853,0.11953143086193926,0.03117899616331954,1.634757249746599e-05,0.0,0.0,0.26312855228794013,20.91653005427767,0.8715220855949029,20.91653005427767,0.8715220855949029,20.91653005427767,0.8715220855949029,0.11539931610022869,10.0,0.007803696193889393,0.5089689731036299,0.0,0.0,0.0,0.0,-1727.2761330384458,-0.0021514638510258983,0.032
raceline_xy,20260415_212047_eb9da4db,854,27.36000000000002,324.1410758429179,-82.72483342839112,7.613042005082336,-0.00387647934756008,7.613042992013129,0.3172101246672137,-0.274360414781321,-0.0033700743448014502,0.021265564136055976,0.10632782068027988,0.03143102213426996,2.600736555002925e-07,0.0,0.0,0.263284612512716,20.91653005427767,0.8715220855949029,20.91653005427767,0.8715220855949029,20.91653005427767,0.8715220855949029,0.11653358001903813,10.0,0.007803696193889393,0.5112093227088427,0.0,0.0,0.0,0.0,-1633.3973856236323,-0.0011636116383573233,0.032
raceline_xy,20260415_212047_eb9da4db,855,27.39200000000002,324.3739999396299,-82.79055876596422,7.563109046614819,-0.004177874462150788,7.563110200547255,0.31512959168946897,-0.27447195999387564,-0.0035225198162127337,0.03804256530756959,0.19021282653784793,0.03180512342518682,2.612927312029001e-05,0.0,0.0,0.26351870532126626,20.91653005427767,0.8715220855949029,20.91653005427767,0.8715220855949029,20.91653005427767,0.8715220855949029,0.11824622620283076,10.0,0.007803696193889393,0.5091995227032864,0.0,0.0,0.0,0.0,-1543.5183609850603,-0.002202264465097134,0.032
raceline_xy,20260415_212047_eb9da4db,856,27.42400000000002,324.6054492138688,-82.85587780848707,7.515305119118168,-0.003664232571823467,7.515306012401896,0.3131377505167457,-0.27457626260250656,-0.0032996035147838084,0.007060721316361849,0.03530360658180924,0.03206701924279631,1.4362086793617834e-05,0.0,0.0,0.26367476884260377,20.91653005427767,0.8715220855949029,20.91653005427767,0.8715220855949029,20.91653005427767,0.8715220855949029,0.11939429679088676,10.0,0.007803696193889393,0.5171291848408996,0.0,0.0,0.0,0.0,-1457.470822323414,-0.0013090892852863,0.032
raceline_xy,20260415_212047_eb9da4db,857,27.45600000000002,324.8354776094025,-82.92083891509385,7.4695336369930265,-0.00412361722582455,7.469534775231272,0.31123061563463633,-0.2746851539396262,-0.0034459177635840655,0.04252667412716706,0.2126333706358353,0.03232714174395612,-1.2567195710744272e-06,0.0,0.0,0.26383083368426236,20.91653005427767,0.8715220855949029,20.91653005427767,0.8715220855949029,20.91653005427767,0.8715220855949029,0.12054640494764302,10.0,0.007803696193889393,0.5111949503189297,0.0,0.0,0.0,0.0,-1375.082595416291,-0.0010739440546288256,0.032
raceline_xy,20260415_212047_eb9da4db,858,27.48800000000002,325.0641526899222,-82.9854322820255,7.425711347118332,-0.003753414019195489,7.425712295722125,0.3094046789884219,-0.27479024321353007,-0.0033300600380805,0.021487579825658912,0.10743789912829456,0.03272271754170042,3.494742761178671e-05,0.0,0.0,0.26406493342458287,20.91653005427767,0.8715220855949029,20.91653005427767,0.8715220855949029,20.91653005427767,0.8715220855949029,0.12227956601998535,10.0,0.007803696193889393,0.5167617406016284,0.0,0.0,0.0,0.0,-1296.2021322998255,-0.0025698448511773065,0.032
raceline_xy,20260415_212047_eb9da4db,859,27.52000000000002,325.2915326649167,-83.04967143356092,7.383754499782638,-0.003377870390566473,7.383755272425321,0.30765646968438837,-0.27488551946475415,-0.0030260417213505897,0.017434718710197094,0.08717359355098546,0.03300422873217679,3.479236704473365e-05,0.0,0.0,0.26422100157155703,20.91653005427767,0.8715220855949029,20.91653005427767,0.8715220855949029,20.91653005427767,0.8715220855949029,0.12343836228851357,10.0,0.007803696193889393,0.5188662448467964,0.0,0.0,0.0,0.0,-1220.679490365579,-0.0017252671117197874,0.032
raceline_xy,20260415_212047_eb9da4db,860,27.55200000000002,325.51766068510966,-83.1136134743256,7.343580035419876,-0.004293872828922574,7.343581290757341,0.30598255378155587,-0.2749900254781652,-0.0033162508014834315,0.04961049750281445,0.24805248751407225,0.03341119289535577,7.435642204844939e-05,0.0,0.0,0.26445510627489593,20.91653005427767,0.8715220855949029,20.91653005427767,0.8715220855949029,20.91653005427767,0.8715220855949029,0.12518109350765716,10.0,0.007803696193889393,0.5131604365919682,0.0,0.0,0.0,0.0,-1148.366323363215,-0.0026531925043732163,0.032
raceline_xy,20260415_212047_eb9da4db,861,27.58400000000002,325.74259781992106,-83.17724378901234,7.305118447271706,-0.004249033764790022,7.305119683000226,0.30437998679167605,-0.27509607620160015,-0.0033663293668014112,0.017065632803878298,0.08532816401939149,0.03368934061611695,6.527788446542004e-05,0.0,0.0,0.2646111777340284,20.91653005427767,0.8715220855949029,20.91653005427767,0.8715220855949029,20.91653005427767,0.8715220855949029,0.12634560203862932,10.0,0.007803696193889393,0.5211012731463531,0.0,0.0,0.0,0.0,-1079.135429400407,-0.0013171057602009277,0.032
raceline_xy,20260415_212047_eb9da4db,862,27.61600000000002,325.96638859517554,-83.24059744813258,7.26829387886696,-0.004802803005671263,7.268295465684622,0.3028456444035259,-0.2752139801567708,-0.0037378784409090506,0.018973445470087176,0.09486722735043587,0.033958605655834084,4.508645568090941e-05,0.0,0.0,0.2647672505200526,20.91653005427767,0.8715220855949029,20.91653005427767,0.8715220855949029,20.91653005427767,0.8715220855949029,0.12751199030578997,10.0,0.007803696193889393,0.5217718805094945,0.0,0.0,0.0,0.0,-1012.8518382323199,-0.0008042558594097734,0.032
raceline_xy,20260415_212047_eb9da4db,863,27.64800000000002,326.1890924293231,-83.3036495354513,7.233044736554685,-0.004131875240425131,7.233045916721007,0.3013769131967086,-0.27532901765671003,-0.0036495119660602646,0.04940682079604742,0.2470341039802371,0.03423436363831911,2.8501789835821967e-05,0.0,0.0,0.26492332463417617,20.91653005427767,0.8715220855949029,20.91653005427767,0.8715220855949029,20.91653005427767,0.8715220855949029,0.12867539371772274,10.0,0.007803696193889393,0.516360176662429,0.0,0.0,0.0,0.0,-949.4026500978139,-0.0009594942657964147,0.032
raceline_xy,20260415_212047_eb9da4db,864,27.68000000000002,326.4107577045756,-83.36640637650764,7.199304207563428,-0.003338957981508406,7.199304981849352,0.2999710409103897,-0.2754314305076475,-0.003255739403429555,0.02245066892670323,0.11225334463351615,0.03466471046305308,7.515569584048976e-05,0.0,0.0,0.2651574367207067,20.91653005427767,0.8715220855949029,20.91653005427767,0.8715220855949029,20.91653005427767,0.8715220855949029,0.13040316051710077,10.0,0.007803696193889393,0.522785633223434,0.0,0.0,0.0,0.0,-888.6689673288339,-0.0029400828049127147,0.032
raceline_xy,20260415_212047_eb9da4db,865,27.71200000000002,326.6314248513271,-83.42889496351805,7.167008828639217,-0.0031174277231083014,7.167009506631625,0.29862539610965105,-0.27552037591423506,-0.002834841479349814,0.011980469802829722,0.059902349014148606,0.03497535815243191,8.650735924264907e-05,0.0,0.0,0.26531349412999217,20.91653005427767,0.8715220855949029,20.91653005427767,0.8715220855949029,20.91653005427767,0.8715220855949029,0.131529335610161,10.0,0.007803696193889393,0.5258373841105487,0.0,0.0,0.0,0.0,-830.5371119369255,-0.0021266273917062376,0.032
raceline_xy,20260415_212047_eb9da4db,866,27.74400000000002,326.8511219037019,-83.49117867860026,7.136095540498865,-0.00447811954259647,7.136096945577633,0.2973373727324014,-0.275622081116377,-0.003232220579791682,0.037875157426568044,0.1893757871328402,0.03527604984155852,8.583933896799678e-05,0.0,0.0,0.2654695528710403,20.91653005427767,0.8715220855949029,20.91653005427767,0.8715220855949029,20.91653005427767,0.8715220855949029,0.13262257942628208,10.0,0.007803696193889393,0.5211566571942848,0.0,0.0,0.0,0.0,-774.8945020397407,-0.0015350433614701956,0.032
raceline_xy,20260415_212047_eb9da4db,867,27.77600000000002,327.0698994182761,-83.55323528204755,7.106513656733401,-0.004682988926753895,7.10651519971101,0.29610479998795874,-0.2757326873231234,-0.003509104165820052,0.03679928760785927,0.18399643803929633,0.03571433984130046,0.00012817657098285196,0.0,0.0,0.26570364348166686,20.91653005427767,0.8715220855949029,20.91653005427767,0.8715220855949029,20.91653005427767,0.8715220855949029,0.13417758482977593,10.0,0.007803696193889393,0.5219514209118679,0.0,0.0,0.0,0.0,-721.6473594798193,-0.0026830561459842807,0.032
raceline_xy,20260415_212047_eb9da4db,868,27.80800000000002,327.287802044803,-83.61505730395446,7.078210877794849,-0.00430087209695329,7.078212184445597,0.29492550768523323,-0.2758417249634988,-0.0034587381069014814,0.012967133243721778,0.06483566621860888,0.036016261837630736,0.0001220263043233416,0.0,0.0,0.2658597055561764,20.91653005427767,0.8715220855949029,20.91653005427767,0.8715220855949029,20.91653005427767,0.8715220855949029,0.13514233997529113,10.0,0.007803696193889393,0.5276966589303717,0.0,0.0,0.0,0.0,-670.7019320020758,-0.0013812193707718713,0.032
raceline_xy,20260415_212047_eb9da4db,869,27.84000000000002,327.50485871349156,-83.67668610915824,7.051130214666512,-0.004848440100299056,7.051131881588545,0.293797161732856,-0.2759612444353374,-0.003784021998649549,0.018965807089358123,0.09482903544679061,0.03631096703595338,0.000106134247599865,0.0,0.0,0.2660157689657823,20.91653005427767,0.8715220855949029,20.91653005427767,0.8715220855949029,20.91653005427767,0.8715220855949029,0.1360373376968882,10.0,0.007803696193889393,0.5270785456854143,0.0,0.0,0.0,0.0,-621.9573868593819,-0.000926537560096375,0.032
raceline_xy,20260415_212047_eb9da4db,870,27.87200000000002,327.7211158667352,-83.73809617567296,7.025228731949181,-0.004258936906257116,7.025230022906571,0.29271791762110716,-0.2760779986058788,-0.0036955848862252755,0.04239870969923571,0.21199354849617855,0.036612309610712934,9.374391470284849e-05,0.0,0.0,0.26617183371151454,19.5,0.8125,19.5,0.8125,19.5,0.8125,0.13685213533392693,0.0,0.0,0.4693942323406494,0.0,0.0,0.0,0.0,-575.3340412318292,-0.0010779319830251997,0.032
raceline_xy,20260415_212047_eb9da4db,871,27.90400000000002,327.93661001397476,-83.79929129380265,7.000457147303042,-0.0035580101633789774,7.000458051489385,0.29168575214539105,-0.2761833684747348,-0.0033375783939014036,0.03604752691611957,0.18023763458059786,0.037075442308901696,0.0001463022368159983,0.0,0.0,0.2664059333376891,19.5,0.8125,19.5,0.8125,19.5,0.8125,0.1378999518719124,0.0,0.0,0.4710135196401395,0.0,0.0,0.0,0.0,-530.7444926808943,-0.003132104944549069,0.032
raceline_xy,20260415_212047_eb9da4db,872,27.93600000000002,328.1513707310026,-83.86029418321728,6.9767683193149415,-0.0033787994210507932,6.976769137479193,0.29069871406163306,-0.2762764756010121,-0.0029516097817711617,0.015194211531728818,0.07597105765864409,0.037406692508846984,0.00015940543211589997,0.0,0.0,0.2665620014284734,19.5,0.8125,19.5,0.8125,19.5,0.8125,0.13848234832747464,0.0,0.0,0.47551831834261327,0.0,0.0,0.0,0.0,-488.1044474625488,-0.002157256187313524,0.032
raceline_xy,20260415_212047_eb9da4db,873,27.96800000000002,328.3654153663541,-83.92116496546537,6.954113813756461,-0.00476499723362922,6.954115446257494,0.2897548102607289,-0.2763837576035302,-0.0033905742791140343,0.0151354120765352,0.07567706038267599,0.037726059199613804,0.00015907362333678066,0.0,0.0,0.26671807085926585,19.5,0.8125,19.5,0.8125,19.5,0.8125,0.13897268131870266,0.0,0.0,0.4760210240013693,0.0,0.0,0.0,0.0,-447.3278032634898,-0.001512942729077479,0.032
raceline_xy,20260415_212047_eb9da4db,874,28.00000000000002,328.57878520188314,-83.98187520440516,6.932458209934145,-0.004888759569453338,6.932459933707043,0.28885249723779344,-0.2764997314174886,-0.00365869827366819,0.03460006819903472,0.17300034099517358,0.03803933609497001,0.00015078986103178593,0.0,0.0,0.2668741416312557,19.5,0.8125,19.5,0.8125,19.5,0.8125,0.13937116146967155,0.0,0.0,0.47274793807225035,0.0,0.0,0.0,0.0,-408.3478806726781,-0.0011903333973321557,0.032
raceline_xy,20260415_212047_eb9da4db,875,28.03200000000002,328.79151538198903,-84.04241349225332,6.911761876916371,-0.004382694481904537,6.911763266432484,0.2879901361013535,-0.27661454373807803,-0.003619228263731428,0.0470892215230516,0.235446107615258,0.038508911641796484,0.00019889982033882703,0.0,0.0,0.26710825030667573,19.5,0.8125,19.5,0.8125,19.5,0.8125,0.1397970713023189,0.0,0.0,0.4705906815643033,0.0,0.0,0.0,0.0,-371.0938795784715,-0.0029176050379012292,0.032
raceline_xy,20260415_212047_eb9da4db,876,28.06400000000002,329.00363453754676,-84.10278668255883,6.8919846729827485,-0.003906126460122117,6.891985779907925,0.2871660741628302,-0.27672019099614076,-0.0033297219317297033,0.0275661757088439,0.1378308785442195,0.0388380842793592,0.00020279219631103018,0.0,0.0,0.267264324437099,19.5,0.8125,19.5,0.8125,19.5,0.8125,0.13996659178592674,0.0,0.0,0.47470136776366706,0.0,0.0,0.0,0.0,-335.49440383426565,-0.0017818015496792162,0.032
raceline_xy,20260415_212047_eb9da4db,877,28.09600000000002,329.2151566304213,-84.16304818701221,6.873083371025582,-0.004845667105217943,6.873085079173549,0.28637854496556453,-0.2768366622022902,-0.0036639275945181825,0.012386644352823535,0.06193322176411767,0.03915763786474358,0.00019660043213676204,0.0,0.0,0.26742039991316763,19.5,0.8125,19.5,0.8125,19.5,0.8125,0.14004581280394302,0.0,0.0,0.4779600384756443,0.0,0.0,0.0,0.0,-301.4731425123893,-0.0012921898306658475,0.032
raceline_xy,20260415_212047_eb9da4db,878,28.12800000000002,329.42611767058804,-84.2231703454011,6.855028476520879,-0.004635785419168759,6.855030044020129,0.28562625183417206,-0.2769552767987733,-0.0037275774083400247,0.018049619445791375,0.09024809722895687,0.03947652906809296,0.00018900132177490647,0.0,0.0,0.2675764661237508,19.5,0.8125,19.5,0.8125,19.5,0.8125,0.14003658858338763,0.0,0.0,0.4771831773265282,0.0,0.0,0.0,0.0,-268.9740792362331,-0.0012383586272088306,0.032
raceline_xy,20260415_212047_eb9da4db,879,28.16000000000002,329.63654592276805,-84.28314861445736,6.837784352236434,-0.004093409383993274,6.837785577487042,0.28490773239529343,-0.27706783724647455,-0.0035354353768181643,0.034821525815115426,0.1741076290755771,0.039802857062968044,0.00018819264356428889,0.0,0.0,0.2677325240043679,19.5,0.8125,19.5,0.8125,19.5,0.8125,0.1399404672053901,0.0,0.0,0.4742276776967206,0.0,0.0,0.0,0.0,-237.93403947667713,-0.0015268680353399964,0.032
raceline_xy,20260415_212047_eb9da4db,880,28.19200000000002,329.84646391951765,-84.34299449008311,6.82131573371231,-0.0037645170008953066,6.821316772484574,0.28422153218685725,-0.27717207793884846,-0.0032725725411414694,0.050258176458045346,0.2512908822902267,0.04029214015351279,0.0002529664595072312,0.0,0.0,0.26796661335525773,19.5,0.8125,19.5,0.8125,19.5,0.8125,0.13963671334292416,0.0,0.0,0.47130820394030015,0.0,0.0,0.0,0.0,-208.29019047223323,-0.0036019697761578385,0.032
raceline_xy,20260415_212047_eb9da4db,881,28.22400000000002,330.05589093439016,-84.4027270116863,6.805589258355248,-0.003889857754476367,6.805590370014468,0.28356626541726954,-0.27726993928835597,-0.0030703119674404997,0.033291105712837624,0.1664555285641881,0.040634478076094105,0.000268705987739537,0.0,0.0,0.26812267461096945,19.5,0.8125,19.5,0.8125,19.5,0.8125,0.13933007156037913,0.0,0.0,0.4747641375591772,0.0,0.0,0.0,0.0,-179.98266602604394,-0.0022459933701391072,0.032
raceline_xy,20260415_212047_eb9da4db,882,28.25600000000002,330.26483544646715,-84.46239873502553,6.790567547418271,-0.0053894581640798744,6.790569686138968,0.2829404035891237,-0.27738780750619796,-0.003691732758323442,0.01839549612262723,0.09197748061313614,0.040956171956097354,0.00026517825425287356,0.0,0.0,0.26827873721893997,19.5,0.8125,19.5,0.8125,19.5,0.8125,0.13894191850953863,0.0,0.0,0.47782044984650285,0.0,0.0,0.0,0.0,-152.94543505014389,-0.0013768548472911902,0.032
raceline_xy,20260415_212047_eb9da4db,883,28.28800000000002,330.4733318345787,-84.52196880794348,6.776229830796775,-0.005303967879749516,6.776231906587566,0.28234299610781527,-0.27751549245507157,-0.003995818702452127,0.012847038945604558,0.06423519472802279,0.041267875458762315,0.0002525733751745918,0.0,0.0,0.2684348011804959,19.5,0.8125,19.5,0.8125,19.5,0.8125,0.13847380975501533,0.0,0.0,0.47906368287938345,0.0,0.0,0.0,0.0,-127.13743185761963,-0.0010288195342520938,0.032
raceline_xy,20260415_212047_eb9da4db,884,28.32000000000002,330.6814067097212,-84.5814203233703,6.762547117999279,-0.004513170343597439,6.762548623992799,0.2817728593330333,-0.2776391737282644,-0.003868832383721104,0.023278854666476747,0.11639427333238372,0.041583485984629576,0.0002447042599085236,0.0,0.0,0.26859086649700215,19.5,0.8125,19.5,0.8125,19.5,0.8125,0.13792732559556642,0.0,0.0,0.47719862226443205,0.0,0.0,0.0,0.0,-102.50752318703977,-0.0012581324848236343,0.032
raceline_xy,20260415_212047_eb9da4db,885,28.35200000000002,330.88907916981634,-84.64075915839186,6.749488565049112,-0.0038167287437473885,6.749489644198813,0.28122873517495056,-0.27775129856934644,-0.0035061855220429048,0.037776696099249725,0.18888348049624862,0.04190839850892658,0.0002491307656744546,0.0,0.0,0.268746933169863,19.5,0.8125,19.5,0.8125,19.5,0.8125,0.1373051757313899,0.0,0.0,0.4745138561579192,0.0,0.0,0.0,0.0,-79.00135955786425,-0.0017701323084275964,0.032
raceline_xy,20260415_212047_eb9da4db,886,28.38400000000002,331.09636351432397,-84.70000460784466,6.737025017575117,-0.0036470890361866015,6.7370260047510175,0.28070941686462575,-0.27785353607754226,-0.003195696575034458,0.050597296012458985,0.2529864800622949,0.04239070622707297,0.0003231067341675775,0.0,0.0,0.26898103572548643,19.5,0.8125,19.5,0.8125,19.5,0.8125,0.13622932916024277,0.0,0.0,0.47194608828387863,0.0,0.0,0.0,0.0,-56.56680855183236,-0.003996845214459298,0.032
raceline_xy,20260415_212047_eb9da4db,887,28.41600000000002,331.3032725736742,-84.75917794824831,6.725129490669706,-0.004037772800944639,6.7251307028105085,0.28021377928377117,-0.27795154757663365,-0.0030620521789011903,0.036182814737263064,0.18091407368631532,0.042726460387794596,0.0003434951752088189,0.0,0.0,0.26913710579563344,19.5,0.8125,19.5,0.8125,19.5,0.8125,0.1354171950623244,0.0,0.0,0.47477449061952043,0.0,0.0,0.0,0.0,-35.15526505891611,-0.0024505284648243556,0.032
raceline_xy,20260415_212047_eb9da4db,888,28.44800000000002,331.5098096423201,-84.81833007422635,6.7137697962666,-0.005766744021673986,6.713772272917684,0.27974051137157013,-0.2780741589349285,-0.003828300155529141,0.02315599584124147,0.11577997920620735,0.04303524001217873,0.0003400231759713712,0.0,0.0,0.2692931772273588,19.5,0.8125,19.5,0.8125,19.5,0.8125,0.13452932717092736,0.0,0.0,0.47734692591699407,0.0,0.0,0.0,0.0,-14.710091251831336,-0.0013947293910168167,0.032
raceline_xy,20260415_212047_eb9da4db,889,28.48000000000002,331.71600610739335,-84.87741197573398,6.702933234434309,-0.005671597143156015,6.7029356339068435,0.27928898474611846,-0.27820943080807004,-0.004222693489346417,0.014386334561882269,0.07193167280941135,0.04332961824015236,0.0003246300703634297,0.0,0.0,0.2694492500222447,19.5,0.8125,19.5,0.8125,19.5,0.8125,0.13356590133830348,0.0,0.0,0.4790962389581648,0.0,0.0,1.0,0.0,2.397929483840411,-0.0009423642219034228,0.032
raceline_xy,20260415_212047_eb9da4db,890,28.51200000000002,331.9218828326613,-84.93640034495927,6.6925235192907255,-0.004727202024386923,6.692525188798209,0.27885521619992537,-0.27834062355722455,-0.004094904299418395,0.01704890296105547,0.08524451480527734,0.043626542592638096,0.00031405548668095307,0.0,0.0,0.26960532418191363,19.5,0.8125,19.5,0.8125,19.5,0.8125,0.13252751636660953,0.0,0.0,0.47862264907619356,0.0,0.0,1.0,0.0,11.767330081611593,-0.001186089746277464,0.032
raceline_xy,20260415_212047_eb9da4db,891,28.544000000000022,332.12744575987233,-84.99529659095704,6.682304249845511,-0.0038690458775738623,6.6823053699318,0.27842939041382503,-0.2784580169191786,-0.003663695762318447,0.02755153841389662,0.13775769206948307,0.04393550764345422,0.0003180196776644273,0.0,0.0,0.26976139970802854,19.5,0.8125,19.5,0.8125,19.5,0.8125,0.13141663716025587,0.0,0.0,0.4766157821084115,0.0,0.0,1.0,0.0,20.965167061379386,-0.0017941837249685982,0.032
raceline_xy,20260415_212047_eb9da4db,892,28.576000000000022,332.3326958548299,-85.05411868801527,6.67226830318529,-0.00362824161869435,6.672269289666624,0.278011220402776,-0.2785629392770854,-0.0032738716286752957,0.039834036495210876,0.19917018247605436,0.04425469278493699,0.00033519052011854455,0.0,0.0,0.26991746700997143,19.5,0.8125,19.5,0.8125,19.5,0.8125,0.13022480051415863,0.0,0.0,0.474246332917358,0.0,0.0,1.0,0.0,29.99763930003798,-0.0023152281812507847,0.032
raceline_xy,20260415_212047_eb9da4db,893,28.608000000000022,332.53763350454904,-85.11288610102324,6.662411313942207,-0.0039969098549370585,6.662412512853997,0.27760052136891655,-0.27866397697383327,-0.0031520811205030994,0.05164956860757998,0.2582478430378999,0.0447123727102281,0.00041867234781456375,0.0,0.0,0.27015155399924107,19.5,0.8125,19.5,0.8125,19.5,0.8125,0.12827256886603378,0.0,0.0,0.47179852212849294,0.0,0.0,1.0,0.0,38.868738431402065,-0.004397109178619449,0.032
raceline_xy,20260415_212047_eb9da4db,894,28.640000000000022,332.74226126338687,-85.17161029370463,6.652729800677924,-0.004669597207562104,6.652731439489062,0.27719714331204426,-0.27876808402853825,-0.003247488884036592,0.039495190573548736,0.19747595286774366,0.045024526712969415,0.0004385023529240861,0.0,0.0,0.2703076137062811,19.5,0.8125,19.5,0.8125,19.5,0.8125,0.12685290642465752,0.0,0.0,0.47413277609894067,0.0,0.0,1.0,0.0,47.58170445984362,-0.0024546031606818147,0.032
raceline_xy,20260415_212047_eb9da4db,895,28.672000000000022,332.94657314117313,-85.23033121110382,6.643212348618004,-0.006398550400055214,6.643215430066825,0.27680064291945106,-0.27890189598320525,-0.004174369501714514,0.028313741945415225,0.1415687097270761,0.0453028607367294,0.00042936666743242924,0.0,0.0,0.2704636747864563,19.5,0.8125,19.5,0.8125,19.5,0.8125,0.12533182616745187,0.0,0.0,0.47631261099234107,0.0,0.0,1.0,0.0,56.146112939856785,-0.0012073372371021493,0.032
raceline_xy,20260415_212047_eb9da4db,896,28.704000000000022,333.1505924318062,-85.28898791138572,6.633870796189846,-0.00601751548471352,6.633873525402268,0.27641139689176114,-0.2790479586320336,-0.004557153744392991,0.019180485368212673,0.09590242684106336,0.04556559734687138,0.00040871947522225227,0.0,0.0,0.2706197372413397,19.5,0.8125,19.5,0.8125,19.5,0.8125,0.12370336875299826,0.0,0.0,0.4781094334199158,0.0,0.0,1.0,0.0,64.55382713795856,-0.0007904000548801915,0.032
raceline_xy,20260415_212047_eb9da4db,897,28.736000000000022,333.3543324867862,-85.347553777065,6.624701086498117,-0.00477871184027534,6.62470281005391,0.2760292837522463,-0.27918585916920957,-0.004302950566724316,0.015344039800930112,0.07672019900465056,0.04583336853130904,0.0003969735600413138,0.0,0.0,0.2707758010725466,19.5,0.8125,19.5,0.8125,19.5,0.8125,0.12196150796681504,0.0,0.0,0.47887285004392455,0.0,0.0,1.0,0.0,72.80747095148037,-0.0012082454248644114,0.032
raceline_xy,20260415_212047_eb9da4db,898,28.768000000000022,333.5577971331841,-85.40603448799997,6.615694991160185,-0.0037995345792651847,6.615696082236924,0.2756540034265385,-0.2793057035046944,-0.0037397747372022293,0.019577208671365184,0.09788604335682592,0.04611576953657259,0.00040401516806243265,0.0,0.0,0.270931866281735,19.5,0.8125,19.5,0.8125,19.5,0.8125,0.1201001483534041,0.0,0.0,0.4780571369031827,0.0,0.0,1.0,0.0,80.91352598676824,-0.0019861777199875223,0.032
raceline_xy,20260415_212047_eb9da4db,899,28.800000000000022,333.7609849034646,-85.46445346078582,6.606846447439903,-0.0036335704187391293,6.606847446618035,0.2752853102757515,-0.27941116584062176,-0.003291089832182782,0.02814092265630621,0.14070461328153103,0.0464073986906528,0.00042617700640024125,0.0,0.0,0.27108793287060506,19.5,0.8125,19.5,0.8125,19.5,0.8125,0.1181173121108805,0.0,0.0,0.4763895879779158,0.0,0.0,1.0,0.0,88.87729804376798,-0.002576872770177802,0.032
raceline_xy,20260415_212047_eb9da4db,900,28.832000000000022,333.9638944690406,-85.5228330766593,6.598150984866717,-0.0041730568597839746,6.598152304509284,0.2749230126878868,-0.2795136180864759,-0.003197311225439381,0.037984902509963926,0.18992451254981962,0.046696653458876636,0.0004520879753013851,0.0,0.0,0.2712440008409004,19.5,0.8125,19.5,0.8125,19.5,0.8125,0.11600974234283257,0.0,0.0,0.4744721044687848,0.0,0.0,1.0,0.0,96.70292594164378,-0.002697152200244136,0.032
raceline_xy,20260415_212047_eb9da4db,901,28.864000000000022,334.16652816321624,-85.58118249247698,6.58960479632035,-0.0049210419288387985,6.58960663380917,0.2745669430753821,-0.27962338448999446,-0.0034259165815772566,0.04814626448250584,0.2407313224125292,0.0469734461733875,0.00047142382637233027,0.0,0.0,0.27140007019440743,19.5,0.8125,19.5,0.8125,19.5,0.8125,0.11377480388757766,0.0,0.0,0.47250230424859474,0.0,0.0,1.0,0.0,104.3940295717463,-0.0024173263579712854,0.032
raceline_xy,20260415_212047_eb9da4db,902,28.896000000000022,334.3688922804634,-85.63949680250606,6.581205639914619,-0.005397514708369355,6.581207853275036,0.27421699388645987,-0.27974405073220865,-0.003766657254532263,0.04688915497511848,0.2344457748755924,0.047347065258354526,0.0005457966643733769,0.0,0.0,0.27163417682220536,19.5,0.8125,19.5,0.8125,19.5,0.8125,0.11018327585094578,0.0,0.0,0.4726135707643908,0.0,0.0,1.0,0.0,111.95293205246682,-0.00408413154437361,0.032
raceline_xy,20260415_212047_eb9da4db,903,28.928000000000022,334.57099444252793,-85.6977664029623,6.572952737443298,-0.005485266028399938,6.572955026227302,0.2738731260928043,-0.2798702724249402,-0.003940722399554855,0.037449486141713756,0.18724743070856878,0.047592950400142886,0.0005505248230557314,0.0,0.0,0.27179024964184434,19.5,0.8125,19.5,0.8125,19.5,0.8125,0.10762926090445823,0.0,0.0,0.47444538198377284,0.0,0.0,1.0,0.0,119.38047639542742,-0.0019522541451200363,0.032
raceline_xy,20260415_212047_eb9da4db,904,28.960000000000022,334.77282875350926,-85.75602731745357,6.56483414629373,-0.0065538087921523935,6.564837417693893,0.2735348924039122,-0.2800199686645457,-0.004674005360291799,0.02887343398009965,0.14436716990049825,0.04780850078369969,0.000532517472478844,0.0,0.0,0.27194632385129225,19.5,0.8125,19.5,0.8125,19.5,0.8125,0.10494728038329448,0.0,0.0,0.4761414654474115,0.0,0.0,1.0,0.0,126.68632407549624,-0.000978782550767086,0.032
raceline_xy,20260415_212047_eb9da4db,905,28.992000000000022,334.9744163594887,-85.81422291147291,6.5568616934007204,-0.005726812503456191,6.55686419432088,0.27320267476337,-0.28017186442747555,-0.004743697707448768,0.021778372461671327,0.10889186230835662,0.048015508232528425,0.0005130496355700842,0.0,0.0,0.27210239945253356,19.5,0.8125,19.5,0.8125,19.5,0.8125,0.10213421867353611,0.0,0.0,0.47755696701672135,0.0,0.0,1.0,0.0,133.86222511120732,-0.0009679801606232311,0.032
raceline_xy,20260415_212047_eb9da4db,906,29.024000000000022,335.1757661260811,-85.87233853466653,6.549028645425234,-0.0044845303811347215,6.549030180844566,0.27287625753519024,-0.2803086593964643,-0.00427331583193493,0.01756337527172373,0.08781687635861864,0.04823111763861121,0.0005094180131872683,0.0,0.0,0.27225846792559266,19.5,0.8125,19.5,0.8125,19.5,0.8125,0.09921143551625766,0.0,0.0,0.47840200823276546,0.0,0.0,1.0,0.0,140.9128372398901,-0.001647729094619075,0.032
raceline_xy,20260415_212047_eb9da4db,907,29.056000000000022,335.37687804820405,-85.93038949739125,6.541327583953201,-0.0038269089435856163,6.541328703391926,0.27255536264133023,-0.28042669412958166,-0.0036884093771542693,0.01796884894162095,0.08984424470810475,0.048458352544530126,0.0005252802857103056,0.0,0.0,0.27241452530858723,19.5,0.8125,19.5,0.8125,19.5,0.8125,0.09621573229344005,0.0,0.0,0.47833761533551367,0.0,0.0,1.0,0.0,147.84416694726613,-0.002433004341328771,0.032
raceline_xy,20260415_212047_eb9da4db,908,29.088000000000022,335.5777490367542,-85.98840124794805,6.533753847880299,-0.004029027818699404,6.53375509012664,0.2722397954219433,-0.2805344705388144,-0.0033686289273405505,0.022472480113956486,0.11236240056978243,0.04868791213458401,0.000552139786744732,0.0,0.0,0.2725705840887425,19.5,0.8125,19.5,0.8125,19.5,0.8125,0.0931814203574155,0.0,0.0,0.47747560177930365,0.0,0.0,1.0,0.0,154.66041888602388,-0.00284772135950349,0.032
raceline_xy,20260415_212047_eb9da4db,909,29.120000000000022,335.77837811471704,-86.04639145259294,6.526303812974264,-0.004757681196634778,6.526305547150915,0.2719293977979548,-0.2806443962147904,-0.0034360808442304566,0.029022828133992616,0.14511414066996306,0.04890671395820334,0.0005775889028978298,0.0,0.0,0.2727266442678825,19.5,0.8125,19.5,0.8125,19.5,0.8125,0.09283230433412992,0.0,0.0,0.4762270137087239,0.0,0.0,1.0,0.0,161.36500756417647,-0.0027647330155245163,0.032
raceline_xy,20260415_212047_eb9da4db,910,29.152000000000022,335.9787686523035,-86.10436240133832,6.518975097760712,-0.005460777710854403,6.518977384936804,0.27162405770570014,-0.280764564895176,-0.0037562797119968295,0.036364179847959234,0.18182089923979616,0.049106235412187615,0.0005935338735247875,0.0,0.0,0.27288270584787655,19.5,0.8125,19.5,0.8125,19.5,0.8125,0.09379005545012076,0.0,0.0,0.4748439988170455,0.0,0.0,1.0,0.0,167.96035355687619,-0.0023801567900656,0.032
raceline_xy,20260415_212047_eb9da4db,911,29.184000000000022,336.1789273833186,-86.1623046519991,6.511767097246439,-0.005754850272963852,6.511769640204035,0.27132373500850143,-0.2808953217675012,-0.004087404434496861,0.04396371388764428,0.2198185694382214,0.04928589054922439,0.0005996294880348252,0.0,0.0,0.2730387688306401,19.5,0.8125,19.5,0.8125,19.5,0.8125,0.09475689550193556,0.0,0.0,0.4734298445666727,0.0,0.0,1.0,0.0,174.44732381636828,-0.002008578414737874,0.032
raceline_xy,20260415_212047_eb9da4db,912,29.216000000000022,336.3788616940227,-86.22020645340767,6.504679233629166,-0.005600328709227664,6.504681644484084,0.27102840185350346,-0.28103125103037474,-0.004249558689358916,0.05159339930904448,0.25796699654522237,0.049450891687835785,0.000601288233548658,0.0,0.0,0.27319483321813454,19.5,0.8125,19.5,0.8125,19.5,0.8125,0.09573301630267572,0.0,0.0,0.47202224915207797,0.0,0.0,1.0,0.0,180.82651996432438,-0.0018684745385362548,0.032
raceline_xy,20260415_212047_eb9da4db,913,29.248000000000022,336.5785772405864,-86.27806182058534,6.497709359638785,-0.0052272511036781655,6.4977114622374215,0.2707379775932259,-0.2811659107929767,-0.004210597608520213,0.04740981091045313,0.23704905455226566,0.04967111037293259,0.000674386183471043,0.0,0.0,0.27342893243765193,19.5,0.8125,19.5,0.8125,19.5,0.8125,0.09721439832485856,0.0,0.0,0.472822302834151,0.0,0.0,1.0,0.0,187.0996839863203,-0.004215154542808134,0.032
raceline_xy,20260415_212047_eb9da4db,914,29.280000000000022,336.7780766637883,-86.33587487704278,6.490854521650727,-0.005001863919887883,6.490856448873012,0.27045235203637547,-0.2812936488939224,-0.003995048716411095,0.040474721126718585,0.2023736056335929,0.04981954986490811,0.0006860766146474795,0.0,0.0,0.27358500034586064,19.5,0.8125,19.5,0.8125,19.5,0.8125,0.09821390371979444,0.0,0.0,0.4742333595554161,0.0,0.0,1.0,0.0,193.26919601428915,-0.0024102371130024594,0.032
raceline_xy,20260415_212047_eb9da4db,915,29.312000000000022,336.9773474292189,-86.39370081666493,6.48410258510931,-0.006415881687898528,6.484105759297813,0.2701710733040755,-0.2814411411017059,-0.004611822190826381,0.034088229612158724,0.1704411480607936,0.04993748997841596,0.0006787516629782608,0.0,0.0,0.2737410696660326,19.5,0.8125,19.5,0.8125,19.5,0.8125,0.09922300089763914,0.0,0.0,0.4755712980995262,0.0,0.0,1.0,0.0,199.34481663196823,-0.0015516719266465708,0.032
raceline_xy,20260415_212047_eb9da4db,916,29.344000000000023,337.1764084044066,-86.45148761187751,6.4774658310523545,-0.006070841738367916,6.477468675923503,0.2698945281634793,-0.281594095318181,-0.004782971077026291,0.028409757038632473,0.14204878519316236,0.050040612939663554,0.0006667034365479552,0.0,0.0,0.27389714040034024,19.5,0.8125,19.5,0.8125,19.5,0.8125,0.10024174036167999,0.0,0.0,0.47678656892394905,0.0,0.0,1.0,0.0,205.31819166884696,-0.0013886391687694811,0.032
raceline_xy,20260415_212047_eb9da4db,917,29.376000000000023,337.37526852051093,-86.5092172992583,6.47094109639378,-0.005167231916781478,6.470943159484838,0.26962263164520156,-0.28173836114865125,-0.0045124088986163245,0.023733841426135098,0.11866920713067548,0.05014391488092507,0.000664082340067651,0.0,0.0,0.27405321255100334,19.5,0.8125,19.5,0.8125,19.5,0.8125,0.10127017341226185,0.0,0.0,0.477804512138829,0.0,0.0,1.0,0.0,211.1911564636455,-0.0018077973446644327,0.032
raceline_xy,20260415_212047_eb9da4db,918,29.408000000000023,337.5739292501696,-86.56689708737638,6.464523038860044,-0.004558267623338885,6.464524645923784,0.26935519358015764,-0.2818688306511934,-0.004082145469406855,0.02053725456027754,0.1026862728013877,0.050252946669649745,0.0006759963253775148,0.0,0.0,0.2742092861202897,19.5,0.8125,19.5,0.8125,19.5,0.8125,0.1023081171613458,0.0,0.0,0.47852647113692204,0.0,0.0,1.0,0.0,216.96781866859425,-0.002405386431131818,0.032
raceline_xy,20260415_212047_eb9da4db,919,29.440000000000023,337.7723887469729,-86.62454518017587,6.458207773565516,-0.004573129846341173,6.4582093927077535,0.2690920580294897,-0.2819900573791321,-0.003793749762711907,0.01935709858276756,0.0967854929138378,0.0503634217948008,0.0006978918491507002,0.0,0.0,0.27436536111051496,19.5,0.8125,19.5,0.8125,19.5,0.8125,0.10335520729137526,0.0,0.0,0.47885380317047443,0.0,0.0,1.0,0.0,222.65154656302144,-0.0027948823590722718,0.032
raceline_xy,20260415_212047_eb9da4db,920,29.472000000000023,337.97064596888936,-86.68217667633664,6.451992680242172,-0.005053671306224361,6.451994659443871,0.2688331108101613,-0.2821109894997611,-0.003784534855242329,0.02035942937044797,0.10179714685223984,0.0504667091038562,0.000720820754045004,0.0,0.0,0.2745214375240432,19.5,0.8125,19.5,0.8125,19.5,0.8125,0.10441124510459066,0.0,0.0,0.47876464027190824,0.0,0.0,1.0,0.0,228.24480650051564,-0.002820338810944021,0.032
raceline_xy,20260415_212047_eb9da4db,921,29.504000000000023,338.1687028937763,-86.73979606563323,6.445876273233161,-0.005609986811307532,6.445878714479682,0.26857827976998677,-0.2822386344570642,-0.003994072584157351,0.02311315839649,0.11556579198244998,0.05055628847816873,0.0007377672485127107,0.0,0.0,0.2746774972368211,19.5,0.8125,19.5,0.8125,19.5,0.8125,0.10547559784656535,0.0,0.0,0.4783498406525347,0.0,0.0,1.0,0.0,233.74915696828572,-0.0025781746284392125,0.032
raceline_xy,20260415_212047_eb9da4db,922,29.536000000000023,338.36656429196944,-86.79739818588912,6.439858384682972,-0.005917696975331399,6.439861103619322,0.2683275459841384,-0.2823746182894813,-0.004254454207304598,0.02695259857340611,0.13476299286703053,0.050631176460155025,0.0007471119947344285,0.0,0.0,0.27483355502568885,19.5,0.8125,19.5,0.8125,19.5,0.8125,0.10654757690645411,0.0,0.0,0.47773892853555455,0.0,0.0,1.0,0.0,239.16500674261013,-0.0022909641595661987,0.032
raceline_xy,20260415_212047_eb9da4db,923,29.568000000000023,338.564235928306,-86.8549744702924,6.43393910974504,-0.005886392506820881,6.433941802466319,0.2680809084360966,-0.2825157825766298,-0.0044163085277174234,0.03136527512693591,0.15682637563467955,0.05069522933182746,0.0007520149258208875,0.0,0.0,0.2749896142441614,19.5,0.8125,19.5,0.8125,19.5,0.8125,0.10762645737156395,0.0,0.0,0.4770261164970869,0.0,0.0,1.0,0.0,244.49237778031244,-0.002143708966746272,0.032
raceline_xy,20260415_212047_eb9da4db,924,29.600000000000023,338.76172266569716,-86.91251937026689,6.428117531554898,-0.0056453175527300115,6.4281200104769125,0.2678383337698714,-0.2826573427554475,-0.004428797759957525,0.03604670258008511,0.18023351290042555,0.05075388173482942,0.0007572605807095734,0.0,0.0,0.27514567489442454,19.5,0.8125,19.5,0.8125,19.5,0.8125,0.10871147382106283,0.0,0.0,0.4762636785277453,0.0,0.0,1.0,0.0,249.73199057077835,-0.0021889666835256793,0.032
raceline_xy,20260415_212047_eb9da4db,925,29.632000000000023,338.959027599353,-86.97003320939451,6.422391703778192,-0.005406777603504942,6.422393979662336,0.2675997491525973,-0.28279607422397923,-0.004340544655545516,0.040827960458274505,0.20413980229137252,0.050810914613865776,0.0007660735370964566,0.0,0.0,0.2753017369787135,19.5,0.8125,19.5,0.8125,19.5,0.8125,0.10980181837200886,0.0,0.0,0.4754797831999515,0.0,0.0,1.0,0.0,254.88541830389747,-0.002354941126651777,0.032
raceline_xy,20260415_212047_eb9da4db,926,29.664000000000023,339.15615242789517,-87.02752086288888,6.416759420982833,-0.005321214717551204,6.416761627339605,0.26736506780581687,-0.28293170219446395,-0.004243602767700078,0.045614830801077484,0.22807415400538741,0.05086708640655546,0.000778728558264774,0.0,0.0,0.2754578004993131,19.5,0.8125,19.5,0.8125,19.5,0.8125,0.11089664041319347,0.0,0.0,0.4746918227279495,0.0,0.0,1.0,0.0,259.9545353943548,-0.0025216777482456043,0.032
raceline_xy,20260415_212047_eb9da4db,927,29.696000000000023,339.3530984894425,-87.08498821927931,6.411218775512689,-0.005409310136092582,6.41122105749931,0.2671342107291379,-0.28306622015507,-0.004208801347770708,0.05035244720256633,0.25176223601283165,0.050920871284859004,0.0007932238484973375,0.0,0.0,0.2756138654585587,19.5,0.8125,19.5,0.8125,19.5,0.8125,0.11199482356672696,0.0,0.0,0.4739123082461107,0.0,0.0,1.0,0.0,264.94104825062095,-0.0026029286024001953,0.032
raceline_xy,20260415_212047_eb9da4db,928,29.728000000000023,339.5498676817639,-87.14243907177885,6.405768343645484,-0.005587319028257598,6.405770780365508,0.2669071158485628,-0.28320211525083927,-0.00425159858260847,0.05333325067113943,0.2666662533556971,0.050983348490504454,0.0008822297456165806,0.0,0.0,0.2758479656001201,19.5,0.8125,19.5,0.8125,19.5,0.8125,0.11364695619144394,0.0,0.0,0.4734586055060017,0.0,0.0,1.0,0.0,269.84629767104263,-0.005032403847216348,0.032
raceline_xy,20260415_212047_eb9da4db,929,29.760000000000023,339.74646218232476,-87.19987619871462,6.400407686276692,-0.005828261314064109,6.400410339906317,0.26668376416276324,-0.28333846124360873,-0.004265448366990019,0.04899997931742321,0.24499989658711605,0.05103007067835863,0.000896740849249511,0.0,0.0,0.27600403416652763,19.5,0.8125,19.5,0.8125,19.5,0.8125,0.11475164459982556,0.0,0.0,0.4744357494255095,0.0,0.0,1.0,0.0,274.6706940843141,-0.0027156389870163413,0.032
raceline_xy,20260415_212047_eb9da4db,930,29.792000000000023,339.94286993447037,-87.25734967779144,6.395123397311764,-0.007495922292272583,6.395127790411648,0.26646365793381865,-0.28350335936165294,-0.005156200055024827,0.04494475845272796,0.22472379226363978,0.0510462193398471,0.0008834383351916664,0.0,0.0,0.27616010418015213,19.5,0.8125,19.5,0.8125,19.5,0.8125,0.1158586777110262,0.0,0.0,0.47539310646643623,0.0,0.0,1.0,0.0,279.4249886295167,-0.0015070124503952626,0.032
raceline_xy,20260415_212047_eb9da4db,931,29.824000000000023,340.13911338081465,-87.31479345355778,6.38993545846254,-0.006933482399090973,6.3899392200939635,0.26624746750391515,-0.2836766799990267,-0.005419312555971101,0.04115370141832411,0.20576850709162056,0.05105407493380021,0.0008624518323490094,0.0,0.0,0.2763161756435573,19.5,0.8125,19.5,0.8125,19.5,0.8125,0.11696782429331876,0.0,0.0,0.4763063335356139,0.0,0.0,1.0,0.0,284.09470191543244,-0.0012455994987904664,0.032
raceline_xy,20260415_212047_eb9da4db,932,29.856000000000023,340.3352025710612,-87.372183722486,6.384840617397167,-0.005644719256473696,6.3848431125925185,0.26603512969135495,-0.28383842257026615,-0.005058154947993755,0.0376292008343419,0.1881460041717095,0.05107511284882893,0.000853781949066601,0.0,0.0,0.2764722485593584,19.5,0.8125,19.5,0.8125,19.5,0.8125,0.11807885239890892,0.0,0.0,0.4771493198604277,0.0,0.0,1.0,0.0,288.681198666733,-0.0017964549475576737,0.032
raceline_xy,20260415_212047_eb9da4db,933,29.888000000000023,340.53113767529965,-87.42952978895097,6.379832009394489,-0.004758182293196578,6.379833783759046,0.2658264076566269,-0.2839808930408374,-0.004456523718260197,0.03439395083270763,0.17196975416353816,0.05111797167004983,0.0008651227427680652,0.0,0.0,0.2766283229302224,19.5,0.8125,19.5,0.8125,19.5,0.8125,0.11918689738066313,0.0,0.0,0.477907371473282,0.0,0.0,1.0,0.0,293.1895946168584,-0.002615901317842853,0.032
raceline_xy,20260415_212047_eb9da4db,934,29.920000000000023,340.7269143184816,-87.48685602078102,6.374905435316366,-0.0047287611564406085,6.374907189160343,0.26562113288168093,-0.2841098105127289,-0.004033073215695862,0.03148767127815548,0.15743835639077738,0.0511776359375089,0.0008907551343857456,0.0,0.0,0.2767843987588682,19.5,0.8125,19.5,0.8125,19.5,0.8125,0.12028718893332835,0.0,0.0,0.4785787632210514,0.0,0.0,1.0,0.0,297.62352975569104,-0.0031693506418273808,0.032
raceline_xy,20260415_212047_eb9da4db,935,29.952000000000023,340.9225291399834,-87.54418299444806,6.3700584651635275,-0.0053562575196814954,6.370060717065115,0.2654191965443798,-0.2842373178113906,-0.0039885042957579445,0.028952179722400943,0.1447608986120047,0.05124272779379613,0.0009185332651000522,0.0,0.0,0.2769404698756262,19.5,0.8125,19.5,0.8125,19.5,0.8125,0.1213704931813342,0.0,0.0,0.4791690073328971,0.0,0.0,1.0,0.0,301.9853546413958,-0.0032276323281308964,0.032
raceline_xy,20260415_212047_eb9da4db,936,29.984000000000023,341.1179828866098,-87.60151706784977,6.365289951729839,-0.006115137622457079,6.365292889137231,0.26522053704738463,-0.2843733102189816,-0.0042528821861044,0.026825134643976303,0.1341256732198815,0.05130434557368657,0.0009385569971516183,0.0,0.0,0.27709652659773876,19.5,0.8125,19.5,0.8125,19.5,0.8125,0.12242617781554399,0.0,0.0,0.479681484331433,0.0,0.0,1.0,0.0,306.276399776492,-0.0029068301098921136,0.032
raceline_xy,20260415_212047_eb9da4db,937,30.016000000000023,341.31328022791274,-87.65885126654769,6.360600717741377,-0.0065539196228425745,6.360604094297534,0.26502517059573055,-0.28452050391618844,-0.00460222948457517,0.02515214183332509,0.12576070916662543,0.0513609817621945,0.0009481179416490626,0.0,0.0,0.2772525847851711,19.5,0.8125,19.5,0.8125,19.5,0.8125,0.12344364146999043,0.0,0.0,0.4801091078916952,0.0,0.0,1.0,0.0,310.49631513221925,-0.0025051723011753936,0.032
raceline_xy,20260415_212047_eb9da4db,938,30.048000000000023,341.5084273801001,-87.7161735007567,6.355992134724504,-0.006530797962196244,6.355995489929314,0.26483314541372144,-0.28467495509809293,-0.004828636739767022,0.023947331414637247,0.11973665707318623,0.051417872706786216,0.0009511598779861075,0.0,0.0,0.27740864444044594,19.5,0.8125,19.5,0.8125,19.5,0.8125,0.1244123337478027,0.0,0.0,0.4804427392273449,0.0,0.0,1.0,0.0,314.64405906361696,-0.0022800486993221174,0.032
raceline_xy,20260415_212047_eb9da4db,939,30.080000000000023,341.7034294885271,-87.77347533767418,6.351463966377822,-0.006205991399834021,6.351466998302451,0.26464445826260213,-0.28483019656272024,-0.00485323409863492,0.02320775659115552,0.11603878295577759,0.05148272156870659,0.0009541499825056476,0.0,0.0,0.2775647055661393,19.5,0.8125,19.5,0.8125,19.5,0.8125,0.12532174469788737,0.0,0.0,0.48067360133629317,0.0,0.0,1.0,0.0,318.7197015277939,-0.002315795473862331,0.032
raceline_xy,20260415_212047_eb9da4db,940,30.112000000000023,341.8982893504889,-87.83075615255862,6.347014228838411,-0.005863635377944432,6.347016937372792,0.26445903905719964,-0.2849816005553776,-0.004733334935427581,0.022913819342370297,0.11456909671185148,0.05156126894042057,0.0009617159840069611,0.0,0.0,0.27772076816488067,19.5,0.8125,19.5,0.8125,19.5,0.8125,0.1261613998404405,0.0,0.0,0.4807985635140789,0.0,0.0,1.0,0.0,322.72475636448695,-0.0025257679207577126,0.032
raceline_xy,20260415_212047_eb9da4db,941,30.144000000000023,342.0930078156446,-87.88802168440276,6.342640433836509,-0.005716123798164219,6.34264300958276,0.26427679206594834,-0.28512845389624264,-0.0045910848682383515,0.023028999519070954,0.11514499759535476,0.05165524098505747,0.000974568528007147,0.0,0.0,0.2778768322393537,19.5,0.8125,19.5,0.8125,19.5,0.8125,0.12692085543025922,0.0,0.0,0.48082265671188373,0.0,0.0,1.0,0.0,326.6612913755155,-0.002750210143735333,0.032
raceline_xy,20260415_212047_eb9da4db,942,30.176000000000023,342.2875851477495,-87.9452794206057,6.338340477078479,-0.005805229692704028,6.338343135557054,0.26409763064821057,-0.2852732360880501,-0.004526165335895647,0.023500573100055325,0.11750286550027662,0.0517631455822829,0.0009902213497769985,0.0,0.0,0.2780328977922956,19.5,0.8125,19.5,0.8125,19.5,0.8125,0.12758754437178155,0.0,0.0,0.48075795674818467,0.0,0.0,1.0,0.0,330.53117799865134,-0.0028670916061706675,0.032
raceline_xy,20260415_212047_eb9da4db,943,30.208000000000023,342.48202229983093,-88.00253432157639,6.334112909380841,-0.006027751658344238,6.334115777484264,0.263921490728511,-0.28541931053946357,-0.004566228073856755,0.024263730963387093,0.12131865481693546,0.051887100050842516,0.0010053202292286123,0.0,0.0,0.27818896482649824,19.5,0.8125,19.5,0.8125,19.5,0.8125,0.13112026768455864,0.0,0.0,0.48061453044992314,0.0,0.0,1.0,0.0,334.3358002641618,-0.0028498428182541988,0.032
raceline_xy,20260415_212047_eb9da4db,944,30.240000000000023,342.67632141538274,-88.05978719344023,6.329956931160752,-0.006235306061481927,6.329960002195253,0.2637483334248022,-0.28556878225383553,-0.004672046661224909,0.02524906865350168,0.1262453432675084,0.052028916390531865,0.001017760200905382,0.0,0.0,0.27834503334480787,19.5,0.8125,19.5,0.8125,19.5,0.8125,0.1422818995521351,0.0,0.0,0.48040370011955086,0.0,0.0,1.0,0.0,338.07599802427217,-0.0027548464582373873,0.032
raceline_xy,20260415_212047_eb9da4db,945,30.272000000000023,342.870485498628,-88.11703586032115,6.325872089763549,-0.006330750987974421,6.32587525757958,0.2635781357324825,-0.28572167676007787,-0.004778730904496595,0.026390786552329723,0.1319539327616486,0.05218774252005742,0.0010275157739281227,0.0,0.0,0.2785011033501257,19.159939885937995,0.7983308285807498,19.159939885937995,0.7983308285807498,19.159939885937995,0.7983308285807498,0.15446538631649442,0.0,0.0,0.4677455971390937,0.0,0.0,1.0,0.0,341.7522681783778,-0.002665956984757474,0.032
raceline_xy,20260415_212047_eb9da4db,946,30.304000000000023,343.06451767553335,-88.1742776691977,6.321857780348459,-0.006308030560154165,6.321860927464468,0.26341087197768615,-0.28587652087517856,-0.00483948417976296,0.02763263511977645,0.13816317559888222,0.05236829743219307,0.001036060169211872,0.0,0.0,0.27865717484540775,18.547873068562293,0.7728280445234289,18.547873068562293,0.7728280445234289,18.547873068562293,0.7728280445234289,0.16763934211052156,0.0,0.0,0.4451589030945262,0.0,0.0,1.0,0.0,345.3651652819785,-0.002639575688904241,0.032
raceline_xy,20260415_212047_eb9da4db,947,30.336000000000023,343.2584205775215,-88.23151153611423,6.317912950737562,-0.0062293918684290794,6.317916021792349,0.26324650090801455,-0.2860315965072022,-0.00484663084505397,0.028930251946100004,0.14465125973050003,0.05257551917333947,0.0010451115166691949,0.0,0.0,0.2788132478336656,17.944345788145966,0.7476810745060819,17.944345788145966,0.7476810745060819,17.944345788145966,0.7476810745060819,0.18176451921718195,0.0,0.0,0.4228849484296497,0.0,0.0,0.9736470547614429,0.0,348.9155803868858,-0.0026809273354170614,0.032
raceline_xy,20260415_212047_eb9da4db,948,30.368000000000023,343.4521961599828,-88.28873851786453,6.3140361879170905,-0.006170831685275768,6.314039203353925,0.2630849668064135,-0.28618597159635994,-0.004824681639146299,0.030250357897998004,0.15125178948999002,0.052813524597153716,0.0010556019140590678,0.0,0.0,0.2789693223179665,17.38028415802567,0.724178506584403,17.38028415802567,0.724178506584403,17.38028415802567,0.724178506584403,0.1961057826670265,0.0,0.0,0.4020535472238094,0.0,0.0,0.9305004968619179,0.0,352.4047169814671,-0.002755836618409053,0.032
raceline_xy,20260415_212047_eb9da4db,949,30.400000000000023,343.64584593274395,-88.34596101337114,6.31022598903738,-0.006175534872808974,6.310229010896019,0.26292620878733414,-0.28633979542605914,-0.004807383628193021,0.03156826139776118,0.15784130698880589,0.0530853265831257,0.001067382115935267,0.0,0.0,0.2791253983014334,16.8375144254502,0.701563101060425,16.8375144254502,0.701563101060425,16.8375144254502,0.701563101060425,0.21106733621015605,0.0,0.0,0.38200663823385866,0.0,0.0,0.883776399754124,0.0,355.83389019358265,-0.0028211667258881863,0.032
raceline_xy,20260415_212047_eb9da4db,950,30.432000000000023,343.8393713542421,-88.4031814367634,6.306480980446033,-0.006239094845037263,6.3064840666596504,0.2627701694441521,-0.2864939051106523,-0.00481621739213854,0.03286933625294648,0.1643466812647324,0.05339324841812676,0.0010796124685992226,0.0,0.0,0.27928147092948663,16.315714243126152,0.679821426796923,16.315714243126152,0.679821426796923,16.315714243126152,0.679821426796923,0.2266484602698986,0.0,0.0,0.36273475304063163,0.0,0.0,0.8390215255677849,0.0,359.2043400063142,-0.0028514941359586146,0.032
raceline_xy,20260415_212047_eb9da4db,951,30.464000000000024,344.032774121572,-88.46040125724848,6.302800000215443,-0.006325625003864355,6.302803174480977,0.26261679893670736,-0.2866491617054514,-0.0048519466306034065,0.034150700263182565,0.17075350131591283,0.05373960252758936,0.0010914249975244594,0.0,0.0,0.27943752725024357,15.817978571834214,0.6590824404930923,15.817978571834214,0.6590824404930923,15.817978571834214,0.6590824404930923,0.24272915903459902,0.0,0.0,0.3443501179532219,0.0,0.0,0.7976102458650746,0.0,362.51714296712015,-0.0028473115211306984,0.032
raceline_xy,20260415_212047_eb9da4db,952,30.496000000000024,344.22605622467097,-88.51762083647138,6.2991820513299395,-0.006396801396065133,6.299185299295883,0.26246605413732843,-0.28680596533900493,-0.0049001950669880995,0.03538526342994109,0.17692631714970544,0.05412717722440208,0.0011024289605412463,0.0,0.0,0.27959358507890186,15.346483410453548,0.6394368087688979,15.346483410453548,0.6394368087688979,15.346483410453548,0.6394368087688979,0.2591811540294353,0.0,0.0,0.3269338323092219,0.0,0.0,0.7594708610684933,0.0,365.7732306337051,-0.0028299963896558167,0.032
raceline_xy,20260415_212047_eb9da4db,953,30.528000000000024,344.41921980723055,-88.57483990784927,6.2956261818118495,-0.006433428626603455,6.295629468934679,0.26231789453894494,-0.28696415610501536,-0.004943482592777793,0.036563150581074386,0.18281575290537191,0.05455932720926571,0.0011127842369171859,0.0,0.0,0.27974964441837086,14.902641151346486,0.6209433813061036,14.902641151346486,0.6209433813061036,14.902641151346486,0.6209433813061036,0.27586938978062703,0.0,0.0,0.3105356021547263,0.0,0.0,0.7245046475756888,0.0,368.9734779587889,-0.0028208635618385334,0.032
raceline_xy,20260415_212047_eb9da4db,954,30.560000000000024,344.61226694917417,-88.63205830611925,6.292131361821442,-0.006441985632265279,6.292134659525003,0.2621722774802085,-0.287123274286754,-0.004972443058433176,0.03767691891065486,0.1883845945532743,0.05503970052266638,0.0011229505159593423,0.0,0.0,0.27990570527161684,14.487244270341385,0.603635177930891,14.487244270341385,0.603635177930891,14.487244270341385,0.603635177930891,0.29265378399632835,0.0,0.0,0.29518173569732487,0.0,0.0,0.6925964540972506,0.0,372.11880642749657,-0.0028306690755234313,0.032
raceline_xy,20260415_212047_eb9da4db,955,30.592000000000024,344.8051995373288,-88.68927639315304,6.288696458430863,-0.00644258023782962,6.288699758544766,0.26202915660603193,-0.28728290333236517,-0.004988413881553791,0.038721298278504644,0.1936064913925232,0.05557188742811636,0.001133344322040486,0.0,0.0,0.28006176764166346,14.100592490737608,0.587524687114067,14.100592490737608,0.587524687114067,14.100592490737608,0.587524687114067,0.30939120233027717,0.0,0.0,0.28088022351607456,0.0,0.0,0.6636221059172354,0.0,375.2102173097103,-0.002856504197179491,0.032
raceline_xy,20260415_212047_eb9da4db,956,30.624000000000024,344.99801926087014,-88.74649506590866,6.28532028546032,-0.006453948501417006,6.2853235990098595,0.2618884832920775,-0.2874428884386049,-0.004999558702554477,0.039692753281051936,0.19846376640525967,0.05615920021503262,0.001144118542767636,0.0,0.0,0.2802178315315923,13.742602804483404,0.5726084501868085,13.742602804483404,0.5726084501868085,13.742602804483404,0.5726084501868085,0.3259375688143642,0.0,0.0,0.2676250059894459,0.0,0.0,0.6374539142421006,0.0,378.24876089112604,-0.00288739016869549,0.032
raceline_xy,20260415_212047_eb9da4db,957,30.656000000000024,345.19072769911196,-88.80371546071545,6.282001679319296,-0.006483485040475578,6.282005025033706,0.2617502093764044,-0.287603345456243,-0.005014324532737569,0.0405889595284174,0.202944797642087,0.056751281154654,0.0011551481185474444,0.0,0.0,0.28037389694454246,13.426218720503929,0.5594257800209971,13.426218720503929,0.5594257800209971,13.426218720503929,0.5594257800209971,0.34147612513410275,0.0,0.0,0.2559110902922791,0.0,0.0,0.6194441839755142,0.0,381.23547746966454,-0.0029127436005612455,0.032
raceline_xy,20260415_212047_eb9da4db,958,30.688000000000024,345.3833264266162,-88.86093860577293,6.278739550143231,-0.006526449237653997,6.278742942108116,0.26161428925450486,-0.28776451641860046,-0.0050366527260950755,0.04140834936410628,0.20704174682053136,0.05738413172250301,0.0011662020416203234,0.0,0.0,0.2805299638837115,13.136294041801708,0.5473455850750711,13.136294041801708,0.5473455850750711,13.136294041801708,0.5473455850750711,0.356531646201073,0.0,0.0,0.24516560357659645,0.0,0.0,0.5993154976894682,0.0,384.171352102695,-0.0029281550597691644,0.032
raceline_xy,20260415_212047_eb9da4db,959,30.720000000000024,345.5758170725424,-88.91816522996572,6.275532887566742,-0.006572139237177366,6.275536328947982,0.2614806803728326,-0.2879265970897156,-0.005065102354702103,0.04214983151166833,0.21074915755834164,0.05806689806249521,0.0011770846032721494,0.0,0.0,0.280686032352355,12.86862260759759,0.5361926086498996,12.86862260759759,0.5361926086498996,12.86862260759759,0.5361926086498996,0.3711778137253976,0.0,0.0,0.23522980265281707,0.0,0.0,0.5800702850100661,0.0,387.0573039468154,-0.002936039059935265,0.032
raceline_xy,20260415_212047_eb9da4db,960,30.752000000000024,345.7682013148261,-88.9753957886802,6.272380729010571,-0.006611573475546084,6.27238421356401,0.26134934223183376,-0.28808964099223067,-0.005095234766311843,0.04281269078167628,0.21406345390838138,0.058800605648210436,0.0011877423363215733,0.0,0.0,0.28084210235378776,12.621582987842224,0.5258992911600927,12.621582987842224,0.5258992911600927,12.621582987842224,0.5258992911600927,0.38537636070525094,0.0,0.0,0.22604327815507125,0.0,0.0,0.5623558335374828,0.0,389.89420779239083,-0.002942285498970384,0.032
raceline_xy,20260415_212047_eb9da4db,961,30.784000000000024,345.9604808316138,-89.03263062884815,6.269282116562364,-0.006641965183095566,6.26928563496274,0.2612202347901142,-0.2882535712440868,-0.005122977927628489,0.043396596980066336,0.21698298490033166,0.05958639599446203,0.001198252178204573,0.0,0.0,0.280998173891383,12.393663780905666,0.5164026575377361,12.393663780905666,0.5164026575377361,12.393663780905666,0.5164026575377361,0.3990949650771385,0.0,0.0,0.21754956806533332,0.0,0.0,0.5460569900935718,0.0,392.68292853353347,-0.0029519454278092373,0.032
raceline_xy,20260415_212047_eb9da4db,962,30.816000000000024,346.1526572496432,-89.0898701606195,6.266236069256587,-0.006666434712093494,6.266239615351779,0.2610933173063241,-0.28841826217268185,-0.005146805435021375,0.043901631913932274,0.21950815956966135,0.060425440251668405,0.0012087398568558783,0.0,0.0,0.2811542469685733,12.18345756268872,0.50764406511203,12.18345756268872,0.50764406511203,12.18345756268872,0.50764406511203,0.4123071994070111,0.0,0.0,0.20969600023768883,0.0,0.0,0.5310670147219868,0.0,395.42434618339854,-0.002966641749885842,0.032
raceline_xy,20260415_212047_eb9da4db,963,30.848000000000024,346.3447321194494,-89.14711493810269,6.263241583175083,-0.006690511468147253,6.263245156638628,0.26096854819327614,-0.2885836246861535,-0.005167855498533167,0.04432827411273551,0.22164137056367753,0.061318850423194515,0.0012192945195961258,0.0,0.0,0.28131032158885066,12.005249683344982,0.5002187368060409,12.005249683344982,0.5002187368060409,12.005249683344982,0.5002187368060409,0.4239530978722357,0.0,0.0,0.20298481715561575,0.0,0.0,0.5237042541968707,0.0,398.1193590252346,-0.002984651699407191,0.032
raceline_xy,20260415_212047_eb9da4db,964,30.880000000000024,346.53670692367285,-89.20436563081465,6.260297653023851,-0.006718315003303443,6.260301257943777,0.2608458857476574,-0.28874964637389233,-0.0051885191630473195,0.044677331534724155,0.22338665767362076,0.062267637538653275,0.0012299286323900205,0.0,0.0,0.2814663977557666,11.843496579087997,0.49347902412866657,11.843496579087997,0.49347902412866657,11.843496579087997,0.49347902412866657,0.4348954336386197,0.0,0.0,0.19686099777248114,0.0,0.0,0.5131084600551112,0.0,400.7688678506006,-0.0030028420668878086,0.032
raceline_xy,20260415_212047_eb9da4db,965,30.912000000000024,346.7285831045102,-89.26162293385252,6.257403299128561,-0.006750642372085336,6.2574069405079795,0.2607252891878325,-0.2889163767711076,-0.005210728975410113,0.0449533941706895,0.2247669708534475,0.06327272558311403,0.001240590779137296,0.0,0.0,0.2816224720515676,11.693276166220848,0.487219840259202,11.693276166220848,0.487219840259202,11.693276166220848,0.487219840259202,0.4453892411965654,0.0,0.0,0.19114800922409078,0.0,0.0,0.5021116485232764,0.0,403.373753542818,-0.003018840830501065,0.032
raceline_xy,20260415_212047_eb9da4db,966,30.944000000000024,346.9203620897753,-89.31888748508463,6.254557585597058,-0.006785477511740412,6.25456126632834,0.26060671943034747,-0.2890838816524788,-0.005234991720123338,0.04517481584554282,0.2258740792277141,0.06433499622126515,0.0012512057832543277,0.0,0.0,0.2817785279182231,11.553759639315224,0.48140665163813434,11.553759639315224,0.48140665163813434,11.553759639315224,0.48140665163813434,0.45543382366328977,0.0,0.0,0.1858134791223121,0.0,0.0,0.49191099744883166,0.0,405.93486030449395,-0.0030312382250801354,0.032
raceline_xy,20260415_212047_eb9da4db,967,30.976000000000024,347.1120453040488,-89.37615983312882,6.25175962385579,-0.00681990441358904,6.251763343695097,0.26049013932062903,-0.289252201617638,-0.005260521571678281,0.04532218768049398,0.2266109384024699,0.06545532835001877,0.0012617442869120588,0.0,0.0,0.28193458534152505,11.424097879881648,0.476004078328402,11.424097879881648,0.476004078328402,11.424097879881648,0.476004078328402,0.46503717135345957,0.0,0.0,0.18082735813249776,0.0,0.0,0.4824161700823644,0.0,408.4529906744125,-0.003042888292144007,0.032
raceline_xy,20260415_212047_eb9da4db,968,31.008000000000024,347.30363416872797,-89.4334404423332,6.2490085691133,-0.006851485526504941,6.2490123251363,0.26037551354734584,-0.289421324633234,-0.00528567528404504,0.04539690081139183,0.22698450405695916,0.06663462303838852,0.0012722182944688853,0.0,0.0,0.28209064432479364,11.303432654119693,0.47097636058832054,11.303432654119693,0.47097636058832054,11.303432654119693,0.47097636058832054,0.4742152644930253,0.0,0.0,0.176157751009576,0.0,0.0,0.4735394228183688,0.0,410.9289073773299,-0.003055203756144642,0.032
raceline_xy,20260415_212047_eb9da4db,969,31.040000000000024,347.4951300757842,-89.49072978335472,6.246303597089051,-0.006880882302710667,6.24630738705268,0.2602628077938617,-0.28959121434894275,-0.005309692529290668,0.04540051014207265,0.22700255071036324,0.06787377125668703,0.0012826641270127226,0.0,0.0,0.2822467048714098,11.190903998937943,0.4662876666224143,11.190903998937943,0.4662876666224143,11.190903998937943,0.4662876666224143,0.4829914404966855,0.0,0.0,0.17177287738734048,0.0,0.0,0.46519515298347514,0.0,413.36335165258726,-0.003068966196034654,0.032
raceline_xy,20260415_212047_eb9da4db,970,31.072000000000024,347.68653437977025,-89.54802836177699,6.243643899976833,-0.006909669282446851,6.243647723346306,0.2601519884727627,-0.28976183685687973,-0.005332648265548935,0.045334747142126125,0.22667373571063062,0.06917362410850458,0.0012931156629276686,0.0,0.0,0.28240276698481576,11.085653362005083,0.4619022234168784,11.085653362005083,0.4619022234168784,11.085653362005083,0.4619022234168784,0.4913959442781173,0.0,0.0,0.1676412233840573,0.0,0.0,0.4572988790939422,0.0,415.75704898832447,-0.003083979921693797,0.032
raceline_xy,20260415_212047_eb9da4db,971,31.104000000000024,347.8778483985756,-89.60533671698332,6.241028683590768,-0.006939257766089391,6.241032541390973,0.2600430225579572,-0.2899331779152554,-0.00535515542649509,0.045201519096164836,0.22600759548082416,0.07053497303352074,0.001303586035034776,0.0,0.0,0.2825588306685154,10.986822851651716,0.45778428548548816,10.986822851651716,0.45778428548548816,10.986822851651716,0.45778428548548816,0.4994657161349787,0.0,0.0,0.16373155359321576,0.0,0.0,0.44976595059142827,0.0,418.11071274812423,-0.0030994230979359974,0.032
raceline_xy,20260415_212047_eb9da4db,972,31.136000000000024,348.06907342032116,-89.66265540040796,6.238457166858958,-0.006970211355417533,6.238461060756911,0.25993587753153796,-0.29010524492458245,-0.005377889080260874,0.04500289969629508,0.2250144984814754,0.07172553992526431,0.0013140556997597308,0.0,0.0,0.2827148959260742,10.902230059959964,0.45425958583166515,10.902230059959964,0.45425958583166515,10.902230059959964,0.45425958583166515,0.506513838161454,0.0,0.0,0.16040993789308583,0.0,0.0,0.44608147121557384,0.0,420.42504531878,-0.003114455321909234,0.032
raceline_xy,20260415_212047_eb9da4db,973,31.168000000000024,348.26021071149296,-89.71998494973208,6.235928581978995,-0.007002175293820079,6.235932513265471,0.2598305213860613,-0.2902780570546084,-0.005401216427516781,0.044741120505302566,0.2237056025265128,0.07290042008879372,0.0013245186483530347,0.0,0.0,0.28287096276111967,10.82364986186944,0.4509854109112266,10.82364986186944,0.4509854109112266,10.82364986186944,0.4509854109112266,0.5131805559796865,0.0,0.0,0.15732082954756588,0.0,0.0,0.44041787669957905,0.0,422.70073806107564,-0.003128661823728267,0.032
raceline_xy,20260415_212047_eb9da4db,974,31.200000000000024,348.45126152187163,-89.77732587387086,6.23344217422826,-0.007034309578439313,6.233446143262873,0.25972692263595304,-0.2904516322177422,-0.005425098120578706,0.044418572307602294,0.22209286153801147,0.07411306718693478,0.0013349570436691494,0.0,0.0,0.2830270311773417,10.748388821111918,0.4478495342129966,10.748388821111918,0.4478495342129966,10.748388821111918,0.4478495342129966,0.51967628434786,0.0,0.0,0.15434765833687344,0.0,0.0,0.4342372404961418,0.0,424.93847106341354,-0.003142142339026364,0.032
raceline_xy,20260415_212047_eb9da4db,975,31.232000000000024,348.64222708475364,-89.8346786537688,6.2309972020777,-0.00706585693644457,6.23100120836406,0.25962505034850253,-0.29062597863447115,-0.00544923140724728,0.044037819935984136,0.22018909967992067,0.07536203260179342,0.001345362740543976,0.0,0.0,0.28318310117849227,10.676045989973188,0.44483524958221615,10.676045989973188,0.44483524958221615,10.676045989973188,0.44483524958221615,0.5260245422374155,0.0,0.0,0.15147670156348303,0.0,0.0,0.4282163408043296,0.0,427.1389124723454,-0.003155303357605216,0.032
raceline_xy,20260415_212047_eb9da4db,976,31.264000000000024,348.83310861394745,-89.89204375414404,6.22859293874351,-0.007096505206504844,6.228596981419786,0.25952487422582443,-0.2908010938986374,-0.005473284195129723,0.043601628340659525,0.2180081417032976,0.07664588361312807,0.001355738220480518,0.0,0.0,0.28333917276838677,10.606264331303265,0.44192768047096936,10.606264331303265,0.44192768047096936,10.606264331303265,0.44192768047096936,0.5322472123393096,0.0,0.0,0.14869581238054844,0.0,0.0,0.42233362022419924,0.0,429.3027167221923,-0.0031685558747442384,0.032
raceline_xy,20260415_212047_eb9da4db,977,31.296000000000024,349.02390730036785,-89.9494216369239,6.226228675681916,-0.007126413037116031,6.226232754053333,0.2594263647522222,-0.29097696953800956,-0.005497066691471569,0.04311299477946765,0.21556497389733825,0.077963200014322,0.0013660920310547553,0.0,0.0,0.2834952459509032,10.5387238219709,0.4391134925821208,10.5387238219709,0.4391134925821208,10.5387238219709,0.4391134925821208,0.5383648039647486,0.0,0.0,0.14599417487221555,0.0,0.0,0.4165690276094912,0.0,431.4305213519998,-0.003182110082172293,0.032
raceline_xy,20260415_212047_eb9da4db,978,31.328000000000024,349.21462431046825,-90.00681276900578,6.223903727119016,-0.007155987489529947,6.223907840947111,0.25932949337279626,-0.2911535967921406,-0.005520569568772497,0.042575182804659335,0.21287591402329667,0.0793125695338679,0.0013764330079761855,0.0,0.0,0.2836513207299827,10.473135712408325,0.4363806546836802,10.473135712408325,0.4363806546836802,10.473135712408325,0.4363806546836802,0.5443966858013232,0.0,0.0,0.14336210099629934,0.0,0.0,0.4109038103820503,0.0,433.52294314759996,-0.0031959457560390477,0.032
raceline_xy,20260415_212047_eb9da4db,979,31.360000000000024,349.40526078711366,-90.06421762225717,6.221617433698243,-0.007185607919115711,6.221621583177417,0.25923423263239237,-0.2913309701305846,-0.005543893562618103,0.04199175677088808,0.2099587838544404,0.08069258557265213,0.001386766757109914,0.0,0.0,0.2838073971096303,10.409237712245254,0.4337182380102189,10.409237712245254,0.4337182380102189,10.409237712245254,0.4337182380102189,0.5503612942225571,0.0,0.0,0.14079085994889878,0.0,0.0,0.40532032727978523,0.0,435.580575140324,-0.0032099155502216003,0.032
raceline_xy,20260415_212047_eb9da4db,980,31.392000000000024,349.5958178520077,-90.1216366684295,6.219369163309296,-0.00721545823361569,6.219373348847944,0.25914055620199766,-0.29150908750479365,-0.005567147550703167,0.04136832548296066,0.2068416274148033,0.08210184822014188,0.0013970942969896427,0.0,0.0,0.2839634732558879,10.346789910050543,0.43111624625210593,10.346789910050543,0.43111624625210593,10.346789910050543,0.43111624625210593,0.5562763230779062,0.0,0.0,0.13827243683429213,0.0,0.0,0.3998018746011702,0.0,437.6039860368497,-0.003223878255349499,0.032
raceline_xy,20260415_212047_eb9da4db,981,31.424000000000024,349.7862966082125,-90.17907037346184,6.2171583082209345,-0.0072455189776630124,6.217162530208282,0.2590484387586784,-0.29168794855385194,-0.005590384622167183,0.04072780107491533,0.20363900537457666,0.08353896725652676,0.001407403615758529,0.0,0.0,0.2841195286113608,10.285571202742226,0.42856546678092605,10.285571202742226,0.42856546678092605,10.285571202742226,0.42856546678092605,0.5621589071241289,0.0,0.0,0.1357985737550535,0.0,0.0,0.3943324933719059,0.0,439.593722812546,-0.003236834079354032,0.032
raceline_xy,20260415_212047_eb9da4db,982,31.456000000000024,349.9766981419198,-90.23651919359277,6.214984278751628,-0.007275633991915331,6.214988537397304,0.25895785572488766,-0.29186755366922323,-0.005613628791840254,0.04005358916569255,0.20026794582846275,0.08500256419611407,0.0014177077217243372,0.0,0.0,0.2842755855787556,10.223104133311013,0.4259626722212922,10.223104133311013,0.4259626722212922,10.223104133311013,0.4259626722212922,0.5682488690815002,0.0,0.0,0.13328827082651995,0.0,0.0,0.38796185755163365,0.0,441.5503163424257,-0.0032504409490651063,0.032
raceline_xy,20260415_212047_eb9da4db,983,31.488000000000024,350.16702352848034,-90.29398355704052,6.212846500652919,-0.007305114104572352,6.212850795356935,0.2588687831398723,-0.29204789209984483,-0.005636532922183328,0.039350703412116696,0.19675351706058347,0.08649128545354223,0.0014280173348755199,0.0,0.0,0.2844316441618273,10.161043542867882,0.42337681428616175,10.161043542867882,0.42337681428616175,10.161043542867882,0.42337681428616175,0.5743884089220668,0.0,0.0,0.130797405530488,0.0,0.0,0.3821451918777204,0.0,443.4742841787577,-0.0032646250865500854,0.032
raceline_xy,20260415_212047_eb9da4db,984,31.520000000000024,350.35727381970366,-90.35146390598884,6.210744397115167,-0.0073346081960090626,6.210748728033909,0.2587811970014129,-0.2922289583884279,-0.005659262415668119,0.038624703210816895,0.19312351605408445,0.08800378613395221,0.0014383378811366754,0.0,0.0,0.28458770436439595,10.09956749673766,0.42081531236406916,10.09956749673766,0.42081531236406916,10.09956749673766,0.42081531236406916,0.580559562518749,0.0,0.0,0.1283322491472659,0.0,0.0,0.37643868972442246,0.0,445.3661447694812,-0.003278978240555498,0.032
raceline_xy,20260415_212047_eb9da4db,985,31.552000000000024,350.54745004558083,-90.40896069070025,6.208677390373283,-0.007364514637649755,6.2086817581358,0.2586950732556583,-0.29241075658946425,-0.005682114424906514,0.03788175941388471,0.18940879706942354,0.0895387267454697,0.0014486652743226358,0.0,0.0,0.2847437661903463,10.03839255891348,0.41826635662139505,10.03839255891348,0.41826635662139505,10.03839255891348,0.41826635662139505,0.5867906466957735,0.0,0.0,0.12588376788535074,0.0,0.0,0.3706701293000938,0.0,447.22641767777975,-0.0032931107357112594,0.032
raceline_xy,20260415_212047_eb9da4db,986,31.584000000000024,350.7375532184984,-90.46647435569365,6.206644904530823,-0.007394744894242189,6.206649309667051,0.2586103879027938,-0.2925932964979543,-0.005705268501389864,0.037128718141558055,0.18564359070779027,0.09109477796230037,0.0014589896382464218,0.0,0.0,0.28489982964362875,9.977221506842145,0.41571756278508937,9.977221506842145,0.41571756278508937,9.977221506842145,0.41571756278508937,0.5931130865155492,0.0,0.0,0.12344257962016297,0.0,0.0,0.3648058338945261,0.0,449.0556212996539,-0.003306808862787478,0.032
raceline_xy,20260415_212047_eb9da4db,987,31.616000000000025,350.9275843358322,-90.5240053317497,6.204646369184345,-0.007424950105199057,6.204650811811777,0.25852711715882404,-0.2927765875998398,-0.005728715378663543,0.036373170707653064,0.18186585353826532,0.09267062750645971,0.0014692858413702936,0.0,0.0,0.2850558947282593,9.915741105080718,0.41315587937836323,9.915741105080718,0.41315587937836323,9.915741105080718,0.41315587937836323,0.5995618320468283,0.0,0.0,0.12099889345325793,0.0,0.0,0.35880984406295224,0.0,450.8542693694004,-0.003320101166957153,0.032
raceline_xy,20260415_212047_eb9da4db,988,31.648000000000025,351.1175443804736,-90.58155403528684,6.202681223816213,-0.007454788822672587,6.202685703641494,0.25844523765172894,-0.292960634464825,-0.005752301932307844,0.03562352772437316,0.1781176386218658,0.0942649854036044,0.001479564955706003,0.0,0.0,0.28521196144831973,9.853619599410733,0.4105674833087805,9.853619599410733,0.4105674833087805,9.853619599410733,0.4105674833087805,0.6061758604210814,0.0,0.0,0.1185424431467109,0.0,0.0,0.3526435814624976,0.0,452.62286672265486,-0.0033331870394775697,0.032
raceline_xy,20260415_212047_eb9da4db,989,31.680000000000025,351.30743431983535,-90.63912087324033,6.200748921956528,-0.0074841132804850385,6.200753438502183,0.25836472660425763,-0.29314543546390315,-0.00577583495745801,0.03488909075352571,0.17444545376762854,0.09587658576178715,0.0014898287081228645,0.0,0.0,0.285368029807958,9.790502372169092,0.40793759884037883,9.790502372169092,0.40793759884037883,9.790502372169092,0.40793759884037883,0.6129989471479487,0.0,0.0,0.116062365400775,0.0,0.0,0.3462648437760461,0.0,454.3619053480351,-0.003346301743745469,0.032
raceline_xy,20260415_212047_eb9da4db,990,31.712000000000025,351.497255104493,-90.69670624948903,6.198848934425369,-0.007513008278438704,6.198853487308756,0.2582855619711982,-0.29333098448483597,-0.005799174800951193,0.03418011010870536,0.17090055054352676,0.09750418546469986,0.0015000833086844523,0.0,0.0,0.2855240998113885,9.726007148597072,0.4052502978582113,9.726007148597072,0.4052502978582113,9.726007148597072,0.4052502978582113,0.620080589419485,0.0,0.0,0.1135470700085162,0.0,0.0,0.33962718984923285,0.0,456.07186142211947,-0.003359603394516392,0.032
raceline_xy,20260415_212047_eb9da4db,991,31.744000000000025,351.6870076674812,-90.75431056923546,6.196980750635558,-0.007541705129425091,6.1969853397489905,0.25820772248954127,-0.29351727397467764,-0.005822276853242032,0.03350781392899461,0.16753906964497303,0.09925876338148498,0.0015103364081974213,0.0,0.0,0.285680171462892,9.65739362420461,0.40239140100852544,9.65739362420461,0.40239140100852544,9.65739362420461,0.40239140100852544,0.6277387527575349,0.0,0.0,0.1108741112740783,0.0,0.0,0.331722489900889,0.0,457.7531942259082,-0.0033731299374451414,0.032
raceline_xy,20260415_212047_eb9da4db,992,31.776000000000025,351.87669292463437,-90.81193423979275,6.195143877455289,-0.007570448400317398,6.195148502986892,0.2581311876244538,-0.293704297573091,-0.005845178816272985,0.03288439164032686,0.1644219582016343,0.10104902345601374,0.0015205944648353231,0.0,0.0,0.28583624476681657,9.585972194911191,0.3994155081212996,9.585972194911191,0.3994155081212996,9.585972194911191,0.3994155081212996,0.6358496563695564,0.0,0.0,0.10811734285233182,0.0,0.0,0.3239463603344679,0.0,459.406347311797,-0.0033868232196091063,0.032
raceline_xy,20260415_212047_eb9da4db,993,31.808000000000025,352.0663117756902,-90.86957766843625,6.1933378355110476,-0.00759939310137514,6.1933424978397715,0.2580559374099905,-0.29389205142058916,-0.005867959330729184,0.03232291408522019,0.16161457042610095,0.10285021854286303,0.001530861436002784,0.0,0.0,0.285992319727577,9.511721126703515,0.39632171361264645,9.511721126703515,0.39632171361264645,9.511721126703515,0.39632171361264645,0.6444363283044736,0.0,0.0,0.10528521738647643,0.0,0.0,0.31588040205108686,0.0,461.0317519442052,-0.0034005844660041002,0.032
raceline_xy,20260415_212047_eb9da4db,994,31.840000000000025,352.2558651055408,-90.92724125916398,6.191562153622011,-0.007628570513604327,6.191566853168309,0.2579819522153462,-0.29408053419459135,-0.005890698204652826,0.03183717302638216,0.15918586513191077,0.10465942464027345,0.0015411387421013778,0.0,0.0,0.2861483963496558,9.434132905647466,0.39308887106864443,9.434132905647466,0.39308887106864443,9.434132905647466,0.39308887106864443,0.6535814864239109,0.0,0.0,0.1023638196085198,0.0,0.0,0.30732260907525333,0.0,462.6298321485213,-0.0034143227154611482,0.032
raceline_xy,20260415_212047_eb9da4db,995,31.872000000000025,352.4453537850887,-90.98492541009459,6.189816362679915,-0.007657914782622788,6.189821099786232,0.257909212491093,-0.29426974647387905,-0.005913455366379768,0.031441450086783854,0.15720725043391925,0.10647376964586464,0.0015514258519058188,0.0,0.0,0.2863044745584937,9.352645805176524,0.3896935752156885,9.352645805176524,0.3896935752156885,9.352645805176524,0.3896935752156885,0.663381270329233,0.0,0.0,0.09933783587846874,0.0,0.0,0.2982004748683684,0.0,464.20101019239087,-0.0034279766251720375,0.032
raceline_xy,20260415_212047_eb9da4db,996,31.904000000000025,352.6347786715018,-91.0426305123114,6.188099990689303,-0.0076873160894270764,6.188104765564139,0.25783769856517247,-0.2944596900189351,-0.005936268166035086,0.03115592641917007,0.15577963209585036,0.10829043374852709,0.0015617050909808583,0.0,0.0,0.28646052934113925,9.266630810268984,0.386109617094541,9.266630810268984,0.386109617094541,9.266630810268984,0.386109617094541,0.6739486992053854,0.0,0.0,0.09618998719096553,0.0,0.0,0.28843074696157733,0.0,465.74571099227427,-0.0034405689140104834,0.032
raceline_xy,20260415_212047_eb9da4db,997,31.936000000000025,352.8241406082463,-91.10035694916158,6.186412560226076,-0.0077166341970729135,6.1864173729038265,0.25776739053765946,-0.294650368110589,-0.005959184385490817,0.030984625737120356,0.15492312868560176,0.11010664840901363,0.0015719890878194143,0.0,0.0,0.2866165857978766,9.175376553386215,0.3823073563910923,9.175376553386215,0.3823073563910923,9.175376553386215,0.3823073563910923,0.6854180533240442,0.0,0.0,0.09290149093440413,0.0,0.0,0.27791731379823903,0.0,467.2643643865557,-0.003453612603656898,0.032
raceline_xy,20260415_212047_eb9da4db,998,31.968000000000025,353.0134404305141,-91.15810507846987,6.184753594489052,-0.007745211103844074,6.184758444178746,0.25769826850744776,-0.2948417738273399,-0.005981885904620735,0.030940395521529874,0.15470197760764937,0.11191970734288192,0.0015822847304796106,0.0,0.0,0.2867726439329202,9.078070245600452,0.3782529269000188,9.078070245600452,0.3782529269000188,9.078070245600452,0.3782529269000188,0.6979506960750257,0.0,0.0,0.08945052711587652,0.0,0.0,0.2665480623842858,0.0,468.7574002391284,-0.0034672139093700092,0.032
raceline_xy,20260415_212047_eb9da4db,999,32.00000000000002,353.20267895331824,-91.21587527102356,6.183122609927586,-0.0077736266798920095,6.183127496556211,0.2576303123565088,-0.29503390367415605,-0.006004479472860926,0.03103477043335656,0.15517385216678278,0.11372695091511043,0.0015925954801696562,0.0,0.0,0.286928703750553,8.949944159471652,0.3729143399779855,8.949944159471652,0.3729143399779855,8.949944159471652,0.3729143399779855,0.7149476765132698,0.0,0.0,0.08507925022176765,0.0,0.0,0.24438511884542077,0.0,470.22525309940966,-0.003480923415856293,0.032
raceline_xy,20260415_212047_eb9da4db,1000,32.03200000000002,353.39185697209285,-91.27366790890878,6.181519126304727,-0.007802356887754325,6.181524050397617,0.2575635020999007,-0.29522676207302334,-0.006027212087657492,0.03127746373195453,0.15638731865977265,0.11552576000311365,0.0016029168808189276,0.0,0.0,0.2870847652551275,8.774022021204638,0.3655842508835266,8.774022021204638,0.3655842508835266,8.774022021204638,0.3655842508835266,0.7392475815130997,0.0,0.0,0.07928474216120739,0.0,0.0,0.21218270782601395,0.0,471.6683546421441,-0.0034943969772307406,0.032
raceline_xy,20260415_212047_eb9da4db,1001,32.064000000000014,353.580975267807,-91.33148337011912,6.179942676661629,-0.007831352548702597,6.179947638686468,0.2574978182786028,-0.2954203564797906,-0.00605017856950173,0.031675931831458955,0.15837965915729477,0.11731355914427333,0.0016132414422216357,0.0,0.0,0.28724082845106497,8.591029044776892,0.3579595435323705,8.591029044776892,0.3579595435323705,8.591029044776892,0.3579595435323705,0.7657792578717331,0.0,0.0,0.07333062534106374,0.0,0.0,0.1920043827290156,0.0,473.0871251821788,-0.0035075154245240094,0.032
raceline_xy,20260415_212047_eb9da4db,1002,32.09600000000001,353.7700346099546,-91.38932202071604,6.178392812040076,-0.007860322099488615,6.1783978120975656,0.2574332421707319,-0.2956146912900852,-0.006073283649733889,0.032235092804444705,0.16117546402222352,0.11908782046673938,0.0016235486836135848,0.0,0.0,0.2873968933428563,8.40696968307653,0.3502904034615221,8.40696968307653,0.3502904034615221,8.40696968307653,0.3502904034615221,0.7938478170899064,0.0,0.0,0.06740302945808338,0.0,0.0,0.17359438550458642,0.0,474.4819691121906,-0.0035204074037495582,0.032
raceline_xy,20260415_212047_eb9da4db,1003,32.12800000000001,353.9590357570314,-91.447184215282,6.176869101621872,-0.007889022387772782,6.176874139501729,0.25736975581257204,-0.2958097645937485,-0.006096330777340219,0.03295723705043629,0.16478618525218142,0.12084606433569345,0.0016338553113053322,0.0,0.0,0.28755295993506225,8.226928954962267,0.3427887064567611,8.226928954962267,0.3427887064567611,8.226928954962267,0.3427887064567611,0.8227422690591517,0.0,0.0,0.06165629717299684,0.0,0.0,0.15716884688108465,0.0,475.85327444844347,-0.003533323487653017,0.032
raceline_xy,20260415_212047_eb9da4db,1004,32.160000000000004,354.1479794553036,-91.50507030257812,6.1753711291328255,-0.007917423790710254,6.175376204582738,0.2573073418576141,-0.2960055691393597,-0.006119153469980829,0.03384213287881235,0.16921066439406177,0.12258585540546552,0.0016441699422444778,0.0,0.0,0.28770902823231337,8.055632821240849,0.33565136755170205,8.055632821240849,0.33565136755170205,8.055632821240849,0.33565136755170205,0.8516500449962052,0.0,0.0,0.056230464710107175,0.0,0.0,0.1430834679233945,0.0,477.20141587553513,-0.0035464679916150424,0.032
raceline_xy,20260415_212047_eb9da4db,1005,32.192,354.33686643728,-91.5629806315209,6.173898487088943,-0.007945698680412061,6.173903600073997,0.2572459833364165,-0.29620209617708815,-0.0061417051447820075,0.03488729636807793,0.17443648184038962,0.124304795488968,0.0016545014497166832,0.0,0.0,0.2878650982393109,7.897817505249305,0.3290757293853877,7.897817505249305,0.3290757293853877,7.897817505249305,0.3290757293853877,0.8795914597413343,0.0,0.0,0.051262520085580465,0.0,0.0,0.13181037927397993,0.0,478.52675993340245,-0.0035598913265449893,0.032
raceline_xy,20260415_212047_eb9da4db,1006,32.224,354.52569742101224,-91.62091555376682,6.172450770805878,-0.00797408702551583,6.172455921599276,0.25718566339996984,-0.29639933958138664,-0.0061640678634525894,0.03608837352776732,0.1804418676388366,0.12600051590245576,0.001664856082708166,0.0,0.0,0.2880211699608262,7.758530948900855,0.323272122870869,7.758530948900855,0.323272122870869,7.758530948900855,0.323272122870869,0.9053635889213583,0.0,0.0,0.04689530973158411,0.0,0.0,0.1239467783673158,0.0,479.829670560651,-0.003573486634698153,0.032
raceline_xy,20260415_212047_eb9da4db,1007,32.25599999999999,354.71447311052526,-91.67887542205297,6.171027573519317,-0.008002745394563915,6.171032762598944,0.25712636510828935,-0.29659729809680746,-0.006186393749982739,0.03743957665830576,0.18719788329152878,0.12767067145420663,0.001675235220147897,0.0,0.0,0.2881772434017016,7.643450800474406,0.3184771166864336,7.643450800474406,0.3184771166864336,7.643450800474406,0.3184771166864336,0.9274890229783597,0.0,0.0,0.04328666070157483,0.0,0.0,0.12025157655400927,0.0,481.1105136609497,-0.003587067765523964,0.032
raceline_xy,20260415_212047_eb9da4db,1008,32.28799999999999,354.90319419692753,-91.73686058601832,6.169628483622807,-0.008031667596611891,6.169633711462476,0.2570680713109365,-0.2967959749976017,-0.006208824245327116,0.038934123041424046,0.19467061520712023,0.12990314822891946,0.001685635711284661,0.0,0.0,0.2883333185668505,7.531513420254612,0.3138130591772755,7.531513420254612,0.3138130591772755,7.531513420254612,0.3138130591772755,0.9497708789443591,0.0,0.0,0.039735586417462,0.0,0.0,0.11028286333188211,0.0,482.36965968377143,-0.00360046941232732,0.032
raceline_xy,20260415_212047_eb9da4db,1009,32.319999999999986,355.0918613594605,-91.7948713882186,6.168253084466361,-0.008060704721120526,6.168258351349219,0.2570107646395508,-0.29699537587321734,-0.006231431578289744,0.040564637199266125,0.20282318599633062,0.13292782986680152,0.0016960520901889709,0.0,0.0,0.2884893954612575,7.46048000850835,0.3108533336878479,7.46048000850835,0.3108533336878479,7.46048000850835,0.3108533336878479,0.9643164639969042,0.0,0.0,0.037322161644963554,0.0,0.0,0.11616180292343994,0.0,483.60748378570264,-0.003613615007129614,0.032
raceline_xy,20260415_212047_eb9da4db,1010,32.35199999999998,355.2804752659559,-91.85290816234824,6.166900956713575,-0.008089653162963728,6.166906262657403,0.2569544276107251,-0.2971955059311675,-0.006254203681685043,0.042323492803745005,0.21161746401872503,0.13580274847111617,0.0017064792728351819,0.0,0.0,0.2886454740899788,7.4744049160765815,0.3114335381698576,7.4744049160765815,0.3114335381698576,7.4744049160765815,0.3114335381698576,0.9614395999947787,0.0,0.0,0.03739422922315484,0.0,0.0,0.1442164280197633,0.0,484.82436360833657,-0.0036265292226170093,0.032
raceline_xy,20260415_212047_eb9da4db,1011,32.38399999999998,355.46903657262925,-91.91097123412185,6.165571682787702,-0.008118352289730124,6.165577027597455,0.2568990428165606,-0.2973963680295446,-0.006277066980045238,0.04418205388732175,0.22091026943660874,0.13852082891737627,0.00171689808711184,0.0,0.0,0.28880153012111204,7.566729618061919,0.31528040075257996,7.566729618061919,0.31528040075257996,7.566729618061919,0.31528040075257996,0.94267776852059,0.0,0.0,0.03969600931695585,0.0,0.0,0.17798096178263365,0.0,486.0206751622902,-0.003638434175303175,0.032
raceline_xy,20260415_212047_eb9da4db,1012,32.415999999999976,355.657545923755,-91.96906092311517,6.164264852152655,-0.008146713411032236,6.164270235512392,0.25684459314634966,-0.2975979628024752,-0.006299951776606311,0.04615037378017009,0.23075186890085045,0.14107392366216365,0.0017273229189127548,0.0,0.0,0.2889575860080888,7.715188880745918,0.3214662033644133,7.715188880745918,0.3214662033644133,7.715188880745918,0.3214662033644133,0.9136059141617197,0.0,0.0,0.043543944398834876,0.0,0.0,0.21034283799345121,0.0,487.1967880388469,-0.0036514593318298784,0.032
raceline_xy,20260415_212047_eb9da4db,1013,32.44799999999997,355.846003956443,-92.02717752910543,6.162980071562085,-0.008174274665673442,6.162985492538313,0.25679106218909636,-0.29780027815177235,-0.0063224605322497055,0.04822327901928028,0.2411163950964014,0.14345287961121267,0.0017377670991831629,0.0,0.0,0.2891136436432826,7.834870765260801,0.3264529485525334,7.834870765260801,0.3264529485525334,7.834870765260801,0.3264529485525334,0.8911054749362868,0.0,0.0,0.046539409232445934,0.0,0.0,0.21331871308982672,0.0,488.35305671551777,-0.0036665046969066536,0.032
raceline_xy,20260415_212047_eb9da4db,1014,32.47999999999997,356.03441128555374,-92.08532138193856,6.161716954325049,-0.008202159567239686,6.161722413468358,0.25673843389451495,-0.2980033089353795,-0.006344809784036505,0.050394464538906635,0.2519723226945332,0.1456475780787425,0.0017482357335696364,0.0,0.0,0.28926970303146154,7.959576313747229,0.3316490130728012,7.959576313747229,0.3316490130728012,7.959576313747229,0.3316490130728012,0.8685020456079444,0.0,0.0,0.049643632185565494,0.0,0.0,0.22735273223897798,0.0,489.48982787847706,-0.0036828528800594935,0.032
raceline_xy,20260415_212047_eb9da4db,1015,32.511999999999965,356.2227685010439,-92.14349285113765,6.160475123756945,-0.008231670628688237,6.160480623362879,0.25668669264011995,-0.2982070715323788,-0.006367670876991279,0.052658086840707885,0.2632904342035394,0.14764698722812986,0.0017587124062008463,0.0,0.0,0.2894257641774662,8.079229180941331,0.3366345492058888,8.079229180941331,0.3366345492058888,8.079229180941331,0.3366345492058888,0.8475822765875831,0.0,0.0,0.05258516616882049,0.0,0.0,0.23773568760638572,0.0,490.60743897340825,-0.003699604392679795,0.032
raceline_xy,20260415_212047_eb9da4db,1016,32.54399999999996,356.4110761776083,-92.20169231628216,6.1592542203236444,-0.00826303860536548,6.159259763021983,0.2566358234592493,-0.2984115983505151,-0.006391544291905267,0.05500875361496547,0.27504376807482733,0.14943924418809917,0.001769164672207335,0.0,0.0,0.2895818270862106,8.174063672292762,0.3405859863455318,8.174063672292762,0.3405859863455318,8.174063672292762,0.3405859863455318,0.8315118083674835,0.0,0.0,0.05483762071498797,0.0,0.0,0.2394828844216595,0.0,491.7062132802149,-0.003716139017976472,0.032
raceline_xy,20260415_212047_eb9da4db,1017,32.57599999999996,356.5993348824143,-92.25992014353922,6.158053900131513,-0.008295701520384169,6.158059487824769,0.2565858119926987,-0.298616925215236,-0.00641653718190057,0.05744150274456498,0.2872075137228249,0.15173993335515412,0.0017795404816354221,0.0,0.0,0.2897378917626821,8.260008860136452,0.3441670358390188,8.260008860136452,0.3441670358390188,8.260008860136452,0.3441670358390188,0.817321967515805,0.0,0.0,0.05671508290827901,0.0,0.0,0.24532594505913907,0.0,492.78646095770773,-0.003732360367562923,0.032
raceline_xy,20260415_212047_eb9da4db,1018,32.607999999999954,356.78754517768454,-92.3181766782601,6.156873828000867,-0.008328895381261248,6.156879461579569,0.25653664423248207,-0.2988230810499557,-0.006442434548083202,0.05995178161765725,0.2997589080882862,0.1537768341697867,0.0017898242489402527,0.0,0.0,0.28989395821194175,8.273191147296565,0.3447162978040235,8.273191147296565,0.3447162978040235,8.273191147296565,0.3447162978040235,0.815176201820047,0.0,0.0,0.0566543542167075,0.0,0.0,0.22400307982514278,0.0,493.8484845783873,-0.0037485707473922957,0.032
raceline_xy,20260415_212047_eb9da4db,1019,32.63999999999995,356.9757076184956,-92.3764622521669,6.15571366863412,-0.008362151489835767,6.155719348361041,0.25648830618171004,-0.29903008501511286,-0.006468931822899543,0.05810912680946461,0.29054563404732303,0.15487659988939395,0.0016913175456707563,0.0,0.0,0.289971992102969,8.25652575458434,0.34402190644101416,8.25652575458434,0.34402190644101416,8.25652575458434,0.34402190644101416,0.8178902828243548,0.0,0.0,0.05607279007861893,0.0,0.0,0.2131344343743264,0.0,494.89258647506284,-0.0001254627466440632,0.032
raceline_xy,20260415_212047_eb9da4db,1020,32.67199999999995,357.1638237120315,-92.43477396881399,6.154572146472433,-0.008268906126844167,6.154577701267799,0.256440737552825,-0.2992414119341138,-0.006603940009782163,0.05574217103170552,0.27871085515852756,0.15688620594689828,0.0016975401665142442,0.0,0.0,0.29012806122106205,8.192080781352342,0.34133669922301424,8.192080781352342,0.34133669922301424,8.192080781352342,0.34133669922301424,0.8285080837167431,0.0,0.0,0.05406519598963166,0.0,0.0,0.19193051551000836,0.0,495.9200688589804,-0.003493235523568331,0.032
raceline_xy,20260415_212047_eb9da4db,1021,32.703999999999944,357.35191712664664,-92.49303873708314,6.153463563625593,-0.005999585809822738,6.153466488402912,0.256394437016788,-0.2994163230101594,-0.005468034121324915,0.053363837643785474,0.26681918821892736,0.15928584365653364,0.001740918777517475,0.0,0.0,0.29028413212492005,8.10263911368968,0.3376099630704033,8.10263911368968,0.3376099630704033,8.10263911368968,0.3376099630704033,0.8435741467775686,0.0,0.0,0.05134783181376802,0.0,0.0,0.1753648227790855,0.0,496.920160437379,-0.005169100241061703,0.032
raceline_xy,20260415_212047_eb9da4db,1022,32.73599999999994,357.53995972545846,-92.55134879563762,6.152364899009026,-0.00680152880863627,6.15236865860235,0.25634869410843125,-0.29958191914466425,-0.005176740048520816,0.05104345453667891,0.25521727268339456,0.16172100035840842,0.0017943526282189204,0.0,0.0,0.29044020481986393,8.013365810626544,0.33389024210943935,8.013365810626544,0.33389024210943935,8.013365810626544,0.33389024210943935,0.8590068551076602,0.0,0.0,0.04866043978786087,0.0,0.0,0.16668388265584094,0.0,497.90820725788495,-0.00555828420109967,0.032
raceline_xy,20260415_212047_eb9da4db,1023,32.76799999999994,357.7279414197195,-92.60973748004159,6.151273205498033,-0.008585745649762222,6.151279197346387,0.2563032998894328,-0.29976482392017534,-0.00571625765878421,0.04882093762444215,0.24410468812221076,0.16338571664591095,0.0018312182870348082,0.0,0.0,0.2905962793112894,7.943232037118431,0.3309680015466013,7.943232037118431,0.3309680015466013,7.943232037118431,0.3309680015466013,0.8714171407158533,0.0,0.0,0.04662680737319063,0.0,0.0,0.1658269835586354,0.0,498.8887223882513,-0.004865197411027509,0.032
raceline_xy,20260415_212047_eb9da4db,1024,32.79999999999993,357.9158658137932,-92.66819423426547,6.150192784541404,-0.009851615533591485,6.150200674884826,0.2562583614535344,-0.29997542183695103,-0.006580306373594383,0.04671015238826532,0.2335507619413266,0.16517822044597974,0.0018411314046544724,0.0,0.0,0.2907523556046674,7.87150690714981,0.3279794544645754,7.87150690714981,0.3279794544645754,7.87150690714981,0.3279794544645754,0.8843778481383797,0.0,0.0,0.04454679200609257,0.0,0.0,0.15833225214827693,0.0,499.8593926036561,-0.0038099453116958,0.032
raceline_xy,20260415_212047_eb9da4db,1025,32.83199999999993,358.1037429156728,-92.72668894312427,6.149133858784896,-0.010000430856142328,6.149141990706681,0.2562142496127784,-0.3002065129647349,-0.007220129074935594,0.044711115515456985,0.22355557757728492,0.16710395505958742,0.001831292062333123,0.0,0.0,0.2909084337055443,7.807557783613474,0.3253149076505614,7.807557783613474,0.3253149076505614,7.807557783613474,0.3253149076505614,0.8961692405479353,0.0,0.0,0.04266376064603792,0.0,0.0,0.15452990119833773,0.0,500.81220836398643,-0.0030930449265385144,0.032
raceline_xy,20260415_212047_eb9da4db,1026,32.863999999999926,358.2915814835296,-92.7851961799892,6.148101660056279,-0.00928088161150753,6.148108665040839,0.2561711943767016,-0.3004422994897893,-0.007367145091698277,0.04283367255862432,0.21416836279312157,0.1691768330397716,0.0018174914214510451,0.0,0.0,0.2910645040232013,7.746659810116588,0.3227774920881912,7.746659810116588,0.3227774920881912,7.746659810116588,0.3227774920881912,0.9076103768373862,0.0,0.0,0.04085359316535894,0.0,0.0,0.14954886091529818,0.0,501.74220146324456,-0.0030212898235368177,0.032
raceline_xy,20260415_212047_eb9da4db,1027,32.89599999999992,358.47938462951106,-92.84370850000128,6.147093380097754,-0.008363282050482868,6.147099069327603,0.2561291278886501,-0.3006695486104447,-0.007101101287266059,0.04109888624835122,0.2054944312417561,0.1714078717685572,0.0018129564628646122,0.0,0.0,0.2912205583654596,7.685103842775849,0.32021266011566035,7.685103842775849,0.32021266011566035,7.685103842775849,0.32021266011566035,0.9193911989658248,0.0,0.0,0.039021487790020924,0.0,0.0,0.14334173143778153,0.0,502.6508376051568,-0.0034567612855739755,0.032
raceline_xy,20260415_212047_eb9da4db,1028,32.92799999999992,358.66714997935435,-92.90223557223548,6.146103592331995,-0.007834718514245997,6.146108585966445,0.2560878577486019,-0.300884106032544,-0.006705148733899499,0.03952631958984146,0.1976315979492073,0.17379871183809437,0.001821854020531255,0.0,0.0,0.2913766145308601,7.623311903054601,0.3176379959606084,7.623311903054601,0.3176379959606084,7.623311903054601,0.3176379959606084,0.9314413969973101,0.0,0.0,0.037180988647144184,0.0,0.0,0.13724267327919937,0.0,503.5422726301991,-0.004029049353697308,0.032
raceline_xy,20260415_212047_eb9da4db,1029,32.959999999999916,358.8548728418035,-92.96079407276872,6.145128340950992,-0.007897747212747053,6.14513341605942,0.2560472256691425,-0.30109052578586226,-0.006451079294048691,0.03816062810790213,0.1908031405395106,0.17634217213714365,0.0018396300254495124,0.0,0.0,0.2915326725246517,7.561697879828358,0.31507074499284826,7.561697879828358,0.31507074499284826,7.561697879828358,0.31507074499284826,0.9436865156486549,0.0,0.0,0.03534599137321016,0.0,0.0,0.13129024025086927,0.0,504.4199255465214,-0.004399710067625441,0.032
raceline_xy,20260415_212047_eb9da4db,1030,32.99199999999991,359.04254965916766,-93.0193967847811,6.144165756818749,-0.008374736994043008,6.144171464362288,0.2560071443484287,-0.3012970942732345,-0.006455523936563322,0.037046305573448936,0.18523152786724467,0.17902742394955018,0.001857998035195596,0.0,0.0,0.29168873235215964,7.500683286563254,0.3125284702734689,7.500683286563254,0.3125284702734689,7.500683286563254,0.3125284702734689,0.9560444864280822,0.0,0.0,0.033530606250636336,0.0,0.0,0.12552821990790408,0.0,505.2856820739402,-0.004440687056451356,0.032
raceline_xy,20260415_212047_eb9da4db,1031,33.02399999999991,359.23017983282523,-93.07804697182308,6.143216113240302,-0.008914547163447528,6.143222581278202,0.2559676075532584,-0.3015102583553313,-0.006661232317111873,0.03621909216855161,0.18109546084275804,0.18184567392943896,0.0018705111490535664,0.0,0.0,0.2918447940187865,7.440713159078374,0.3100297149615989,7.440713159078374,0.3100297149615989,7.440713159078374,0.3100297149615989,0.9684218564707363,0.0,0.0,0.03174880195675702,0.0,0.0,0.1200074283269691,0.0,506.1396768496176,-0.004242767392578459,0.032
raceline_xy,20260415_212047_eb9da4db,1032,33.055999999999905,359.417765400416,-93.13673963046232,6.142281391209344,-0.009235767527315808,6.14228833483079,0.2559286806179496,-0.30173168949554885,-0.006919248991033277,0.03570307993876141,0.17851539969380703,0.1847930971290661,0.00187549220988803,0.0,0.0,0.292000857530012,7.382273617917734,0.3075947340799056,7.382273617917734,0.3075947340799056,7.382273617917734,0.3075947340799056,0.9807093964595297,0.0,0.0,0.030014466246233107,0.0,0.0,0.1147881384277237,0.0,506.98049865228825,-0.004001834552848395,0.032
raceline_xy,20260415_212047_eb9da4db,1033,33.0879999999999,359.6053093563881,-93.19546691799765,6.141363623882992,-0.009260575711274921,6.141370605900261,0.25589044191251087,-0.301958820025249,-0.007097255787171184,0.035512829138388775,0.17756414569194387,0.18787022820393906,0.0018754992056853048,0.0,0.0,0.2921569228913935,7.32591290233697,0.3052463709307071,7.32591290233697,0.3052463709307071,7.32591290233697,0.3052463709307071,0.9927766943814573,0.0,0.0,0.028341949487314916,0.0,0.0,0.10994375401903592,0.0,507.80645468976485,-0.00388088205510428,0.032
raceline_xy,20260415_212047_eb9da4db,1034,33.1199999999999,359.7928139223498,-93.25422355302298,6.140463360339064,-0.009097801377766723,6.140470100053938,0.25585292083558075,-0.30218754210055376,-0.007147106663574362,0.03565695504486278,0.17828477522431388,0.19047522145736595,0.0018746553843129732,0.0,0.0,0.2923129901085658,7.278759423800754,0.3032816426583647,7.278759423800754,0.3032816426583647,7.278759423800754,0.3032816426583647,1.003040184490644,0.0,0.0,0.02696304214034294,0.0,0.0,0.10823658908534287,0.0,508.6169099514553,-0.003930433943919064,0.032
raceline_xy,20260415_212047_eb9da4db,1035,33.151999999999894,359.9802797362337,-93.31300923953629,6.1395796078086375,-0.008928681209868339,6.139586100216188,0.2558160875090078,-0.30241495960293996,-0.007106538881588422,0.03613976712738616,0.1806988356369308,0.1928887709420284,0.001875857049968399,0.0,0.0,0.29246905918724225,7.236434548481332,0.3015181061867222,7.236434548481332,0.3015181061867222,7.236434548481332,0.3015181061867222,1.0123855051458972,0.0,0.0,0.02573475117224116,0.0,0.0,0.10563772279022716,0.0,509.4125098054306,-0.004093810069581921,0.032
raceline_xy,20260415_212047_eb9da4db,1036,33.18399999999989,360.1677061410323,-93.37182766049642,6.138710785025341,-0.008886412519126807,6.138717217018056,0.25577988404241897,-0.3026406718511163,-0.007053395235721261,0.036960063180823295,0.18480031590411647,0.19536848500264137,0.0018795050696160942,0.0,0.0,0.292625130133214,7.1956165515866015,0.2998173563161084,7.1956165515866015,0.2998173563161084,7.1956165515866015,0.2998173563161084,1.0215194746570884,0.0,0.0,0.02455011145111128,0.0,0.0,0.10214893609209892,0.0,510.19450468374947,-0.004269498861008886,0.032
raceline_xy,20260415_212047_eb9da4db,1037,33.21599999999989,360.3550920907753,-93.43068359606262,6.1378556102006465,-0.008997281730405149,6.137862204607569,0.2557442585253154,-0.30286631644007933,-0.0070513016545290155,0.038108820315693744,0.1905441015784687,0.19790984039818316,0.0018839620340393992,0.0,0.0,0.29278120295235116,7.156084338522001,0.29817018077175006,7.156084338522001,0.29817018077175006,7.156084338522001,0.29817018077175006,1.0304814259684032,0.0,0.0,0.02340472350229751,0.0,0.0,0.09871736605311827,0.0,510.9640158531873,-0.004379790561384494,0.032
raceline_xy,20260415_212047_eb9da4db,1038,33.247999999999884,360.54243699589006,-93.48958029301737,6.137013517253303,-0.009197559601465732,6.1370204094537915,0.25570918372724133,-0.3030941304688657,-0.007119010336103055,0.039568258325822656,0.19784129162911326,0.20050774805875404,0.0018869910300427506,0.0,0.0,0.29293727765060246,7.117639875111685,0.29656832812965356,7.117639875111685,0.29656832812965356,7.117639875111685,0.29656832812965356,1.0393079565870016,0.0,0.0,0.02229487952646782,0.0,0.0,0.09533049326996314,0.0,511.7216314915873,-0.004406303077445769,0.032
raceline_xy,20260415_212047_eb9da4db,1039,33.27999999999988,360.72974106511157,-93.54851845240057,6.136184637362848,-0.00939472585640666,6.136191829195185,0.25567465954979934,-0.3033256038937324,-0.007233243367169263,0.041313444585353166,0.20656722292676583,0.20315791880551082,0.001887102287163156,0.0,0.0,0.29309335423399546,7.080104268054356,0.2950043445022648,7.080104268054356,0.2950043445022648,7.080104268054356,0.2950043445022648,1.0480334545987855,0.0,0.0,0.021217309470078025,0.0,0.0,0.09197638557245728,0.0,512.4673537243334,-0.004382674373171716,0.032
raceline_xy,20260415_212047_eb9da4db,1040,33.31199999999988,360.91700510467433,-93.60749691594343,6.135369437750529,-0.009526541361339458,6.135376833795424,0.25564070140814266,-0.30356093409329343,-0.007353676939408554,0.043315742017760984,0.21657871008880492,0.20585739972747463,0.0018840986127690584,0.0,0.0,0.29324943270863746,7.043314498225271,0.293471437426053,7.043314498225271,0.293471437426053,7.043314498225271,0.293471437426053,1.056690561968657,0.0,0.0,0.0201690376691569,0.0,0.0,0.08864371176939125,0.0,513.2008495841183,-0.0043609612933731435,0.032
raceline_xy,20260415_212047_eb9da4db,1041,33.34399999999987,361.1042300418086,-93.66651417821355,6.134568245488347,-0.00958628145053142,6.134575735561998,0.25560732231508326,-0.3037993453660608,-0.007449933098969043,0.04554057050507394,0.2277028525253697,0.20860423176052922,0.0018787501294239561,0.0,0.0,0.2934055053362886,7.0071207153172885,0.29196336313822036,7.0071207153172885,0.29196336313822036,7.0071207153172885,0.29196336313822036,1.06531057828139,0.0,0.0,0.019147389432502944,0.0,0.0,0.08532173903497474,0.0,513.9218379942015,-0.004377783073890557,0.032
raceline_xy,20260415_212047_eb9da4db,1042,33.37599999999987,361.2914165130717,-93.72556965557756,6.1337809704759785,-0.00961023115239934,6.133788498987884,0.25557452079116183,-0.3040398459753946,-0.0075152474259114555,0.04794942858422763,0.23974714292113813,0.21139667348876579,0.0018720387819004536,0.0,0.0,0.29356155893436064,7.0,0.2916666666666667,7.0,0.2916666666666667,7.0,0.2916666666666667,1.0737711777718575,0.0,0.0,0.018770078917351905,0.0,0.0,0.09377572649295744,0.0,514.6303509109041,-0.004437151839438614,0.032
raceline_xy,20260415_212047_eb9da4db,1043,33.407999999999866,361.4785647248654,-93.7846640872793,6.133007151763599,-0.00964524572909875,6.133014736192033,0.25554228067466805,-0.3042818828539997,-0.00756329085711126,0.05053452902587034,0.25267264512935167,0.21423254145800286,0.0018645331404849586,0.0,0.0,0.2937176144409101,7.0,0.2916666666666667,7.0,0.2916666666666667,7.0,0.2916666666666667,1.082226403416164,0.0,0.0,0.0185439879097655,0.0,0.0,0.09607334199069222,0.0,515.3267374271701,-0.004524186988432897,0.032
raceline_xy,20260415_212047_eb9da4db,1044,33.43999999999986,361.6656745929176,-93.84379907381744,6.132246209448611,-0.009719183174744517,6.132253911558004,0.25551057964825014,-0.30452554330958215,-0.007614042070481316,0.053276643081823435,0.26638321540911714,0.21710901766832036,0.001856145855221314,0.0,0.0,0.2938736718616772,7.0,0.2916666666666667,7.0,0.2916666666666667,7.0,0.2916666666666667,1.0906746250109993,0.0,0.0,0.018313292883273,0.0,0.0,0.09614462045389174,0.0,516.0114795977963,-0.004611676308009112,0.032
raceline_xy,20260415_212047_eb9da4db,1045,33.47199999999986,361.85274595900245,-93.90297639279696,6.131497641314876,-0.009834524342985596,6.131505528279245,0.2554793970116352,-0.3047713959703815,-0.007682527424552532,0.05615895620919875,0.28079478104599376,0.2200228214638824,0.0018463082551658516,0.0,0.0,0.294029731202483,7.0,0.2916666666666667,7.0,0.2916666666666667,7.0,0.2916666666666667,1.0991106832118547,0.0,0.0,0.018078441579569785,0.0,0.0,0.09621482247496685,0.0,516.685024548679,-0.004681440944815027,0.032
raceline_xy,20260415_212047_eb9da4db,1046,33.503999999999856,362.0397787995128,-93.96219735814009,6.130761156117101,-0.009972138398099073,6.130769266323642,0.25544871943015174,-0.30502010015827796,-0.007771588895657993,0.059166509107273425,0.2958325455363671,0.22297061223214465,0.0018343609753577184,0.0,0.0,0.2941857924692293,7.0,0.2916666666666667,7.0,0.2916666666666667,7.0,0.2916666666666667,1.107525842663418,0.0,0.0,0.017839864067473978,0.0,0.0,0.09628392449508531,0.0,517.3476603087216,-0.0047312325214917475,0.032
raceline_xy,20260415_212047_eb9da4db,1047,33.53599999999985,362.2267732911851,-94.02146263339031,6.130036651583588,-0.010108162869386206,6.130044985537603,0.2554185410640668,-0.30527207896373953,-0.007873863900404735,0.06228595986880089,0.31142979934400444,0.2259493208122625,0.0018198767387067605,0.0,0.0,0.29434185566789955,7.0,0.2916666666666667,7.0,0.2916666666666667,7.0,0.2916666666666667,1.1159077206022134,0.0,0.0,0.01759794901157582,0.0,0.0,0.09635188417741439,0.0,517.9995130161566,-0.004771286499033493,0.032
raceline_xy,20260415_212047_eb9da4db,1048,33.56799999999985,362.41372974064996,-94.08077246555563,6.129324099559723,-0.010228450959743673,6.1293326340355065,0.25538885975147946,-0.30552741561000474,-0.007978748979469976,0.0602204289480364,0.301102144740182,0.22767627489696007,0.0016835642904986514,0.0,0.0,0.29441988799359814,7.0,0.2916666666666667,7.0,0.2916666666666667,7.0,0.2916666666666667,1.1200812865263154,0.0,0.0,0.017491413376127314,0.0,0.0,0.09641867907489012,0.0,518.6406293680437,-7.660388290289984e-05,0.032
raceline_xy,20260415_212047_eb9da4db,1049,33.599999999999845,362.6006497249446,-94.14012287641893,6.128621658512323,-0.010168450825640774,6.128630094122056,0.2553595872550857,-0.3057904643302183,-0.008219610185263857,0.05742512851525162,0.28712564257625806,0.2306952932482904,0.0016592197482179216,0.0,0.0,0.2945759541015512,7.0,0.2916666666666667,7.0,0.2916666666666667,7.0,0.2916666666666667,1.1283816939885485,0.0,0.0,0.017287597011513244,0.0,0.0,0.09648516440486968,0.0,519.2729152901491,-0.0044475982091429275,0.032
raceline_xy,20260415_212047_eb9da4db,1050,33.63199999999984,362.7875642370753,-94.19941938500155,6.127953219158222,-0.007279296649187694,6.127957542636153,0.2553315642765064,-0.30600820936661677,-0.006806764805129065,0.05467720579633913,0.2733860289816957,0.23378901709605504,0.0016811828608473967,0.0,0.0,0.29473202215674354,7.0,0.2916666666666667,7.0,0.2916666666666667,7.0,0.2916666666666667,1.1366009835118112,0.0,0.0,0.017076065546631297,0.0,0.0,0.09654237561836551,0.0,519.8782116274617,-0.00666229592976968,0.032
raceline_xy,20260415_212047_eb9da4db,1051,33.66399999999984,362.9744356877089,-94.25878072881619,6.127282294293825,-0.008348201428399982,6.127287981353063,0.25530366588971093,-0.30621522792526257,-0.006471303445707961,0.05208086412211271,0.26040432061056357,0.23687529650126216,0.0017150319411642911,0.0,0.0,0.294888092165445,7.0,0.2916666666666667,7.0,0.2916666666666667,7.0,0.2916666666666667,1.1446423700446962,0.0,0.0,0.01686312472595419,0.0,0.0,0.09660772774701257,0.0,520.4808167822431,-0.007237135087323892,0.032
raceline_xy,20260415_212047_eb9da4db,1052,33.695999999999835,363.161249926434,-94.31825073517018,6.126603868264897,-0.010711334610073342,6.126613231739664,0.25527555132248597,-0.30644595370953587,-0.007210251495238215,0.0497015152017758,0.248507576008879,0.23991663596920754,0.001726488809689286,0.0,0.0,0.2950441641340076,7.0,0.2916666666666667,7.0,0.2916666666666667,7.0,0.2916666666666667,1.1524974515895754,0.0,0.0,0.016651505245009725,0.0,0.0,0.09667614931196046,0.0,521.0880914343022,-0.006415725505808281,0.032
raceline_xy,20260415_212047_eb9da4db,1053,33.72799999999983,363.34801077205304,-94.3778170570666,6.125924617401377,-0.0124405916808068,6.1259372496300974,0.2552473854012541,-0.3067142773063649,-0.008383264750913312,0.047568071322617825,0.2378403566130891,0.242941354289949,0.0017018184080699328,0.0,0.0,0.2952002380688662,7.0,0.2916666666666667,7.0,0.2916666666666667,7.0,0.2916666666666667,1.1602433240746397,0.0,0.0,0.016438764698053155,0.0,0.0,0.09674345669585982,0.0,521.6964753329119,-0.005110904851829589,0.032
raceline_xy,20260415_212047_eb9da4db,1054,33.75999999999983,363.5347306876717,-94.43744191163276,6.125261578169658,-0.012749955284929948,6.12527484790366,0.25521978532931916,-0.30701150586272163,-0.009285663667968288,0.045688274790886566,0.2284413739544328,0.24595796445825435,0.0016498691227178064,0.0,0.0,0.29535631397653883,7.0,0.2916666666666667,7.0,0.2916666666666667,7.0,0.2916666666666667,1.1678852897611742,0.0,0.0,0.016223973190392135,0.0,0.0,0.09680479059704925,0.0,522.2926368867054,-0.004223068437097359,0.032
raceline_xy,20260415_212047_eb9da4db,1055,33.791999999999824,363.72142076007776,-94.49709299121818,6.124624198686575,-0.011938033091445588,6.124635833400322,0.2551931597250134,-0.3073176432438638,-0.009564391828836226,0.04407093384784807,0.22035466923924033,0.24898619612727302,0.0015907926261728988,0.0,0.0,0.29551239186362643,7.0,0.2916666666666667,7.0,0.2916666666666667,7.0,0.2916666666666667,1.175428597231416,0.0,0.0,0.016005406235396955,0.0,0.0,0.09686074452566146,0.0,522.86774993971,-0.004157311786241202,0.032
raceline_xy,20260415_212047_eb9da4db,1056,33.82399999999982,363.9080847796918,-94.55676067087616,6.12400862381208,-0.010853719306933796,6.12401824195091,0.2551674267479546,-0.3076156580023981,-0.009311553657774826,0.042742493325899786,0.21371246662949892,0.25204243861209275,0.0015417759078575344,0.0,0.0,0.2956684717368134,7.0,0.2916666666666667,7.0,0.2916666666666667,7.0,0.2916666666666667,1.1828784494433977,0.0,0.0,0.01578171018444956,0.0,0.0,0.09691519137480091,0.0,523.4235822441802,-0.004749707098479812,0.032
raceline_xy,20260415_212047_eb9da4db,1057,33.85599999999982,364.0947192818152,-94.61645726133622,6.123406221809308,-0.010253056112901726,6.123414805682578,0.25514228357010743,-0.30789997906546596,-0.008884525063731944,0.04175584231114045,0.20877921155570223,0.25513125552893356,0.0015085206708675969,0.0,0.0,0.2958245329070937,7.0,0.2916666666666667,7.0,0.2916666666666667,7.0,0.2916666666666667,1.1902400371024502,0.0,0.0,0.015552405445198867,0.0,0.0,0.09697050807127869,0.0,523.9666748856795,-0.005523642099801596,0.032
raceline_xy,20260415_212047_eb9da4db,1058,33.88799999999981,364.28131761441176,-94.67620435312706,6.122810464755825,-0.010408031951038677,6.122819310942676,0.25511747128927814,-0.308176244200868,-0.008633092956281159,0.0411535164541204,0.205767582270602,0.2582458461513375,0.001485454015579979,0.0,0.0,0.29598058664643134,7.0,0.2916666666666667,7.0,0.2916666666666667,7.0,0.2916666666666667,1.197518588382379,0.0,0.0,0.015317979829597516,0.0,0.0,0.09702698032289449,0.0,524.5026201515914,-0.006044261599705358,0.032
raceline_xy,20260415_212047_eb9da4db,1059,33.91999999999981,364.46787452459284,-94.73601874687762,6.1222182705548445,-0.011098267579021881,6.122228329935009,0.25509284708062535,-0.3084549831691885,-0.00871011172625815,0.040971816143899886,0.20485908071949943,0.26137459637911276,0.001462054326387019,0.0,0.0,0.2961366423914545,7.0,0.2916666666666667,7.0,0.2916666666666667,7.0,0.2916666666666667,1.2047890949341205,0.0,0.0,0.015079310512105818,0.0,0.0,0.09708407690133004,0.0,525.0345030584916,-0.006145010764318897,0.032
raceline_xy,20260415_212047_eb9da4db,1060,33.951999999999806,364.65438861272816,-94.79590516613969,6.121630246546872,-0.011876898010346526,6.1216417680344435,0.2550684070014351,-0.3087444803497421,-0.00904573243710263,0.041227825647981664,0.20613912823990832,0.2645083382494753,0.0014300371160409497,0.0,0.0,0.2962927001492739,7.0,0.2916666666666667,7.0,0.2916666666666667,7.0,0.2916666666666667,1.2122088901187889,0.0,0.0,0.014837153618224777,0.0,0.0,0.09714076555851678,0.0,525.5624087690005,-0.005936268075301132,0.032
raceline_xy,20260415_212047_eb9da4db,1061,33.9839999999998,364.8408619670819,-94.85585777175137,6.121050017479733,-0.012382634985574681,6.121062542250146,0.2550442725937561,-0.30904697488624056,-0.009451423448101813,0.04191401396245411,0.20957006981227053,0.2676441259200404,0.0013871631313033816,0.0,0.0,0.29644875992724773,7.0,0.2916666666666667,7.0,0.2916666666666667,7.0,0.2916666666666667,1.2195658176243984,0.0,0.0,0.014591872872729013,0.0,0.0,0.09719581637482837,0.0,526.0837119748679,-0.0056661576676245995,0.032
raceline_xy,20260415_212047_eb9da4db,1062,34.0159999999998,365.02729801365905,-94.9158669670985,6.120481458401875,-0.012510567433048125,6.120494244498449,0.2550205935207687,-0.30935925682709753,-0.009757122065757311,0.04300612574851489,0.21503062874257442,0.27078452697298694,0.001336642212793393,0.0,0.0,0.2966048217329847,7.0,0.2916666666666667,7.0,0.2916666666666667,7.0,0.2916666666666667,1.2268729276119874,0.0,0.0,0.014343478879204872,0.0,0.0,0.097248662842059,0.0,526.5951799513956,-0.0055444070161722175,0.032
raceline_xy,20260415_212047_eb9da4db,1063,34.047999999999796,365.21369924146586,-94.97592627164113,6.1199259978172265,-0.012394594210314747,6.119938549097108,0.2549974395457128,-0.3096760607703115,-0.009898582322660929,0.04447335373752263,0.22236676868761315,0.27393411404098433,0.0012837456092356092,0.0,0.0,0.2967608855743448,7.0,0.2916666666666667,7.0,0.2916666666666667,7.0,0.2916666666666667,1.2341429514689901,0.0,0.0,0.01409188536583557,0.0,0.0,0.09729973845230548,0.0,527.0953058126028,-0.005639145972576908,0.032
raceline_xy,20260415_212047_eb9da4db,1064,34.07999999999979,365.40006609412086,-95.03603548394946,6.119382369045365,-0.012264332397921462,6.1193946589864945,0.2549747774577706,-0.3099935866815704,-0.009921421849639143,0.04628491238963495,0.23142456194817473,0.27709589056942185,0.0012326360278973603,0.0,0.0,0.29691695145944264,7.0,0.2916666666666667,7.0,0.2916666666666667,7.0,0.2916666666666667,1.2413879955296436,0.0,0.0,0.013837161177596985,0.0,0.0,0.09734989441990366,0.0,527.5848069121546,-0.005881211440823308,0.032
raceline_xy,20260415_212047_eb9da4db,1065,34.11199999999979,365.5863973015553,-95.09619949599872,6.118848162469644,-0.01229163191787408,6.118860508262412,0.25495252117760053,-0.3103111905702738,-0.009924071272320452,0.04841152947007994,0.2420576473503997,0.28026961933891714,0.0011845831168191268,0.0,0.0,0.29707301939664915,7.0,0.2916666666666667,7.0,0.2916666666666667,7.0,0.2916666666666667,1.2486196773609293,0.0,0.0,0.01357963377133437,0.0,0.0,0.09739973178329685,0.0,528.0655425638284,-0.006142065164955711,0.032
raceline_xy,20260415_212047_eb9da4db,1066,34.143999999999785,365.7726910457489,-95.15642467964688,6.118321384946217,-0.012513594061376754,6.118334181746412,0.2549305909061005,-0.3106308594138323,-0.009988645420752909,0.05082407197851949,0.25412035989259746,0.28345240761799717,0.0011382212778925371,0.0,0.0,0.2972290893945936,7.0,0.2916666666666667,7.0,0.2916666666666667,7.0,0.2916666666666667,1.2558494335635466,0.0,0.0,0.013319826894627185,0.0,0.0,0.09744939304335547,0.0,528.5392364282292,-0.006321238915255472,0.032
raceline_xy,20260415_212047_eb9da4db,1067,34.17599999999978,365.9589460779337,-95.21671552867868,6.117801251604669,-0.012851690743451938,6.117814750390095,0.2549089479329206,-0.31095540572318114,-0.010140961773751542,0.05349232090976642,0.26746160454883205,0.2866405687980471,0.0010913594042869512,0.0,0.0,0.2973851614621658,7.0,0.2916666666666667,7.0,0.2916666666666667,7.0,0.2916666666666667,1.2630885543231702,0.0,0.0,0.013058305467586401,0.0,0.0,0.09749866201022953,0.0,529.0067246489141,-0.006392840898759431,0.032
raceline_xy,20260415_212047_eb9da4db,1068,34.20799999999978,366.1451621949489,-95.27707331502107,6.11728820204644,-0.01318838040451431,6.117302418572606,0.2548876007738586,-0.31128674061714356,-0.010352947422849543,0.056385446782118515,0.28192723391059255,0.28988163135058453,0.001042707805191334,0.0,0.0,0.29754123560851853,7.0,0.2916666666666667,7.0,0.2916666666666667,7.0,0.2916666666666667,1.2704190163306948,0.0,0.0,0.012791516404100646,0.0,0.0,0.09754716425427717,0.0,529.4678232846538,-0.0063977914570896985,0.032
raceline_xy,20260415_212047_eb9da4db,1069,34.239999999999775,366.33134000303295,-95.33749690238231,6.11678328791713,-0.013442574282357178,6.116798058963989,0.25486658579016624,-0.3116251428629129,-0.010573688637085759,0.059473884356623714,0.29736942178311854,0.2932846894246133,0.0009926091646139668,0.0,0.0,0.29769731184306925,7.0,0.2916666666666667,7.0,0.2916666666666667,7.0,0.2916666666666667,1.278007501724391,0.0,0.0,0.01251097446550787,0.0,0.0,0.09759460454025784,0.0,529.9217469324092,-0.006401948222094621,0.032
raceline_xy,20260415_212047_eb9da4db,1070,34.27199999999977,366.51748030349944,-95.39798464084099,6.116287336461116,-0.013603139296698652,6.11630246370741,0.25484593598780875,-0.3119696296260219,-0.010763805635767171,0.06273137143980066,0.31365685719900327,0.29668930804230076,0.0009426677904960101,0.0,0.0,0.2978533901755027,7.0,0.2916666666666667,7.0,0.2916666666666667,7.0,0.2916666666666667,1.285635563032473,0.0,0.0,0.012229697707779827,0.0,0.0,0.09764092961064733,0.0,530.3677826633302,-0.006452944600607253,0.032
raceline_xy,20260415_212047_eb9da4db,1071,34.30399999999977,366.7035835443515,-95.45853599269391,6.1158004471578025,-0.013714476998746505,6.115815824265388,0.25482565934439116,-0.312318903705906,-0.0109134577443608,0.06613608642102382,0.3306804321051191,0.30009610762982986,0.0008948023782466841,0.0,0.0,0.29800947061577254,7.0,0.2916666666666667,7.0,0.2916666666666667,7.0,0.2916666666666667,1.2933099706200157,0.0,0.0,0.011947806357927578,0.0,0.0,0.09768630822335861,0.0,530.8057581611505,-0.006559623610640057,0.032
raceline_xy,20260415_212047_eb9da4db,1072,34.335999999999764,366.88964961822063,-95.51915208284628,6.11532205793699,-0.01383608634803779,6.115337710182172,0.25480573792425715,-0.3126721924313709,-0.011038984375009945,0.06737905361594478,0.33689526807972386,0.30210265856283325,0.0006949827539792786,0.0,0.0,0.29808750839745113,7.0,0.2916666666666667,7.0,0.2916666666666667,7.0,0.2916666666666667,1.297166752636313,0.0,0.0,0.011788228900486093,0.0,0.0,0.09773097734296995,0.0,531.2360608360448,0.0001465693787847215,0.032
raceline_xy,20260415_212047_eb9da4db,1073,34.36799999999976,367.07567986521315,-95.579829098895,6.114847820116848,-0.013767166500847638,6.114863318019564,0.2547859715841485,-0.313036049603701,-0.011369115319968098,0.0648050929706073,0.32402546485303646,0.3055098746081426,0.0006438249404743246,0.0,0.0,0.29824356001464103,7.0,0.2916666666666667,7.0,0.2916666666666667,7.0,0.2916666666666667,1.3049241930400206,0.0,0.0,0.011535023133478567,0.0,0.0,0.0977767790668781,0.0,531.6630137823919,-0.006215336074505796,0.032
raceline_xy,20260415_212047_eb9da4db,1074,34.39999999999976,367.2617193911886,-95.64043297520055,6.114423009240828,-0.009675905858948841,6.114430665163181,0.2547679443817992,-0.3133349204878635,-0.009342910056106157,0.062317464813732584,0.3115873240686629,0.30898966759804214,0.000665384224282306,0.0,0.0,0.29839961375951973,7.0,0.2916666666666667,7.0,0.2916666666666667,7.0,0.2916666666666667,1.312746938224827,0.0,0.0,0.011274229926317249,0.0,0.0,0.09780656816646482,0.0,532.0524013531367,-0.009425196731304172,0.032
raceline_xy,20260415_212047_eb9da4db,1075,34.43199999999975,367.4477121384884,-95.70113477113999,6.113979001193772,-0.011298399994136732,6.113989440690981,0.25474956002879084,-0.31361936569151494,-0.008891693425593632,0.06007074448172099,0.3003537224086049,0.3124879425346041,0.0007090996352365764,0.0,0.0,0.29855566963886804,7.0,0.2916666666666667,7.0,0.2916666666666667,7.0,0.2916666666666667,1.3206435370454872,0.0,0.0,0.011010147776476237,0.0,0.0,0.0978529280191555,0.0,532.449503378117,-0.010240793034574917,0.032
raceline_xy,20260415_212047_eb9da4db,1076,34.46399999999975,367.63363679738654,-95.7619968635379,6.113505435206461,-0.014764101704929367,6.113523262816466,0.2547301359506861,-0.3139392557433287,-0.00999633364397406,0.05815182737690035,0.2907591368845017,0.31595310696347,0.0007251002736086143,0.0,0.0,0.2987117276605155,7.0,0.2916666666666667,7.0,0.2916666666666667,7.0,0.2916666666666667,1.3290333401904202,0.0,0.0,0.010746795597040814,0.0,0.0,0.09790687756695564,0.0,532.86906346518,-0.009032558188080117,0.032
raceline_xy,20260415_212047_eb9da4db,1077,34.495999999999746,367.8194987687586,-95.82300054292425,6.113015459342427,-0.017284132797996676,6.113039894144817,0.2547099955893674,-0.3143143993901205,-0.011719985998528996,0.05658338545225902,0.2829169272612951,0.3193649909456049,0.0006935770123845941,0.0,0.0,0.29886778783336804,7.0,0.2916666666666667,7.0,0.2916666666666667,7.0,0.2916666666666667,1.3377125971764812,0.0,0.0,0.01048569991098922,0.0,0.0,0.09796010318955332,0.0,533.3040952696639,-0.007133529642715893,0.032
raceline_xy,20260415_212047_eb9da4db,1078,34.52799999999974,368.00531645153575,-95.8840908090883,6.112543729948893,-0.01773366469780835,6.112569454280347,0.2546903939283478,-0.31473184148555067,-0.013040441745580828,0.055349176624800454,0.2767458831240023,0.3227368100117034,0.00062748411746405,0.0,0.0,0.2990238501674362,7.0,0.2916666666666667,7.0,0.2916666666666667,7.0,0.2916666666666667,1.3466484330391646,0.0,0.0,0.010225634147797999,0.0,0.0,0.09800263648389254,0.0,533.727491147687,-0.005848767432334119,0.032
raceline_xy,20260415_212047_eb9da4db,1079,34.55999999999974,368.1911062567884,-95.94522100931734,6.112109359341257,-0.016558510358263057,6.112131788894303,0.254672157870596,-0.31516237655684476,-0.01345015577266827,0.05443005942977653,0.2721502971488826,0.32609790219511536,0.000556012547072271,0.0,0.0,0.29917991467386285,7.0,0.2916666666666667,7.0,0.2916666666666667,7.0,0.2916666666666667,1.355924263592427,0.0,0.0,0.00996422418148319,0.0,0.0,0.09803572333260266,0.0,534.1213899951265,-0.005759556889973103,0.032
raceline_xy,20260415_212047_eb9da4db,1080,34.591999999999736,368.3768736549575,-96.00637742926631,6.111704423319129,-0.014994526370525563,6.111722817163724,0.25465511738182184,-0.31558125198248455,-0.013087420033871458,0.05383009190234237,0.26915045951171185,0.32947260500623976,0.0005040853571367521,0.0,0.0,0.29933598136495115,7.0,0.2916666666666667,7.0,0.2916666666666667,7.0,0.2916666666666667,1.365618309585269,0.0,0.0,0.0096996738581976,0.0,0.0,0.09806724476659752,0.0,534.4894645526483,-0.006622197475500398,0.032
raceline_xy,20260415_212047_eb9da4db,1081,34.62399999999973,368.5626132223719,-96.06757797002751,6.11131172043921,-0.01413576151448881,6.111328068769607,0.254638669532067,-0.3159804107323305,-0.01247275031850325,0.05357954265895682,0.26789771329478407,0.3328680308042262,0.00047991529061386373,0.0,0.0,0.29949205025419307,7.0,0.2916666666666667,7.0,0.2916666666666667,7.0,0.2916666666666667,1.3758035122305416,0.0,0.0,0.009431575449960764,0.0,0.0,0.09810188006497028,0.0,534.8447381073531,-0.007744654332096303,0.032
raceline_xy,20260415_212047_eb9da4db,1082,34.65599999999973,368.7483147488085,-96.12885376403362,6.110918599811599,-0.014371645476906947,6.110935499390995,0.2546223124746248,-0.3163680393613957,-0.01211296974479551,0.053717597972063706,0.2685879898603185,0.33627482676557463,0.0004754715146835231,0.0,0.0,0.2996481213562966,7.0,0.2916666666666667,7.0,0.2916666666666667,7.0,0.2916666666666667,1.3865470364513484,0.0,0.0,0.009160785277286185,0.0,0.0,0.0981400634911079,0.0,535.1980505481043,-0.008496293151019296,0.032
raceline_xy,20260415_212047_eb9da4db,1083,34.687999999999725,368.9339700872756,-96.19022890814348,6.110519266629447,-0.01537999539618351,6.11053862209446,0.2546057759206025,-0.31675938406342663,-0.012228658325635413,0.05426962928497629,0.2713481464248814,0.33967669961667246,0.00047566356707662294,0.0,0.0,0.2998041946872143,7.0,0.2916666666666667,7.0,0.2916666666666667,7.0,0.2916666666666667,1.397909608825761,0.0,0.0,0.008888718506294682,0.0,0.0,0.0981807005678154,0.0,535.5552401149853,-0.008634048688515153,0.032
raceline_xy,20260415_212047_eb9da4db,1084,34.71999999999972,369.1195768461769,-96.25170999855098,6.11011519232785,-0.016512032301166046,6.1101375034221865,0.2545890626425911,-0.31716640535249185,-0.01271765141660876,0.05523417399877975,0.2761708699938987,0.3430609385678145,0.00046868667386679164,0.0,0.0,0.29996027026417105,7.0,0.2916666666666667,7.0,0.2916666666666667,7.0,0.2916666666666667,1.4099446975205157,0.0,0.0,0.008616537330111643,0.0,0.0,0.09822173674628912,0.0,535.9162469200318,-0.008321310681364269,0.032
raceline_xy,20260415_212047_eb9da4db,1085,34.75199999999972,369.3051379063486,-96.31328832588821,6.109713914393209,-0.017242699033895192,6.10973824532606,0.25457242688858583,-0.3175922542088676,-0.013305266859414761,0.05658528411270531,0.2829264205635265,0.34668463834122454,0.00045154560338334093,0.0,0.0,0.30011634810569177,7.0,0.2916666666666667,7.0,0.2916666666666667,7.0,0.2916666666666667,1.423272413116866,0.0,0.0,0.008323692694210951,0.0,0.0,0.09826068186775959,0.0,536.2755792065456,-0.007919619969665816,0.032
raceline_xy,20260415_212047_eb9da4db,1086,34.783999999999715,369.4906582064494,-96.37494979142053,6.109323442565257,-0.017421033844342793,6.109348280978717,0.2545561783741132,-0.318032167688159,-0.013744552536968454,0.05828514057244408,0.29142570286222036,0.3503700077094827,0.00042915905650486863,0.0,0.0,0.30027242823163,7.0,0.2916666666666667,7.0,0.2916666666666667,7.0,0.2916666666666667,1.4375724993891328,0.0,0.0,0.008024707090233063,0.0,0.0,0.09829638404165154,0.0,536.6265471191539,-0.007733499752043976,0.032
raceline_xy,20260415_212047_eb9da4db,1087,34.81599999999971,369.67614131142483,-96.43668484704457,6.108946795024968,-0.017242771176173344,6.108971129216741,0.2545404637173642,-0.318478414014602,-0.013942713019650417,0.0602970321039951,0.3014851605199755,0.35404893362658774,0.00040941401474192674,0.0,0.0,0.30042851024571243,7.0,0.2916666666666667,7.0,0.2916666666666667,7.0,0.2916666666666667,1.4526619674345158,0.0,0.0,0.0077252896582698785,0.0,0.0,0.09832971813316035,0.0,536.9659837049329,-0.007861244301749882,0.032
raceline_xy,20260415_212047_eb9da4db,1088,34.84799999999971,369.861587720748,-96.49849303468864,6.108581550873804,-0.01704180663805621,6.108605322563351,0.254525221773473,-0.3189254058671622,-0.013966480373962762,0.06257672657227395,0.3128836328613697,0.3577304597313353,0.0003979798118907141,0.0,0.0,0.3005845599611274,7.0,0.2916666666666667,7.0,0.2916666666666667,7.0,0.2916666666666667,1.4685169553581883,0.0,0.0,0.007424985036789928,0.0,0.0,0.09836238764541257,0.0,537.2952096929837,-0.00819700892746227,0.032
raceline_xy,20260415_212047_eb9da4db,1089,34.879999999999704,370.0469953503354,-96.56038123705325,6.108223039454398,-0.017067328461536135,6.108246883797538,0.2545102868248974,-0.3193721520513093,-0.013959166117976955,0.06511308029866066,0.32556540149330326,0.361418940822821,0.0003959175537380233,0.0,0.0,0.3007406120138886,7.0,0.2916666666666667,7.0,0.2916666666666667,7.0,0.2916666666666667,1.485107705476481,0.0,0.0,0.00712361659610929,0.0,0.0,0.09839557061836045,0.0,537.6178045822157,-0.00856121405656708,0.032
raceline_xy,20260415_212047_eb9da4db,1090,34.9119999999997,370.2323613123085,-96.62235834882047,6.10786753281878,-0.0173699405254768,6.1078922316373285,0.2544955096515554,-0.31982143104002336,-0.014038408234408202,0.06788728771974194,0.33943643859870964,0.36511495973257135,0.00040044825811813567,0.0,0.0,0.30089666641601864,7.0,0.2916666666666667,7.0,0.2916666666666667,7.0,0.2916666666666667,1.5021622216188255,0.0,0.0,0.0068213198465899745,0.0,0.0,0.09842949786796984,0.0,537.936991526404,-0.008809441292755946,0.032
raceline_xy,20260415_212047_eb9da4db,1091,34.9439999999997,370.4176835393417,-96.68443060578619,6.1075136779919115,-0.017838339757788146,6.107539728337721,0.2544808220140717,-0.3202772320821703,-0.014242072109928164,0.0708789698838386,0.35439484941919297,0.36881796627003727,0.000407582148612029,0.0,0.0,0.3010527231812854,7.0,0.2916666666666667,7.0,0.2916666666666667,7.0,0.2916666666666667,1.5196829177583067,0.0,0.0,0.006518297963077484,0.0,0.0,0.09846372417569303,0.0,538.2542444960509,-0.008901719077891323,0.032
raceline_xy,20260415_212047_eb9da4db,1092,34.975999999999694,370.602961510181,-96.74659966288549,6.107162534565688,-0.01830479042022226,6.107189966666759,0.25446624861111494,-0.3207422827303841,-0.014530881025703402,0.07406517561910922,0.37032587809554607,0.3725287839064606,0.0004145911253203849,0.0,0.0,0.301208782325241,7.0,0.2916666666666667,7.0,0.2916666666666667,7.0,0.2916666666666667,1.5377587052372674,0.0,0.0,0.006214623174155986,0.0,0.0,0.09849749382216641,0.0,538.5690299999164,-0.0088954766314106,0.032
raceline_xy,20260415_212047_eb9da4db,1093,35.00799999999969,370.788195936212,-96.80886369332815,6.1068163966001485,-0.01865154842213701,6.106844879480972,0.2544518699783738,-0.3212169679241459,-0.01483178564630289,0.07742209060497127,0.3871104530248563,0.37625067401709433,0.0004210896808301001,0.0,0.0,0.30136484386526124,7.0,0.2916666666666667,7.0,0.2916666666666667,7.0,0.2916666666666667,1.556313061168919,0.0,0.0,0.005910155893345738,0.0,0.0,0.09853019667694214,0.0,538.8796084671246,-0.008885316137835914,0.032
raceline_xy,20260415_212047_eb9da4db,1094,35.03999999999969,370.9733878584377,-96.8712200806671,6.1064771296660965,-0.01886080601802842,6.106506256865601,0.2544377607027334,-0.32169983742473196,-0.015087512269722148,0.08092775861266502,0.40463879306332506,0.3799887845378307,0.0004284678844101997,0.0,0.0,0.3015209078205844,7.0,0.2916666666666667,7.0,0.2916666666666667,7.0,0.2916666666666667,1.5752594488871487,0.0,0.0,0.005604594637830543,0.0,0.0,0.09856170013760891,0.0,539.1843688209585,-0.008940660115575929,0.032
raceline_xy,20260415_212047_eb9da4db,1095,35.07199999999968,371.1585378192809,-96.93366776066782,6.106145155699863,-0.01899529835214886,6.10617470138518,0.25442394589104916,-0.322188960160239,-0.01528301056526526,0.08008645106180491,0.40043225530902454,0.38223973064544836,0.00018788716556894514,0.0,0.0,0.3015989407105153,7.0,0.2916666666666667,7.0,0.2916666666666667,7.0,0.2916666666666667,1.5848499878511844,0.0,0.0,0.00542830015016637,0.0,0.0,0.09859231565049867,0.0,539.4827687533373,0.00042546914551782125,0.032
raceline_xy,20260415_212047_eb9da4db,1096,35.10399999999968,371.3436481427602,-96.99619958434904,6.105813073259123,-0.01880930862190411,6.105842044769325,0.2544100851987219,-0.3226921522531816,-0.015722529196134198,0.07839592680084072,0.39197963400420355,0.3860080564863799,0.00018862126269825197,0.0,0.0,0.30175500832903435,7.0,0.2916666666666667,7.0,0.2916666666666667,7.0,0.2916666666666667,1.6042017854723878,0.0,0.0,0.00513190867747952,0.0,0.0,0.09862559276029156,0.0,539.782159707607,-0.008420988464385364,0.032
raceline_xy,20260415_212047_eb9da4db,1097,35.135999999999676,371.52878369229325,-97.0586301602475,6.105563216566304,-0.01304581942702776,6.105577154118355,0.2543990480882648,-0.32310371387355596,-0.012866318942506075,0.07678040552703644,0.38390202763518216,0.3899050963769177,0.00029010963406239654,0.0,0.0,0.30191107841935566,7.0,0.2916666666666667,7.0,0.2916666666666667,7.0,0.2916666666666667,1.6236905836313766,0.0,0.0,0.004824024831449988,0.0,0.0,0.09863064007071111,0.0,540.0205612934803,-0.01289657060285429,0.032
raceline_xy,20260415_212047_eb9da4db,1098,35.16799999999967,371.71386349033975,-97.1211969085881,6.105268683626499,-0.015252472471398049,6.105287735822689,0.25438698899261203,-0.323493822587241,-0.012195318673246946,0.07546391525774533,0.37731957628872664,0.3938604700411652,0.0004221758445708268,0.0,0.0,0.3020671510075431,7.0,0.2916666666666667,7.0,0.2916666666666667,7.0,0.2916666666666667,1.6432025295662815,0.0,0.0,0.004510420688111078,0.0,0.0,0.09866695737094947,0.0,540.2810377595798,-0.014042243506448542,0.032
raceline_xy,20260415_212047_eb9da4db,1099,35.19999999999967,371.8988561036846,-97.18398666743735,6.104910193061588,-0.0200505874036514,6.104943119424006,0.25437262997600024,-0.32393208574946986,-0.013695497275890783,0.07454966607435111,0.37274833037175553,0.39779456290521953,0.0005152136928270323,0.0,0.0,0.3022232261216983,7.0,0.2916666666666667,7.0,0.2916666666666667,7.0,0.2916666666666667,1.6625797687963635,0.0,0.0,0.004197541451540999,0.0,0.0,0.09871832380161165,0.0,540.591192518394,-0.012359455832760425,0.032
raceline_xy,20260415_212047_eb9da4db,1100,35.231999999999665,372.08376860576726,-97.24697367363491,6.104511813857282,-0.02355093453480217,6.104557242916195,0.2543565517881748,-0.3244464434123211,-0.01606875229932505,0.07403397602384332,0.3701698801192166,0.40157709340979153,0.0005412843043490767,0.0,0.0,0.3023793037919995,7.0,0.2916666666666667,7.0,0.2916666666666667,7.0,0.2916666666666667,1.6813738872136472,0.0,0.0,0.0038959164306195523,0.0,0.0,0.09876941935998755,0.0,540.9384813754237,-0.009697396458402566,0.032
raceline_xy,20260415_212047_eb9da4db,1101,35.26399999999966,372.26862735642624,-97.31008158614011,6.104139031607382,-0.024171717352218236,6.104186890087202,0.25434112042030005,-0.32501915155786865,-0.017890036757261456,0.0738540056568875,0.3692700282844375,0.40534865160398104,0.0005181328991983314,0.0,0.0,0.30253538405074115,7.0,0.2916666666666667,7.0,0.2916666666666667,7.0,0.2916666666666667,1.699883209682264,0.0,0.0,0.0035942241613109442,0.0,0.0,0.0988012331404276,0.0,541.2717989215182,-0.007876425479092218,0.032
raceline_xy,20260415_212047_eb9da4db,1102,35.29599999999966,372.4534563125118,-97.37324533323776,6.1038282299479505,-0.02251849189408328,6.103869767875681,0.25432790699482005,-0.32560960531247884,-0.01844542081829294,0.07394725914504788,0.36973629572523936,0.40915595675797967,0.0004863655782303411,0.0,0.0,0.30269146693237187,7.0,0.2916666666666667,7.0,0.2916666666666667,7.0,0.2916666666666667,1.7180331594669698,0.0,0.0,0.0032887914152867448,0.0,0.0,0.09881599367140785,0.0,541.5572089118868,-0.007715594169003837,0.032
raceline_xy,20260415_212047_eb9da4db,1103,35.327999999999655,372.63826370644176,-97.43644528697963,6.103564405729097,-0.02030533809562618,6.103598181535083,0.25431659089729514,-0.32618315681239807,-0.01791975866480702,0.07429348125207591,0.37146740626037955,0.4130390341405561,0.0004806014671316916,0.0,0.0,0.3028475357287032,7.0,0.2916666666666667,7.0,0.2916666666666667,7.0,0.2916666666666667,1.7357559941185243,0.0,0.0,0.002976600371784322,0.0,0.0,0.09882865075946366,0.0,541.801636618425,-0.008883938901413813,0.032
raceline_xy,20260415_212047_eb9da4db,1104,35.35999999999965,372.8230418650419,-97.49970565161097,6.103315190862608,-0.019059277875885128,6.1033449497048275,0.2543060395710345,-0.3267282880664726,-0.01703395302526583,0.0749087687310393,0.3745438436551965,0.41701406065572444,0.0005123458771296718,0.0,0.0,0.3030035840322236,7.0,0.2916666666666667,7.0,0.2916666666666667,7.0,0.2916666666666667,1.7529914387218062,0.0,0.0,0.002656553534069504,0.0,0.0,0.09884798492617684,0.0,542.0295452656549,-0.010414820266577305,0.032
raceline_xy,20260415_212047_eb9da4db,1105,35.39199999999965,373.0077759896589,-97.5630691352697,6.103057219524476,-0.019331416503925558,6.1030878355512685,0.2542953264813029,-0.3272561380442287,-0.01649478274113752,0.07582498828582829,0.37912494142914144,0.421074266332663,0.000570500179745359,0.0,0.0,0.30315963502931964,7.0,0.2916666666666667,7.0,0.2916666666666667,7.0,0.2916666666666667,1.7691642954061635,0.0,0.0,0.0023293486827461645,0.0,0.0,0.09887465245341161,0.0,542.260948003858,-0.011445993859003157,0.032
raceline_xy,20260415_212047_eb9da4db,1106,35.423999999999644,373.19245413988955,-97.62656874529223,6.102780122720542,-0.020677732820799877,6.102815153263907,0.25428396471932946,-0.3277877224488259,-0.01661083320866082,0.07706704155798276,0.38533520778991376,0.4252031944667394,0.0006340481263360509,0.0,0.0,0.3033156887320254,7.0,0.2916666666666667,7.0,0.2916666666666667,7.0,0.2916666666666667,1.7836256416204581,0.0,0.0,0.0019964355716907446,0.0,0.0,0.0989065130416737,0.0,542.5063620624833,-0.011628137124711028,0.032
raceline_xy,20260415_212047_eb9da4db,1107,35.45599999999964,373.37707254206674,-97.69021357992912,6.102486688006379,-0.022207012835649298,6.102527093648511,0.25427196223535464,-0.3283397074705716,-0.01724696606556952,0.07863139062648969,0.3931569531324484,0.4293891729159731,0.0006863229535278847,0.0,0.0,0.30347174515472586,7.0,0.2916666666666667,7.0,0.2916666666666667,7.0,0.2916666666666667,1.797581849274149,0.0,0.0,0.0016588759471122144,0.0,0.0,0.0989398363586085,0.0,542.7656157163393,-0.011179325266804227,0.032
raceline_xy,20260415_212047_eb9da4db,1108,35.48799999999964,373.56163509756067,-97.75399156707577,6.102190913801409,-0.023188015860010402,6.102234970284249,0.2542597904285104,-0.3289166333973905,-0.018025204515209718,0.08048929252284848,0.4024464626142424,0.43363304927243806,0.0007227837712884266,0.0,0.0,0.30362780431419617,7.0,0.2916666666666667,7.0,0.2916666666666667,7.0,0.2916666666666667,1.811011270458148,0.0,0.0,0.0013167224603484733,0.0,0.0,0.09897002649319149,0.0,543.0285267441758,-0.010597618296193143,0.032
raceline_xy,20260415_212047_eb9da4db,1109,35.519999999999634,373.7461488506987,-97.81788300086369,6.10190777581143,-0.02340282817321948,6.101952654427474,0.2542480272678114,-0.32951201720770706,-0.01860163843500886,0.08260235106593475,0.4130117553296737,0.43794686028117047,0.000749881068237368,0.0,0.0,0.30378386622964115,7.0,0.2916666666666667,7.0,0.2916666666666667,7.0,0.2916666666666667,1.8239047432625164,0.0,0.0,0.0009691338337922497,0.0,0.0,0.09899491091692224,0.0,543.2826110152732,-0.01030763331168304,0.032
raceline_xy,20260415_212047_eb9da4db,1110,35.55199999999963,373.9306190029961,-97.88187426008176,6.101643030408372,-0.02311544452703629,6.101686815488545,0.25423695064535606,-0.3301151318651607,-0.01884362627551948,0.08493814656001134,0.42469073280005665,0.44234681631683737,0.0007783045135596467,0.0,0.0,0.3039399309227334,7.0,0.2916666666666667,7.0,0.2916666666666667,7.0,0.2916666666666667,1.8362647586219332,0.0,0.0,0.0006149423522715761,0.0,0.0,0.09901607993504927,0.0,543.521866060309,-0.010450913793614411,0.032
raceline_xy,20260415_212047_eb9da4db,1111,35.58399999999963,374.11504636692393,-97.94596417875336,6.101392336848247,-0.02278652721065244,6.101434886481444,0.2542264536033935,-0.3307181077744641,-0.018840030552863915,0.08747738863298894,0.4373869431649447,0.4468460863917132,0.0008159890822367899,0.0,0.0,0.3040959984176534,7.0,0.2916666666666667,7.0,0.2916666666666667,7.0,0.2916666666666667,1.848104531073317,0.0,0.0,0.0002532252301660249,0.0,0.0,0.0990366740530561,0.0,543.7486021666999,-0.010891932391943812,0.032
raceline_xy,20260415_212047_eb9da4db,1112,35.61599999999962,374.2994279713599,-98.0101617658231,6.1011472083208895,-0.02276462862109252,6.101189677916762,0.2542162365798651,-0.3313193973604154,-0.018787916918292277,0.09021146323227194,0.4510573161613597,0.45145136803000563,0.0008644817861540588,0.0,0.0,0.3042520687411275,7.0,0.2916666666666667,7.0,0.2916666666666667,7.0,0.2916666666666667,1.8594474242534715,0.0,0.0,0.0,0.0,0.0,0.09905884956270387,0.0,543.9692898749141,-0.011373109709258878,0.032
raceline_xy,20260415_212047_eb9da4db,1113,35.64799999999962,374.4837595516887,-98.07447905125045,6.100900815266707,-0.02312907865961278,6.100944657346239,0.2542060273894266,-0.331922784516685,-0.018853624316411816,0.09313497608102024,0.4656748804051012,0.45616399681275244,0.0009199980872347524,0.0,0.0,0.3044081419224677,7.0,0.2916666666666667,7.0,0.2916666666666667,7.0,0.2916666666666667,1.8703263093496423,0.0,0.0,0.0,0.0,0.0,0.09908304785101069,0.0,544.1898083883846,-0.011690731364218132,0.032
raceline_xy,20260415_212047_eb9da4db,1114,35.679999999999616,374.6680380064607,-98.1389243825788,6.100650806367361,-0.02372559767258764,6.10069694094172,0.2541957058725717,-0.33253378463463346,-0.019091303572671577,0.09623918632840968,0.4811959316420484,0.4607409306054797,0.000977021865594896,0.0,0.0,0.3045642179936102,7.0,0.2916666666666667,7.0,0.2916666666666667,7.0,0.2916666666666667,1.8804073478031156,0.0,0.0,0.0,0.0,0.0,0.09910841422318178,0.0,544.4127531524514,-0.011789924262550057,0.032
raceline_xy,20260415_212047_eb9da4db,1115,35.71199999999961,374.85226250463774,-98.20349969490753,6.10039931431444,-0.02431868510567914,6.100447786231216,0.25418532442630065,-0.333156158391672,-0.019446359054881394,0.09950978558102452,0.4975489279051226,0.46484217013795526,0.0010317916280522255,0.0,0.0,0.30472029698915465,7.0,0.2916666666666667,7.0,0.2916666666666667,7.0,0.2916666666666667,1.8892995946125248,0.0,0.0,0.0,0.0,0.0,0.09913353001014215,0.0,544.6369923919051,-0.011750812062897742,0.032
raceline_xy,20260415_212047_eb9da4db,1116,35.74399999999961,375.03643403877055,-98.26820207651275,6.100150713031175,-0.024743559953211536,6.100200895499582,0.2541750373124826,-0.3337904009937436,-0.0198169938462853,0.10136599493274157,0.5068299746637078,0.46738047606823363,0.0007395403647936227,0.0,0.0,0.3047983375951279,7.0,0.2916666666666667,7.0,0.2916666666666667,7.0,0.2916666666666667,1.8936445298564284,0.0,0.0,0.0,0.0,0.0,0.09915726469917699,0.0,544.8591940503757,0.0005284114789080932,0.032
raceline_xy,20260415_212047_eb9da4db,1117,35.775999999999605,375.22055751473283,-98.33301663259185,6.09989766992282,-0.02454820731616203,6.099947065181163,0.25416446104921514,-0.33444604648926024,-0.020485405558787594,0.10032097874237768,0.5016048937118883,0.47157510852710427,0.0007747160950892784,0.0,0.0,0.3049544210480715,7.0,0.2916666666666667,7.0,0.2916666666666667,7.0,0.2916666666666667,1.9021496786318475,0.0,0.0,0.0,0.0,0.0,0.09918456252157087,0.0,545.087641336953,-0.010701368097284772,0.032
raceline_xy,20260415_212047_eb9da4db,1118,35.8079999999996,375.40472208342334,-98.39770055032218,6.099780645801339,-0.01698722749026227,6.099804299548503,0.25415851248118765,-0.3349842981386555,-0.016827351994284343,0.09926593921098752,0.49632969605493754,0.47596803971960533,0.0009364028524423418,0.0,0.0,0.3051105075238241,7.0,0.2916666666666667,7.0,0.2916666666666667,7.0,0.2916666666666667,1.9104305163874313,0.0,0.0,0.0,0.0,0.0,0.09916398860490437,0.0,545.2161304063468,-0.016387624689150646,0.032
raceline_xy,20260415_212047_eb9da4db,1119,35.8399999999996,375.58882011501345,-98.46255560292805,6.09958587164259,-0.0196191732630282,6.099617423863682,0.2541507259943201,-0.3354929115608756,-0.015900483359542035,0.09850860934152833,0.49254304670764165,0.48046446775012397,0.0011367550828920159,0.0,0.0,0.3052665574772375,7.0,0.2916666666666667,7.0,0.2916666666666667,7.0,0.2916666666666667,1.9185118611473717,0.0,0.0,0.0,0.0,0.0,0.09919627368900198,0.0,545.3843185226856,-0.017876581067793218,0.032
raceline_xy,20260415_212047_eb9da4db,1120,35.871999999999595,375.7728088361728,-98.52769330177088,6.099283911995603,-0.02562428759222657,6.099337738086243,0.2541390724202601,-0.3360601576281903,-0.017726258110894573,0.09815086187434365,0.4907543093717182,0.4849722640212901,0.0012875677133918906,0.0,0.0,0.3054226020537923,7.0,0.2916666666666667,7.0,0.2916666666666667,7.0,0.2916666666666667,1.9264167044979708,0.0,0.0,0.0,0.0,0.0,0.09925296573491169,0.0,545.6360357223809,-0.01576928188652144,0.032
raceline_xy,20260415_212047_eb9da4db,1121,35.90399999999959,375.9566964145465,-98.5930825185279,6.09891320857332,-0.030049211870697867,6.098987234028627,0.2541244680845261,-0.33672218553690403,-0.020681538699907857,0.09816791614702154,0.4908395807351077,0.48945383735413417,0.0013527089378824186,0.0,0.0,0.30557864983424154,7.0,0.2916666666666667,7.0,0.2916666666666667,7.0,0.2916666666666667,1.9341666324263045,0.0,0.0,0.0,0.0,0.0,0.09930979634917099,0.0,545.9514893742354,-0.012395537937783677,0.032
raceline_xy,20260415_212047_eb9da4db,1122,35.93599999999959,376.14051728911267,-98.65862752020875,6.098578555197412,-0.030849746915249332,6.098656581641443,0.2541106909017268,-0.33745728629264704,-0.02296193493712306,0.09846657021087209,0.4923328510543604,0.4939305795847959,0.0013538862524797857,0.0,0.0,0.3057347008943373,7.0,0.2916666666666667,7.0,0.2916666666666667,7.0,0.2916666666666667,1.9417819888285937,0.0,0.0,0.0,0.0,0.0,0.09933632728849223,0.0,546.2490765227012,-0.01005611554995968,0.032
raceline_xy,20260415_212047_eb9da4db,1123,35.967999999999584,376.3243034314988,-98.7242460597639,6.098338776176252,-0.028760144456502656,6.098406593112993,0.25410027471304136,-0.33821444586857297,-0.023652395533111183,0.0989594599633872,0.494797299816936,0.4984529674043232,0.0013421121246506296,0.0,0.0,0.30589075531278387,7.0,0.2916666666666667,7.0,0.2916666666666667,7.0,0.2916666666666667,1.9492820296108766,0.0,0.0,0.0,0.0,0.0,0.09933586869695415,0.0,546.4740661983058,-0.009803471224243588,0.032
raceline_xy,20260415_212047_eb9da4db,1124,35.99999999999958,376.5080662941304,-98.78991254379764,6.09817034089158,-0.025931196180229765,6.098225474141233,0.25409272808921807,-0.3389497034731632,-0.02297154155845467,0.099613774057476,0.49806887028737995,0.503063431887333,0.001361345723674745,0.0,0.0,0.30604681317127636,7.0,0.2916666666666667,7.0,0.2916666666666667,7.0,0.2916666666666667,1.9566698586547164,0.0,0.0,0.0,0.0,0.0,0.09933227773869291,0.0,546.6370732728898,-0.01123963413369997,0.032
raceline_xy,20260415_212047_eb9da4db,1125,36.03199999999958,376.6917961733812,-98.8556564741397,6.098021417622319,-0.02429778603951438,6.098069825132124,0.2540862427138385,-0.3396480659742158,-0.02182190940370178,0.10045368085453836,0.5022684042726918,0.5077744552446566,0.0014264696698984558,0.0,0.0,0.3062028745545398,7.0,0.2916666666666667,7.0,0.2916666666666667,7.0,0.2916666666666667,1.9639313550130186,0.0,0.0,0.0,0.0,0.0,0.09933972762726628,0.0,546.7771573810878,-0.013161856903075414,0.032
raceline_xy,20260415_212047_eb9da4db,1126,36.063999999999574,376.87547362768066,-98.92153102278104,6.097854591881462,-0.024575261675416904,6.0979041126616815,0.25407933802757005,-0.3403232160697778,-0.021097810433700112,0.10152861768725199,0.5076430884362599,0.5125694026403647,0.001523869341621964,0.0,0.0,0.3063589395503675,7.0,0.2916666666666667,7.0,0.2916666666666667,7.0,0.2916666666666667,1.9711214067156653,0.0,0.0,0.0,0.0,0.0,0.09935927799350686,0.0,546.9262986044862,-0.014455337894878255,0.032
raceline_xy,20260415_212047_eb9da4db,1127,36.09599999999957,377.0590826123208,-98.98757779321456,6.097653273243791,-0.026225702262301587,6.097709670700948,0.2540712362792062,-0.3410016791036421,-0.021200449488959907,0.10287533700222033,0.5143766850111017,0.5174189647345413,0.0016270679026244572,0.0,0.0,0.30651500824966005,7.0,0.2916666666666667,7.0,0.2916666666666667,7.0,0.2916666666666667,1.978251140201327,0.0,0.0,0.0,0.0,0.0,0.09938750571333531,0.0,547.1012963691462,-0.014675003611485934,0.032
raceline_xy,20260415_212047_eb9da4db,1128,36.12799999999957,377.24261784219215,-99.05380824641003,6.097422086755401,-0.028119867060271808,6.0974869274953,0.2540619553123042,-0.3417046359622016,-0.021963923022189438,0.10449721386084335,0.5224860693042167,0.5222996714394768,0.0017148918213503173,0.0,0.0,0.3066710807464638,7.0,0.2916666666666667,7.0,0.2916666666666667,7.0,0.2916666666666667,1.9853337599880465,0.0,0.0,0.0,0.0,0.0,0.09941840142973032,0.0,547.3017652542295,-0.014091310374773595,0.032
raceline_xy,20260415_212047_eb9da4db,1129,36.15999999999956,377.4260842872085,-99.12020710100673,6.097183426735133,-0.02932712844064289,6.097253957292262,0.2540522482205109,-0.3424379792248935,-0.02291183835662487,0.10636762335335839,0.5318381167667919,0.5272037871196971,0.0017814562878801787,0.0,0.0,0.30682715713800973,7.0,0.2916666666666667,7.0,0.2916666666666667,7.0,0.2916666666666667,1.9923845640796765,0.0,0.0,0.0,0.0,0.0,0.09944466141651558,0.0,547.5114384369641,-0.013332913036387986,0.032
raceline_xy,20260415_212047_eb9da4db,1130,36.19199999999956,377.60949125259197,-99.1867493338702,6.096961195559495,-0.02956465815943088,6.097032875847919,0.2540430364936633,-0.3431936078285691,-0.023607714717773995,0.10844854842858768,0.5422427421429384,0.5321377281979678,0.001834870561129076,0.0,0.0,0.30698323752475193,7.0,0.2916666666666667,7.0,0.2916666666666667,7.0,0.2916666666666667,1.9994210491103046,0.0,0.0,0.0,0.0,0.0,0.09946283324241308,0.0,547.7104117368724,-0.012939326384955803,0.032
raceline_xy,20260415_212047_eb9da4db,1131,36.223999999999556,377.7928457321767,-99.25341746210738,6.096764585703796,-0.02916132490804979,6.096834325808958,0.25403476357537325,-0.34395795781318306,-0.023880825895203427,0.1107096388578715,0.5535481942893574,0.5371132319721195,0.0018887072343121147,0.0,0.0,0.3071393220104062,7.0,0.2916666666666667,7.0,0.2916666666666667,7.0,0.2916666666666667,2.006463070989885,0.0,0.0,0.0,0.0,0.0,0.09947544863208853,0.0,547.8891067719375,-0.01309351175764911,0.032
raceline_xy,20260415_212047_eb9da4db,1132,36.25599999999955,377.97614893151535,-99.32020962661129,6.096586708115548,-0.028698846281505208,6.096654255683937,0.2540272606534974,-0.3447210038393793,-0.023841142060000466,0.11313709299060544,0.5656854649530272,0.5421382103286505,0.0019530007292463125,0.0,0.0,0.3072954107019889,7.0,0.2916666666666667,7.0,0.2916666666666667,7.0,0.2916666666666667,2.013533070335771,0.0,0.0,0.0,0.0,0.0,0.0994875006013592,0.0,548.0511698844562,-0.013627004924474119,0.032
raceline_xy,20260415_212047_eb9da4db,1133,36.28799999999955,378.15939698767517,-99.3871368000388,6.096414117293218,-0.028620615317021203,6.09648129900791,0.2540200541253296,-0.3454806960367067,-0.02373718315176426,0.11573060210707384,0.5786530105353691,0.5471975554998716,0.0020298104593359234,0.0,0.0,0.30745150370985513,7.0,0.2916666666666667,7.0,0.2916666666666667,7.0,0.2916666666666667,2.020641473802621,0.0,0.0,0.0,0.0,0.0,0.09950240035947547,0.0,548.2068308928808,-0.014214709395770858,0.032
raceline_xy,20260415_212047_eb9da4db,1134,36.319999999999546,378.3425842414838,-99.45421382780772,6.096236049342733,-0.029030714015616965,6.096305172123698,0.2540127155051541,-0.3462417580615025,-0.023780229989206092,0.11847593237944933,0.5923796618972466,0.552254042430985,0.0021143051935235135,0.0,0.0,0.3076075574726674,7.0,0.2916666666666667,7.0,0.2916666666666667,7.0,0.2916666666666667,2.027788132593742,0.0,0.0,0.0,0.0,0.0,0.09952082761107026,0.0,548.3653450886718,-0.014586436758682025,0.032
raceline_xy,20260415_212047_eb9da4db,1135,36.35199999999954,378.525706519455,-99.52145097635221,6.096048844185438,-0.029736282286528803,6.096121369951458,0.25400505708131077,-0.347011165256057,-0.024040701202693426,0.12137850239340256,0.6068925119670128,0.5573390781342211,0.002199582681690959,0.0,0.0,0.3077635988283524,7.0,0.2916666666666667,7.0,0.2916666666666667,7.0,0.2916666666666667,2.035049736325551,0.0,0.0,0.0,0.0,0.0,0.09954142255363052,0.0,548.5307670436873,-0.014672314022444755,0.032
raceline_xy,20260415_212047_eb9da4db,1136,36.38399999999954,378.70876274045395,-99.58885023338671,6.095856138096859,-0.030432610329263143,6.095932102652112,0.253997170943838,-0.34779360656146263,-0.024447497422780868,0.12443526343369878,0.6221763171684939,0.5624429711053258,0.0022809996240829022,0.0,0.0,0.3079196444909215,7.0,0.2916666666666667,7.0,0.2916666666666667,7.0,0.2916666666666667,2.042461320527205,0.0,0.0,0.0,0.0,0.0,0.09956186786848653,0.0,548.7011076130988,-0.014601359781354377,0.032
raceline_xy,20260415_212047_eb9da4db,1137,36.415999999999535,378.89175432645374,-99.65640735664148,6.095665154010988,-0.030907390028900972,6.095743509743681,0.2539893129059867,-0.3485895146294329,-0.024867976227031664,0.12589711615204655,0.6294855807602326,0.5655808648347538,0.0019204611003469374,0.0,0.0,0.3079976689110805,7.0,0.2916666666666667,7.0,0.2916666666666667,7.0,0.2916666666666667,2.046234876904919,0.0,0.0,0.0,0.0,0.0,0.09958032781926039,0.0,548.8708412306869,0.0006059397798739933,0.032
raceline_xy,20260415_212047_eb9da4db,1138,36.44799999999953,379.07468756464016,-99.72410375133052,6.095465246405865,-0.030615774731326928,6.095542133051343,0.25398092221047264,-0.34941060174404726,-0.025654238393115664,0.1254623806137938,0.627311903068969,0.5706954491560392,0.0019769945717178494,0.0,0.0,0.3081537208786756,7.0,0.2916666666666667,7.0,0.2916666666666667,7.0,0.2916666666666667,2.0539419507835235,0.0,0.0,0.0,0.0,0.0,0.09960425904427246,0.0,549.0520802537907,-0.013295175692133992,0.032
raceline_xy,20260415_212047_eb9da4db,1139,36.47999999999953,379.257678288176,-99.79164129963242,6.095469440998498,-0.021224750146227933,6.095506393743288,0.253979433072637,-0.35008520702603985,-0.02109142793248848,0.1249133476122595,0.6245667380612975,0.5759814473427287,0.002189186066739346,0.0,0.0,0.30830977695129363,7.0,0.2916666666666667,7.0,0.2916666666666667,7.0,0.2916666666666667,2.0618971399470745,0.0,0.0,0.0,0.0,0.0,0.09955603555318174,0.0,549.0842456310404,-0.02030895806354176,0.032
raceline_xy,20260415_212047_eb9da4db,1140,36.511999999999524,379.4405868768824,-99.8593911055807,6.09535021785372,-0.024453195242609693,6.095399268058407,0.25397496950243365,-0.3507221842828159,-0.01991458259536825,0.12461932877275451,0.6230966438637725,0.5813185265231895,0.002448155384957129,0.0,0.0,0.30846583705448916,7.0,0.2916666666666667,7.0,0.2916666666666667,7.0,0.2916666666666667,2.0701455312996306,0.0,0.0,0.0,0.0,0.0,0.09958894923874302,0.0,549.1806587474333,-0.02212513051600079,0.032
raceline_xy,20260415_212047_eb9da4db,1141,36.54399999999952,379.6233573893217,-99.92748945064585,6.095064278034317,-0.03184559988327096,6.095147471193943,0.2539644779664143,-0.3514307737889846,-0.022143358093767166,0.12472516944791419,0.6236258472395709,0.5865899147484455,0.002644471632136103,0.0,0.0,0.30862190111747584,7.0,0.2916666666666667,7.0,0.2916666666666667,7.0,0.2916666666666667,2.0787368226759764,0.0,0.0,0.0,0.0,0.0,0.09965908687194454,0.0,549.4072759254507,-0.01948798932010856,0.032
raceline_xy,20260415_212047_eb9da4db,1142,36.57599999999952,379.8059999270749,-99.99589727564998,6.094671560796117,-0.037275276530062795,6.0947855483369855,0.2539493978473744,-0.35225562256269294,-0.025767137895603896,0.12519642841490694,0.6259821420745346,0.5917464133738735,0.0027336727427411667,0.0,0.0,0.30877796907316685,7.0,0.2916666666666667,7.0,0.2916666666666667,7.0,0.2916666666666667,2.0877257142123455,0.0,0.0,0.0,0.0,0.0,0.09972933160743774,0.0,549.7330064967126,-0.015272736937785034,0.032
raceline_xy,20260415_212047_eb9da4db,1143,36.607999999999514,379.98855926926734,-100.06449649612499,6.094332395956757,-0.03821512844631969,6.094452210695412,0.25393550877897547,-0.3531697518234851,-0.02855274754253928,0.12591067860917068,0.6295533930458533,0.5968118432125555,0.0027427094506506933,0.0,0.0,0.3089340408582146,7.0,0.2916666666666667,7.0,0.2916666666666667,7.0,0.2916666666666667,2.09717360259969,0.0,0.0,0.0,0.0,0.0,0.09975339915414604,0.0,550.033010374129,-0.012336902639782453,0.032
raceline_xy,20260415_212047_eb9da4db,1144,36.63999999999951,380.17107751319395,-100.13318571061853,6.094136177133148,-0.035569220516946,6.094239978446139,0.25392666576858913,-0.3541098157074538,-0.029364778751905806,0.12675670260237706,0.6337835130118853,0.601846126313657,0.002734897612524989,0.0,0.0,0.3090901164130505,7.0,0.2916666666666667,7.0,0.2916666666666667,7.0,0.2916666666666667,2.109713575944545,0.0,0.0,0.0,0.0,0.0,0.0997365647117299,0.0,550.2240193984743,-0.01198713038635993,0.032
raceline_xy,20260415_212047_eb9da4db,1145,36.67199999999951,380.353570059257,-100.20193319509524,6.09404606045291,-0.03200172992150585,6.094130085388693,0.25392208689119555,-0.3550211851578968,-0.028473143614235603,0.12769397436477806,0.6384698718238903,0.6068992389064287,0.0027648342690422822,0.0,0.0,0.3092461956819253,7.0,0.2916666666666667,7.0,0.2916666666666667,7.0,0.2916666666666667,2.1230511583552096,0.0,0.0,0.0,0.0,0.0,0.09971546312697122,0.0,550.3229231501757,-0.013731070956608986,0.032
raceline_xy,20260415_212047_eb9da4db,1146,36.7039999999995,380.53602454165497,-100.27077491770679,6.093982556959764,-0.029911591789982372,6.0940559652708535,0.25391899855295225,-0.3558851392473734,-0.02699616027193445,0.12875397398330143,0.6437698699165071,0.611984033529704,0.0028512062747338973,0.0,0.0,0.3094022786129489,7.0,0.2916666666666667,7.0,0.2916666666666667,7.0,0.2916666666666667,2.1367499299051627,0.0,0.0,0.0,0.0,0.0,0.09971162197501045,0.0,550.3896312562315,-0.01607756613297368,0.032
raceline_xy,20260415_212047_eb9da4db,1147,36.7359999999995,380.718415705504,-100.33977588739383,6.093889017610843,-0.030187106288221965,6.093963785611472,0.25391515773381135,-0.3567185240956725,-0.026042733101194985,0.1300000794216721,0.6500003971083604,0.6170772500418455,0.0029771313326332205,0.0,0.0,0.30955836515813057,7.0,0.2916666666666667,7.0,0.2916666666666667,7.0,0.2916666666666667,2.1505823404979503,0.0,0.0,0.0,0.0,0.0,0.09972639136802085,0.0,550.4725929496745,-0.017643636464365405,0.032
raceline_xy,20260415_212047_eb9da4db,1148,36.767999999999496,380.90072257912124,-100.40898680409934,6.093740826180133,-0.032162791906042765,6.093825703270296,0.253909404302929,-0.35755413082537757,-0.0261109558208275,0.13148066386135812,0.6574033193067905,0.6221398905137336,0.003109779991449013,0.0,0.0,0.30971445527341845,7.0,0.2916666666666667,7.0,0.2916666666666667,7.0,0.2916666666666667,2.1643266747484415,0.0,0.0,0.0,0.0,0.0,0.0997544061078583,0.0,550.5968670567331,-0.017876354313422042,0.032
raceline_xy,20260415_212047_eb9da4db,1149,36.79999999999949,381.0829381777541,-100.4784212296761,6.093545424961483,-0.03443910860545896,6.093642744555226,0.25390178102313443,-0.3584181407515761,-0.026995836662082728,0.1332027924458279,0.6660139622291394,0.627140177294423,0.003222901397838207,0.0,0.0,0.30987053956402794,7.0,0.2916666666666667,7.0,0.2916666666666667,7.0,0.2916666666666667,2.1777600168644846,0.0,0.0,0.0,0.0,0.0,0.09978654288749188,0.0,550.7615299002958,-0.017110209426341703,0.032
raceline_xy,20260415_212047_eb9da4db,1150,36.83199999999949,381.2650689834286,-100.54805982429625,6.093336919959613,-0.03586166126388379,6.093442448968523,0.25389343537368847,-0.3593177827296765,-0.028107038558939552,0.13512783612200377,0.6756391806100188,0.6320658373685863,0.00330903481513678,0.0,0.0,0.31002655572853743,7.0,0.2916666666666667,7.0,0.2916666666666667,7.0,0.2916666666666667,2.190652848428643,0.0,0.0,0.0,0.0,0.0,0.09981178992296091,0.0,550.9417959283287,-0.01591086736988753,0.032
raceline_xy,20260415_212047_eb9da4db,1151,36.863999999999486,381.4471273453568,-100.61787109974586,6.093151140356743,-0.03607112142041702,6.09325790895406,0.2538857462064192,-0.3602431274941633,-0.02890952295932141,0.13721832985221347,0.6860916492610672,0.6369219573981661,0.003378313194851046,0.0,0.0,0.31018257614718237,7.0,0.2916666666666667,7.0,0.2916666666666667,7.0,0.2916666666666667,2.202763853666063,0.0,0.0,0.0,0.0,0.0,0.09982513576806787,0.0,551.1078819413457,-0.015222619184933617,0.032
raceline_xy,20260415_212047_eb9da4db,1152,36.89599999999948,381.6291244646804,-100.68782860093762,6.09300652072776,-0.035342828520578795,6.093109023902235,0.2538795426625931,-0.3611752088625977,-0.029121104054937653,0.1394380232623713,0.6971901163118566,0.6417225624124931,0.0034496889319131085,0.0,0.0,0.3103386015054606,7.0,0.2916666666666667,7.0,0.2916666666666667,7.0,0.2916666666666667,2.2138365035491265,0.0,0.0,0.0,0.0,0.0,0.09982873321237405,0.0,551.2418784879882,-0.015294478711401544,0.032
raceline_xy,20260415_212047_eb9da4db,1153,36.92799999999948,381.81106305094386,-100.75792751831644,6.092891513201322,-0.03449091001932025,6.092989136254443,0.2538745473439351,-0.3620996378721135,-0.02888386194548932,0.14177402172513506,0.7088701086256752,0.647984818722255,0.0035375369115278055,0.0,0.0,0.31049463249287673,7.0,0.2916666666666667,7.0,0.2916666666666667,7.0,0.2916666666666667,2.2262953538224193,0.0,0.0,0.0,0.0,0.0,0.0998315404007453,0.0,551.3497773710012,-0.01583004543313493,0.032
raceline_xy,20260415_212047_eb9da4db,1154,36.959999999999475,381.99293821842787,-100.8281810525396,6.092783523162639,-0.034145780272283766,6.0928792039915365,0.2538699668329807,-0.363013119844807,-0.028543342571498678,0.14423282846440244,0.7211641423220122,0.6542319665109613,0.003645137442100488,0.0,0.0,0.31065066980297507,7.0,0.2916666666666667,7.0,0.2916666666666667,7.0,0.2916666666666667,2.236946952586651,0.0,0.0,0.0,0.0,0.0,0.09983931263699604,0.0,551.4487164076168,-0.016373175195123553,0.032
raceline_xy,20260415_212047_eb9da4db,1155,36.99199999999947,382.1747428674397,-100.89860661844764,6.0926661790209895,-0.034421033808082147,6.092763410518633,0.25386514210494304,-0.36392124814154636,-0.028376724912535102,0.14682548261811307,0.7341274130905653,0.6603379684235149,0.0037668822911305355,0.0,0.0,0.310806714133374,7.0,0.2916666666666667,7.0,0.2916666666666667,7.0,0.2916666666666667,2.245259486771448,0.0,0.0,0.0,0.0,0.0,0.09985260781893766,0.0,551.5529305332299,-0.016585063765696656,0.032
raceline_xy,20260415_212047_eb9da4db,1156,37.02399999999947,382.35647247599667,-100.96921434472259,6.092535373981271,-0.03502624965175194,6.092636056862232,0.253859835702593,-0.3648320653372519,-0.028460682583535353,0.14955538162674,0.7477769081337,0.666296001231534,0.0038943894034848547,0.0,0.0,0.3109627661857983,7.0,0.2916666666666667,7.0,0.2916666666666667,7.0,0.2916666666666667,2.2508451949119874,0.0,0.0,0.0,0.0,0.0,0.09986882838826436,0.0,551.6675488239908,-0.0163931403012268,0.032
raceline_xy,20260415_212047_eb9da4db,1157,37.055999999999464,382.5381270811325,-101.04000297790824,6.092398057040114,-0.03555030921849367,6.092501777587898,0.2538542407328291,-0.3657501743090439,-0.028688276982931086,0.15241416615270018,0.7620708307635008,0.672102547618703,0.004023499742070502,0.0,0.0,0.31111882666611235,7.0,0.2916666666666667,7.0,0.2916666666666667,7.0,0.2916666666666667,2.251954988667805,0.0,0.0,0.0,0.0,0.0,0.09988428629202764,0.0,551.7884001708918,-0.01595213595999934,0.032
raceline_xy,20260415_212047_eb9da4db,1158,37.08799999999946,382.71971026013847,-101.11096308745927,6.092265764116898,-0.03572187930225512,6.09237049048166,0.2538487704367358,-0.36667445072718596,-0.02888107198566548,0.1525688318253871,0.7628441591269355,0.6756997512272975,0.003626209737711328,0.0,0.0,0.31119686028845067,7.0,0.2916666666666667,7.0,0.2916666666666667,7.0,0.2916666666666667,2.2506810112081927,0.0,0.0,0.0,0.0,0.0,0.09989634866301508,0.0,551.906558566506,0.0008675702045983086,0.032
raceline_xy,20260415_212047_eb9da4db,1159,37.11999999999946,382.90123154412714,-101.18206920377192,6.092131477123792,-0.03494450949695782,6.0922316972769925,0.2538429873865414,-0.36761504640826814,-0.02939102174139603,0.15249063315015834,0.7624531657507917,0.6812816933306225,0.0037464274787883944,0.0,0.0,0.31135293474323117,7.0,0.2916666666666667,7.0,0.2916666666666667,7.0,0.2916666666666667,2.244770959317168,0.0,0.0,0.0,0.0,0.0,0.09991243484603618,0.0,552.0314724507064,-0.01416053994093653,0.032
raceline_xy,20260415_212047_eb9da4db,1160,37.151999999999454,383.08282432671604,-101.25299728487462,6.092237466672923,-0.024268097455045545,6.092285801806035,0.25384524174191814,-0.36838349009959614,-0.0240299559765918,0.1522046556466065,0.7610232782330325,0.6868988599004906,0.004048040644975437,0.0,0.0,0.31150901940888803,7.0,0.2916666666666667,7.0,0.2916666666666667,7.0,0.2916666666666667,2.2347560980553323,0.0,0.0,0.0,0.0,0.0,0.09984679795587666,0.0,551.9827783745678,-0.021464080398946445,0.032
raceline_xy,20260415_212047_eb9da4db,1161,37.18399999999945,383.2643284545054,-101.32414885914078,6.09218910691985,-0.027421772920653176,6.092250821174633,0.2538437842156097,-0.3690990942321273,-0.02237788056795774,0.15212315858206107,0.7606157929103053,0.6924250794732938,0.0044118919761722,0.0,0.0,0.3116651150060311,7.0,0.2916666666666667,7.0,0.2916666666666667,7.0,0.2916666666666667,2.221180081588567,0.0,0.0,0.0,0.0,0.0,0.0998781001510245,0.0,552.0142609428298,-0.022987072429465183,0.032
raceline_xy,20260415_212047_eb9da4db,1162,37.21599999999945,383.4456819330087,-101.39566592643087,6.091948225862049,-0.03501563159922405,6.092048857407503,0.25383536905864595,-0.36987996864981376,-0.024406953164467237,0.15239837047631316,0.7619918523815657,0.6977394383574502,0.004720036121505178,0.0,0.0,0.3118212222595561,7.0,0.2916666666666667,7.0,0.2916666666666667,7.0,0.2916666666666667,2.204787846058247,0.0,0.0,0.0,0.0,0.0,0.09995027679388523,0.0,552.1960283332465,-0.01961848010762702,0.032
raceline_xy,20260415_212047_eb9da4db,1163,37.24799999999944,383.62689946996767,-101.46749899331735,6.091595604608139,-0.040322509457559,6.091729057898928,0.253822044079122,-0.37077234855557517,-0.027880950818512013,0.15298188384086026,0.7649094192043012,0.7027958684844577,0.0049264118997340844,0.0,0.0,0.3119773418986758,7.0,0.2916666666666667,7.0,0.2916666666666667,7.0,0.2916666666666667,2.186585693434334,0.0,0.0,0.0,0.0,0.0,0.10001876061443582,0.0,552.4838478909642,-0.014552837286067488,0.032
raceline_xy,20260415_212047_eb9da4db,1164,37.27999999999944,383.80803538133625,-101.53951381914639,6.091318533584393,-0.040622580368449235,6.09145398666234,0.2538105827775975,-0.3717439271340841,-0.030351588855474544,0.15373096135386108,0.7686548067693053,0.7076280959251999,0.005063509890659734,0.0,0.0,0.3121334746569522,7.0,0.2916666666666667,7.0,0.2916666666666667,7.0,0.2916666666666667,2.1681282790713756,0.0,0.0,0.0,0.0,0.0,0.10003201508186224,0.0,552.7314120038938,-0.010921653800973692,0.032
raceline_xy,20260415_212047_eb9da4db,1165,37.311999999999436,383.98914006145617,-101.61159573129673,6.091209858836202,-0.03696493889306218,6.091322019979794,0.25380508416582476,-0.37272327688907536,-0.030597390260401276,0.15452394611719386,0.7726197305859692,0.7123084330212084,0.005202765272822152,0.0,0.0,0.3122895697335194,7.0,0.2916666666666667,7.0,0.2916666666666667,7.0,0.2916666666666667,2.1524236689240284,0.0,0.0,0.0,0.0,0.0,0.10000035961029609,0.0,552.8501820181853,-0.010126932948321817,0.032
raceline_xy,20260415_212047_eb9da4db,1166,37.34399999999943,384.1702325835772,-101.68370640161893,6.09121579566224,-0.03229898227031702,6.0913014285603095,0.2538042261900129,-0.373649416210756,-0.028941557010968295,0.15530838436613445,0.7765419218306722,0.7183155588187651,0.00540527909055033,0.0,0.0,0.3124456264906945,7.0,0.2916666666666667,7.0,0.2916666666666667,7.0,0.2916666666666667,2.134355719854889,0.0,0.0,0.0,0.0,0.0,0.09996759339111817,0.0,552.868714295721,-0.011422913956083965,0.032
raceline_xy,20260415_212047_eb9da4db,1167,37.37599999999943,384.3513002494719,-101.75588057079169,6.091244072084674,-0.02924011001644189,6.091314253077118,0.25380476054487994,-0.3745014317076425,-0.026631558970804214,0.15611058427961835,0.7805529213980917,0.7244655097372297,0.005692197520722253,0.0,0.0,0.3126016941066088,7.0,0.2916666666666667,7.0,0.2916666666666667,7.0,0.2916666666666667,2.1182897433712395,0.0,0.0,0.0,0.0,0.0,0.09995588128386265,0.0,552.8571722305934,-0.013505357880367632,0.032
raceline_xy,20260415_212047_eb9da4db,1168,37.407999999999426,384.53231759544144,-101.8281803113688,6.09124068922731,-0.028630959521328325,6.091307976612372,0.2538044990255155,-0.37529544400934833,-0.024821935660081968,0.15699395637259497,0.7849697818629748,0.7304112232265165,0.00604744965297499,0.0,0.0,0.3127577703553739,7.0,0.2916666666666667,7.0,0.2916666666666667,7.0,0.2916666666666667,2.1061030671562126,0.0,0.0,0.0,0.0,0.0,0.09996247171060836,0.0,552.8628210488649,-0.014783869917972889,0.032
raceline_xy,20260415_212047_eb9da4db,1169,37.43999999999942,384.7132629632165,-101.90065572258398,6.091184989865498,-0.02986893142543634,6.091258222553633,0.25380242593973473,-0.37606608872324454,-0.02409101171991836,0.15800928480611665,0.7900464240305832,0.7362202091486525,0.006436450393164872,0.0,0.0,0.3129138530163314,7.0,0.2916666666666667,7.0,0.2916666666666667,7.0,0.2916666666666667,2.09809983160062,0.0,0.0,0.0,0.0,0.0,0.09998098411054618,0.0,552.9075997017297,-0.014596917860312392,0.032
raceline_xy,20260415_212047_eb9da4db,1170,37.47199999999942,384.8941303637962,-101.97331772969335,6.091086585682737,-0.0314624299182622,6.091167841947925,0.25379866008116353,-0.376841806592501,-0.024247040915544207,0.15916471354938536,0.7958235677469268,0.7419679794389129,0.006830810308479762,0.0,0.0,0.3130699398741181,7.0,0.2916666666666667,7.0,0.2916666666666667,7.0,0.2916666666666667,2.0942228533257152,0.0,0.0,0.0,0.0,0.0,0.10000262758643916,0.0,552.9889422468669,-0.013268639279971036,0.032
raceline_xy,20260415_212047_eb9da4db,1171,37.503999999999415,385.07492936924575,-102.0461408275895,6.090978921100191,-0.03212502692911601,6.091063637382394,0.2537943182242664,-0.3776306419016935,-0.02465488450299271,0.16042837133416177,0.8021418566708088,0.7477520491048701,0.007222302236223221,0.0,0.0,0.3132260287187317,7.0,0.2916666666666667,7.0,0.2916666666666667,7.0,0.2916666666666667,2.0941907272021942,0.0,0.0,0.0,0.0,0.0,0.10001726382587144,0.0,553.0827263558449,-0.011640783419718857,0.032
raceline_xy,20260415_212047_eb9da4db,1172,37.53599999999941,385.2556765233072,-102.11908509737782,6.090895684950889,-0.03142654876063089,6.0909767585273515,0.253790698271973,-0.3784212914761733,-0.02471125910312245,0.16175231739836032,0.8087615869918016,0.7536903498737773,0.007621865043484721,0.0,0.0,0.3133821173455971,7.0,0.2916666666666667,7.0,0.2916666666666667,7.0,0.2916666666666667,2.0976423291913737,0.0,0.0,0.0,0.0,0.0,0.100020450547993,0.0,553.1609173253833,-0.010462365838780638,0.032
raceline_xy,20260415_212047_eb9da4db,1173,37.56799999999941,385.4363853121222,-102.19211954453412,6.090847574268351,-0.029779445145530214,6.090920372843815,0.2537883488684923,-0.3791943727006313,-0.024163649066104288,0.16309817882560998,0.8154908941280499,0.7597700140111754,0.008048682657765927,0.0,0.0,0.3135382035556341,7.0,0.2916666666666667,7.0,0.2916666666666667,7.0,0.2916666666666667,2.1041617797793157,0.0,0.0,0.0,0.0,0.0,0.10001650361456747,0.0,553.2116644405661,-0.010009389947612888,0.032
raceline_xy,20260415_212047_eb9da4db,1174,37.599999999999405,385.61706073549703,-102.265233640206,6.090822714155203,-0.027967893729025306,6.090886925427904,0.2537869552261627,-0.3799347868170102,-0.023144938130740072,0.16444984554250053,0.8222492277125026,0.7651076055034824,0.008517212735132063,0.0,0.0,0.3136942851553251,7.0,0.2916666666666667,7.0,0.2916666666666667,7.0,0.2916666666666667,2.1123892019603763,0.0,0.0,0.0,0.0,0.0,0.10001264670010956,0.0,553.2417671148858,-0.010073678626290827,0.032
raceline_xy,20260415_212047_eb9da4db,1175,37.6319999999994,385.79770021435843,-102.33843427897651,6.090802753822247,-0.026612140821601127,6.09086089087641,0.25378587045318374,-0.38063813365443266,-0.021988332243084923,0.16581009139883857,0.8290504569941928,0.7706839676329822,0.00903117353623717,0.0,0.0,0.3138503599567838,7.0,0.2916666666666667,7.0,0.2916666666666667,7.0,0.2916666666666667,2.1210567382659984,0.0,0.0,0.0,0.0,0.0,0.10001290760057734,0.0,553.2651982112304,-0.0102183262254293,0.032
raceline_xy,20260415_212047_eb9da4db,1176,37.6639999999994,385.97829842641227,-102.4117340696112,6.090775341427416,-0.025879224308085647,6.090830320571329,0.25378459669047204,-0.381309435808296,-0.020987696169165238,0.16718781305727629,0.8359390652863814,0.7764937034380925,0.00958481906571862,0.0,0.0,0.31400642577782517,7.0,0.2916666666666667,7.0,0.2916666666666667,7.0,0.2916666666666667,2.1302352987130275,0.0,0.0,0.0,0.0,0.0,0.10001735148377629,0.0,553.2927114858035,-0.010082494768749757,0.032
raceline_xy,20260415_212047_eb9da4db,1177,37.695999999999394,386.1588522255102,-102.48513985622019,6.0907375826700045,-0.025525300622992297,6.090791068647877,0.25378296119366156,-0.3819571229059777,-0.020249601664937042,0.1685857594686518,0.842928797343259,0.7825282624671623,0.010168954251241757,0.0,0.0,0.31416248044203576,7.0,0.2916666666666667,7.0,0.2916666666666667,7.0,0.2916666666666667,2.1404053421007565,0.0,0.0,0.0,0.0,0.0,0.10002395042993893,0.0,553.3280382169103,-0.009555340881722166,0.032
raceline_xy,20260415_212047_eb9da4db,1178,37.72799999999939,386.33936296023603,-102.55864765989462,6.090694146888026,-0.02514921405069348,6.090746068742599,0.2537810861976083,-0.382586936343551,-0.019690569056328697,0.16834660211459088,0.8417330105729544,0.786764760224751,0.010157379126275679,0.0,0.0,0.314240502911796,7.0,0.2916666666666667,7.0,0.2916666666666667,7.0,0.2916666666666667,2.145801751387217,0.0,0.0,0.0,0.0,0.0,0.10003020166488191,0.0,553.3685381316602,-0.0010769925907591505,0.032
raceline_xy,20260415_212047_eb9da4db,1179,37.75999999999939,386.5198384011483,-102.63223828255144,6.090653298267344,-0.024189180162780932,6.090701332041476,0.2537792221683948,-0.3832063717190657,-0.019365668484309432,0.1668802559252237,0.8344012796261185,0.7931422048890928,0.010778549761121248,0.0,0.0,0.31439653677278595,7.0,0.2916666666666667,7.0,0.2916666666666667,7.0,0.2916666666666667,2.1571042758450334,0.0,0.0,0.0,0.0,0.0,0.10003454834699484,0.0,553.408801162671,-0.007999842551009748,0.032
raceline_xy,20260415_212047_eb9da4db,1180,37.79199999999938,386.7003468585164,-102.70574892600094,6.090686055696776,-0.018326450946402506,6.0907136271428355,0.2537797344642848,-0.38372501369184553,-0.016223514008784617,0.16523824449019003,0.8261912224509501,0.7998256771091086,0.011505288475852637,0.0,0.0,0.3145525540616317,7.0,0.2916666666666667,7.0,0.2916666666666667,7.0,0.2916666666666667,2.168943569501462,0.0,0.0,0.0,0.0,0.0,0.10001550869368453,0.0,553.3977355714477,-0.010842207005476494,0.032
raceline_xy,20260415_212047_eb9da4db,1181,37.82399999999938,386.8808106325703,-102.77936734693732,6.090661933101217,-0.019074858295973218,6.090691802541585,0.2537788251058994,-0.38420073671201127,-0.014881272141861827,0.1636490355577354,0.818245177788677,0.8067549417972071,0.012278332531231229,0.0,0.0,0.31470841508839675,7.0,0.2916666666666667,7.0,0.2916666666666667,7.0,0.2916666666666667,2.1811554622872023,0.0,0.0,0.0,0.0,0.0,0.10002833173627393,0.0,553.4173777125733,-0.010853457116242138,0.032
raceline_xy,20260415_212047_eb9da4db,1182,37.855999999999376,387.0612046534383,-102.8531508720087,6.090586212323437,-0.021713313106378695,6.090624916846416,0.253776038201934,-0.384687051036547,-0.015207336068759174,0.16213042734957953,0.8106521367478976,0.8138764878119749,0.013044250151352799,0.0,0.0,0.3148642458099262,7.0,0.2916666666666667,7.0,0.2916666666666667,7.0,0.2916666666666667,2.1935789058371764,0.0,0.0,0.0,0.0,0.0,0.10004903501194519,0.0,553.4775748382255,-0.008563776718752695,0.032
raceline_xy,20260415_212047_eb9da4db,1183,37.88799999999937,387.24154158939365,-102.92706638506928,6.090493207650573,-0.023071601584003787,6.0905369066476736,0.25377237111031975,-0.38520167908957337,-0.016087707955693375,0.16064047559928246,0.8032023779964123,0.8211743096690407,0.013785167603110438,0.0,0.0,0.31502007537643417,7.0,0.2916666666666667,7.0,0.2916666666666667,7.0,0.2916666666666667,2.2060540563786364,0.0,0.0,0.0,0.0,0.0,0.10006434942898725,0.0,553.5567840170934,-0.005674347591018459,0.032
raceline_xy,20260415_212047_eb9da4db,1184,37.91999999999937,387.4218511812891,-103.0010428764045,6.0904296691063315,-0.021970020073976304,6.090469295227808,0.25376955396782536,-0.385725221170623,-0.01636480928008389,0.15910282355056665,0.7955141177528332,0.8284785441482283,0.014520254237247787,0.0,0.0,0.31517591328081584,7.0,0.2916666666666667,7.0,0.2916666666666667,7.0,0.2916666666666667,2.218129372444324,0.0,0.0,0.0,0.0,0.0,0.10006466834115495,0.0,553.6176342949723,-0.0035690648066151734,0.032
raceline_xy,20260415_212047_eb9da4db,1185,37.951999999999366,387.6021580740839,-103.07502328937731,6.090407870424639,-0.01908702685507402,6.09043777923431,0.25376824080142957,-0.3862224418040583,-0.015543768372809711,0.15745663251007325,0.7872831625503662,0.8348075471150893,0.0152845143206366,0.0,0.0,0.31533176901839166,7.0,0.2916666666666667,7.0,0.2916666666666667,7.0,0.2916666666666667,2.2282735935875793,0.0,0.0,0.0,0.0,0.0,0.10005650860377163,0.0,553.6459986891209,-0.002798210469866551,0.032
raceline_xy,20260415_212047_eb9da4db,1186,37.98399999999936,387.78247116643934,-103.1489877687547,6.090407389344577,-0.015856108334497687,6.09042802965067,0.2537678345687779,-0.38666521912653096,-0.013845283266402938,0.15568284070036645,0.7784142035018322,0.8413111266418785,0.01610583779171071,0.0,0.0,0.31548765208682666,7.0,0.2916666666666667,7.0,0.2916666666666667,7.0,0.2916666666666667,2.238290488998724,0.0,0.0,0.0,0.0,0.0,0.10005067180947119,0.0,553.654773314397,-0.003006990104907914,0.032
raceline_xy,20260415_212047_eb9da4db,1187,38.01599999999936,387.9627851757962,-103.2229493902884,6.090405797662083,-0.013450189002060409,6.090420649493768,0.2537675270622403,-0.38704489823202604,-0.011875827973120263,0.15380063079181633,0.7690031539590816,0.8479934297077207,0.016988014932242557,0.0,0.0,0.3156435719860509,7.0,0.2916666666666667,7.0,0.2916666666666667,7.0,0.2916666666666667,2.2482277301189146,0.0,0.0,0.0,0.0,0.0,0.10005066199914871,0.0,553.6614154556083,-0.003396212284488001,0.032
raceline_xy,20260415_212047_eb9da4db,1188,38.047999999999355,388.1430896589324,-103.29693300922516,6.090393892332672,-0.01221654935457872,6.0904061447362645,0.25376692269734435,-0.38737042324787163,-0.010184370659450593,0.1518450169197226,0.7592250845986129,0.8548407962407718,0.01791733133257134,0.0,0.0,0.3157995382181766,7.0,0.2916666666666667,7.0,0.2916666666666667,7.0,0.2916666666666667,2.258129980359541,0.0,0.0,0.0,0.0,0.0,0.10005432440782966,0.0,553.6744697373615,-0.003288680401635254,0.032
raceline_xy,20260415_212047_eb9da4db,1189,38.07999999999935,388.3233781292922,-103.37095371968563,6.090372047316933,-0.011730739023915415,6.0903833446653834,0.253765972694391,-0.3876574444089078,-0.008980634217448323,0.14984361239216426,0.7492180619608213,0.8618329940391884,0.018868899848917042,0.0,0.0,0.31595556028741467,7.0,0.2916666666666667,7.0,0.2916666666666667,7.0,0.2916666666666667,2.268044043419409,0.0,0.0,0.0,0.0,0.0,0.10005917390027737,0.0,553.6949898011545,-0.002462246268719535,0.032
raceline_xy,20260415_212047_eb9da4db,1190,38.11199999999935,388.50365233652474,-103.44500681499271,6.090345091826147,-0.011255481466120987,6.090355492366096,0.25376481218192065,-0.3879169833212135,-0.00812082179203426,0.14780587372735438,0.7390293686367718,0.868954707141981,0.019821061710463717,0.0,0.0,0.31611164769999084,7.0,0.2916666666666667,7.0,0.2916666666666667,7.0,0.2916666666666667,2.277548877371703,0.0,0.0,0.0,0.0,0.0,0.1000635100992838,0.0,553.7200568705132,-0.0011371498047216856,0.032
raceline_xy,20260415_212047_eb9da4db,1191,38.143999999999345,388.68392087458017,-103.51907135463928,6.090318922609065,-0.010234688369307854,6.090327522222106,0.2537636467592544,-0.3881499546495766,-0.007289938894894418,0.1457273855945263,0.7286369279726315,0.8762009553626537,0.02076230867825135,0.0,0.0,0.3162678099640596,7.0,0.2916666666666667,7.0,0.2916666666666667,7.0,0.2916666666666667,2.2870350482344475,0.0,0.0,0.0,0.0,0.0,0.10006631597000848,0.0,553.7452300001044,0.0002735886071686799,0.032
raceline_xy,20260415_212047_eb9da4db,1192,38.17599999999934,388.8641945080785,-103.59312136703073,6.090296309645769,-0.008543167802123719,6.090302301610403,0.25376259590043343,-0.3883488036225158,-0.006223704213468803,0.14360274208322465,0.7180137104161233,0.8835752828444017,0.021689645101366395,0.0,0.0,0.3164240565896176,7.0,0.2916666666666667,7.0,0.2916666666666667,7.0,0.2916666666666667,2.2965922698124634,0.0,0.0,0.0,0.0,0.0,0.10006795358172733,0.0,553.7679285506372,0.0014451863307152445,0.032
raceline_xy,20260415_212047_eb9da4db,1193,38.20799999999934,389.0444817166358,-103.66713633440547,6.090275313721179,-0.006428129869997079,6.090278706083591,0.25376161275348297,-0.38850327871553425,-0.004837705088718763,0.14143775695169258,0.7071887847584629,0.8910838273522721,0.022602812527579008,0.0,0.0,0.3165803970884162,7.0,0.2916666666666667,7.0,0.2916666666666667,7.0,0.2916666666666667,2.3062208572793956,0.0,0.0,0.0,0.0,0.0,0.10006978169985307,0.0,553.7891645247674,0.002291501130895353,0.032
raceline_xy,20260415_212047_eb9da4db,1194,38.239999999999334,389.2247868651291,-103.74110548475592,6.090252263374921,-0.004265163436456998,6.090253756877663,0.253760573203236,-0.3886059869500258,-0.003220838996205816,0.13925484119559375,0.6962742059779687,0.8987297066489432,0.023498729429799248,0.0,0.0,0.3167368409738734,7.0,0.2916666666666667,7.0,0.2916666666666667,7.0,0.2916666666666667,2.315917165374825,0.0,0.0,0.0,0.0,0.0,0.10007267469596379,0.0,553.8116188101026,0.0029415115111774562,0.032
raceline_xy,20260415_212047_eb9da4db,1195,38.27199999999933,389.4051112390044,-103.81502538642154,6.0902252473374325,-0.002316114475844344,6.09022568774693,0.2537594036561221,-0.3886547766290187,-0.0015364960682002383,0.13709100335316127,0.6854550167658063,0.906510680761687,0.024369101225489853,0.0,0.0,0.3168933977609843,7.0,0.2916666666666667,7.0,0.2916666666666667,7.0,0.2916666666666667,2.325673424859772,0.0,0.0,0.0,0.0,0.0,0.10007642851640816,0.0,553.8368810277627,0.0036058287042868642,0.032
raceline_xy,20260415_212047_eb9da4db,1196,38.30399999999933,389.5854555081806,-103.88889411431782,6.090194605291558,-0.0006200377440648275,6.090194636854326,0.25375810986893027,-0.3886515852423207,8.769608233195035e-05,0.13461277621556397,0.6730638810778198,0.9144203979011536,0.025199416567288413,0.0,0.0,0.3170491068950735,7.0,0.2916666666666667,7.0,0.2916666666666667,7.0,0.2916666666666667,2.3354797035726844,0.0,0.0,0.0,0.0,0.0,0.1000804343553604,0.0,553.8648268311061,0.004438134310166122,0.032
raceline_xy,20260415_212047_eb9da4db,1197,38.33599999999932,389.7658218340795,-103.9627061620349,6.090161329823566,0.0009626073069304297,6.090161405898137,0.2537567252457557,-0.38859941825486377,0.0016182741978231457,0.13199252449076698,0.6599626224538349,0.922451493939727,0.025985937075656107,0.0,0.0,0.31720458757981795,7.0,0.2916666666666667,7.0,0.2916666666666667,7.0,0.2916666666666667,2.3453097273946226,0.0,0.0,0.0,0.0,0.0,0.10008440548989368,0.0,553.8947346916767,0.005510750548559803,0.032
raceline_xy,20260415_212047_eb9da4db,1198,38.36799999999932,389.94621459268603,-104.03645061450223,6.09012570171058,0.0026230486564857713,6.090126266590869,0.2537552611079529,-0.3884996849675617,0.0031049143554871786,0.1293955222702837,0.6469776113514184,0.9305982839611584,0.026728587823489747,0.0,0.0,0.31736018218429557,7.0,0.2916666666666667,7.0,0.2916666666666667,7.0,0.2916666666666667,2.355130436322219,0.0,0.0,0.0,0.0,0.0,0.10008848064102505,0.0,553.9263600682174,0.006560959458166081,0.032
raceline_xy,20260415_212047_eb9da4db,1199,38.39999999999932,390.12663997744386,-104.11011196272203,6.090086281180657,0.00450463550373259,6.090087947145416,0.25375366446439235,-0.3883505737562909,0.004648067815239914,0.12362911720060141,0.618145586003007,0.9363664007358459,0.02716493878927917,0.0,0.0,0.3174380205822946,7.0,0.2916666666666667,7.0,0.2916666666666667,7.0,0.2916666666666667,2.359848180859216,0.0,0.0,0.0,0.0,0.0,0.10009326805930795,0.0,553.9608475691252,-0.0035293251275058807,0.032
raceline_xy,20260415_212047_eb9da4db,1200,38.43199999999931,390.3070986335339,-104.18368644072974,6.090022064665147,0.006123740658479981,6.09002514348734,0.2537510476453058,-0.38813922061437234,0.006592895592751046,0.1172269726107523,0.5861348630537614,0.9442869540062402,0.027882462133820063,0.0,0.0,0.3175937762974636,7.0,0.2916666666666667,7.0,0.2916666666666667,7.0,0.2916666666666667,2.3690962688746384,0.0,0.0,0.0,0.0,0.0,0.10010713693790205,0.0,554.0173708613936,0.0061133027935162225,0.032
raceline_xy,20260415_212047_eb9da4db,1201,38.46399999999931,390.48750776260005,-104.25738018223255,6.090000260777641,0.0011528468639450118,6.090000369895525,0.2537500154123135,-0.38798562760090016,0.0047952201123773125,0.11080400308637424,0.5540200154318712,0.9522019384160183,0.028451303856416033,0.0,0.0,0.3177496328455985,7.0,0.2916666666666667,7.0,0.2916666666666667,7.0,0.2916666666666667,2.3783200293716287,0.0,0.0,0.0,0.0,0.0,0.10009770512778533,0.0,554.0396670940273,0.011348332036487538,0.032
raceline_xy,20260415_212047_eb9da4db,1202,38.495999999999306,390.66796813600325,-104.33094646830145,6.089976568636396,0.004450693069510958,6.089978194969923,0.25374909145708013,-0.38782225481503607,0.005100944684569176,0.10414386324147534,0.5207193162073767,0.9601810056731175,0.02893917621502462,0.0,0.0,0.3179055849233643,7.0,0.2916666666666667,7.0,0.2916666666666667,7.0,0.2916666666666667,2.3875289765923005,0.0,0.0,0.0,0.0,0.0,0.10009908836222808,0.0,554.0596245270688,0.013141457192317397,0.032
raceline_xy,20260415_212047_eb9da4db,1203,38.5279999999993,390.8485189401072,-104.40428562829443,6.089911268322538,0.010604728101826222,6.08992050164039,0.25374668756834956,-0.3875783684865288,0.007613432877018939,0.09718098231052875,0.48590491155264376,0.9682948196758776,0.029417017657809907,0.0,0.0,0.31806162719416564,7.0,0.2916666666666667,7.0,0.2916666666666667,7.0,0.2916666666666667,2.3967323506088127,0.0,0.0,0.0,0.0,0.0,0.10011589950308056,0.0,554.1115485236487,0.011857505136999643,0.032
raceline_xy,20260415_212047_eb9da4db,1204,38.5599999999993,391.02915180968654,-104.47741368009792,6.089798098848529,0.015527620364320427,6.089817894792367,0.2537424122830153,-0.38722463353432435,0.011042847738402252,0.08997592460176455,0.4498796230088227,0.9765710024355112,0.029916204135823854,0.0,0.0,0.31821775429208426,7.0,0.2916666666666667,7.0,0.2916666666666667,7.0,0.2916666666666667,2.405937337195178,0.0,0.0,0.0,0.0,0.0,0.10014009305556268,0.0,554.203894686869,0.009349345203506783,0.032
raceline_xy,20260415_212047_eb9da4db,1205,38.591999999999295,391.2098368606423,-104.55040387196291,6.089689554027262,0.017423291492094872,6.089714478981357,0.25373810329088986,-0.3867797412546219,0.013890720712946997,0.08266154239381582,0.41330771196907906,0.984988406063235,0.030419614402394046,0.0,0.0,0.31837396082579505,7.0,0.2916666666666667,7.0,0.2916666666666667,7.0,0.2916666666666667,2.4151513979818655,0.0,0.0,0.0,0.0,0.0,0.10015058402178655,0.0,554.2969689167786,0.0075394405885471135,0.032
raceline_xy,20260415_212047_eb9da4db,1206,38.62399999999929,391.39054817196535,-104.62332352051124,6.0896270066361335,0.016781024804378486,6.089650128106347,0.2537354220044311,-0.3862881758345287,0.015351071098584825,0.07538287247288174,0.3769143623644087,0.993500210868854,0.030884307392080146,0.0,0.0,0.31853024138246266,7.0,0.2916666666666667,7.0,0.2916666666666667,7.0,0.2916666666666667,2.4243552213684647,0.0,0.0,0.0,0.0,0.0,0.1001447469659123,0.0,554.3548847042877,0.007365235275094175,0.032
raceline_xy,20260415_212047_eb9da4db,1207,38.65599999999929,391.57127761027266,-104.69619603966606,6.089605241568238,0.01532650539757796,6.089624528647318,0.2537343553603049,-0.385790243897715,0.015553057826403528,0.06826377651829141,0.34131888259145704,1.002064351603548,0.03127151384356486,0.0,0.0,0.31868659053162074,7.0,0.2916666666666667,7.0,0.2916666666666667,7.0,0.2916666666666667,2.433554635091187,0.0,0.0,0.0,0.0,0.0,0.10013517149486213,0.0,554.3779242174137,0.008564866328847107,0.032
raceline_xy,20260415_212047_eb9da4db,1208,38.687999999999285,391.7520345586538,-104.76899960162453,6.089598743876041,0.014680133589908717,6.089616438474502,0.25373401826977093,-0.3853031187404281,0.01521809610272749,0.06141589058742214,0.3070794529371107,1.0106624433837625,0.03156559809604653,0.0,0.0,0.31884300282903594,7.0,0.2916666666666667,7.0,0.2916666666666667,7.0,0.2916666666666667,2.4427661641578076,0.0,0.0,0.0,0.0,0.0,0.10013050077002901,0.0,554.3852053729474,0.010175455204245756,0.032
raceline_xy,20260415_212047_eb9da4db,1209,38.71999999999928,391.93283608236476,-104.84169156449823,6.089587060333474,0.015493520349717294,6.089606770108699,0.2537336154211958,-0.38482000909747605,0.015094254899822517,0.05498269680697086,0.27491348403485427,1.0193002735628305,0.03177489517251342,0.0,0.0,0.3189994728205589,7.0,0.2916666666666667,7.0,0.2916666666666667,7.0,0.2916666666666667,2.4519837070674484,0.0,0.0,0.0,0.0,0.0,0.10013195112355223,0.0,554.3939069021702,0.011264173908425707,0.032
raceline_xy,20260415_212047_eb9da4db,1210,38.75199999999928,392.1136955069297,-104.91423739896922,6.089559296323035,0.017376183999236794,6.08958408721028,0.25373267030042834,-0.38432258077232895,0.015542258455008676,0.04919757371907611,0.24598786859538055,1.0279950099344521,0.031919294812932986,0.0,0.0,0.3191559950459636,7.0,0.2916666666666667,7.0,0.2916666666666667,7.0,0.2916666666666667,2.4612004854234653,0.0,0.0,0.0,0.0,0.0,0.10013826377193823,0.0,554.4143215107474,0.011427007125051625,0.032
raceline_xy,20260415_212047_eb9da4db,1211,38.783999999999274,392.29461623213206,-104.98662702450007,6.089516029424149,0.019413143173336866,6.089546973522868,0.25373112389678615,-0.38379598502527834,0.016453756604898735,0.04442782638773293,0.22213913193866466,1.036759986235741,0.03201521855846101,0.0,0.0,0.3193125640427775,7.0,0.2916666666666667,7.0,0.2916666666666667,7.0,0.2916666666666667,2.4704090439005295,0.0,0.0,0.0,0.0,0.0,0.10014644764855238,0.0,554.4477238294184,0.010853204114053583,0.032
raceline_xy,20260415_212047_eb9da4db,1212,38.81599999999927,392.4755927539204,-105.05887342333246,6.089469451268652,0.0208157589814002,6.0895050286337815,0.25372937619307423,-0.38323756206118453,0.01744851059350896,0.04043199418632652,0.2021599709316326,1.04559604479652,0.032068043005226254,0.0,0.0,0.31946820102284323,7.0,0.2916666666666667,7.0,0.2916666666666667,7.0,0.2916666666666667,2.4796001281598175,0.0,0.0,0.0,0.0,0.0,0.10015210994309516,0.0,554.4854742295962,0.010048477959654474,0.032
raceline_xy,20260415_212047_eb9da4db,1213,38.84799999999927,392.656616120899,-105.13099946343097,6.089434174015501,0.02131227620653231,6.089471469083746,0.2537279778784894,-0.3826563507421099,0.018161309959770822,0.037994072017555336,0.18997036008777668,1.0544922070408802,0.032068313910538215,0.0,0.0,0.31962385011929495,7.0,0.2916666666666667,7.0,0.2916666666666667,7.0,0.2916666666666667,2.488766965164829,0.0,0.0,0.0,0.0,0.0,0.10015281192009537,0.0,554.5156778246285,0.01049056782188453,0.032
raceline_xy,20260415_212047_eb9da4db,1214,38.879999999999264,392.8376798481117,-105.20302264999718,6.089417615492155,0.021178204131422795,6.0894544429034365,0.2537272684543099,-0.38206734155025845,0.018406158981852126,0.037537115959472636,0.18768557979736317,1.063431605181643,0.03200114813754018,0.0,0.0,0.3197795482353528,7.0,0.2916666666666667,7.0,0.2916666666666667,7.0,0.2916666666666667,2.4979016121273157,0.0,0.0,0.0,0.0,0.0,0.1001493308339064,0.0,554.5310013869067,0.010695776881468444,0.032
raceline_xy,20260415_212047_eb9da4db,1215,38.91199999999926,393.0187898205625,-105.27492830203714,6.089403033658237,0.021499762676167933,6.089440987982499,0.25372670783260415,-0.38147198299636464,0.018605440330699406,0.039192339238373626,0.19596169619186812,1.0723851492529262,0.031865254153889744,0.0,0.0,0.3199352996603469,7.0,0.2916666666666667,7.0,0.2916666666666667,7.0,0.2916666666666667,2.506971200525623,0.0,0.0,0.0,0.0,0.0,0.10014954685252551,0.0,554.5431108157504,0.010157257830708017,0.032
raceline_xy,20260415_212047_eb9da4db,1216,38.94399999999926,393.1999482810249,-105.3467105431996,6.089387958129728,0.021972298885815533,6.089427599252138,0.2537261499688391,-0.3808691399648718,0.018839971014854278,0.04277571960731117,0.21387859803655584,1.0813571284561085,0.03166193661793759,0.0,0.0,0.32009110869616453,7.0,0.2916666666666667,7.0,0.2916666666666667,7.0,0.2916666666666667,2.5159791181732043,0.0,0.0,0.0,0.0,0.0,0.10015085165227607,0.0,554.5551606730752,0.009232401793759778,0.032
raceline_xy,20260415_212047_eb9da4db,1217,38.97599999999925,393.38115017661585,-105.41838244540504,6.089380708788781,0.02199440068728764,6.089420429747855,0.2537258512394939,-0.3802642386416011,0.018905123388593275,0.04790480916784475,0.23952404583922374,1.0903622320986779,0.0313859514969157,0.0,0.0,0.32024697965992005,7.0,0.2916666666666667,7.0,0.2916666666666667,7.0,0.2916666666666667,2.5249497241985583,0.0,0.0,0.0,0.0,0.0,0.100149617925051,0.0,554.5616132269304,0.008224056478063544,0.032
raceline_xy,20260415_212047_eb9da4db,1218,39.00799999999925,393.56238850391065,-105.48996251665234,6.089386611004984,0.021449107467405693,6.089424386795349,0.2537260161164729,-0.37966769419279434,0.01864515692642153,0.048658368424713,0.243291842123565,1.0971367537130767,0.03151450121772115,0.0,0.0,0.32032493971869136,7.0,0.2916666666666667,7.0,0.2916666666666667,7.0,0.2916666666666667,2.529421870283039,0.0,0.0,0.0,0.0,0.0,0.10014574912991855,0.0,554.5580518841857,-0.005993959290024689,0.032
raceline_xy,20260415_212047_eb9da4db,1219,39.039999999999246,393.743652777361,-105.56147752172608,6.089398993515957,0.02004833728679145,6.0894319963409655,0.25372633318087356,-0.3790781789882116,0.018426720617892554,0.04635797008263879,0.23178985041319394,1.1061817541509846,0.03111449476888728,0.0,0.0,0.32048091170879683,7.0,0.2916666666666667,7.0,0.2916666666666667,7.0,0.2916666666666667,2.53834086307194,0.0,0.0,0.0,0.0,0.0,0.10014385437923919,0.0,554.5512032931306,0.006549304715179951,0.032
raceline_xy,20260415_212047_eb9da4db,1220,39.07199999999924,393.9248380716941,-105.63319573904259,6.089461239175035,0.010648164332192067,6.089470548973761,0.2537279395405734,-0.37865330149468424,0.013290648804798421,0.04552872358434427,0.22764361792172133,1.1150866219657125,0.030469628816678807,0.0,0.0,0.3206369565036776,7.0,0.2916666666666667,7.0,0.2916666666666667,7.0,0.2916666666666667,2.547238382993934,0.0,0.0,0.0,0.0,0.0,0.10013036795384905,0.0,554.5165059236147,0.012048897953826928,0.032
raceline_xy,20260415_212047_eb9da4db,1221,39.10399999999924,394.10607807702337,-105.70477762509417,6.089480061543626,0.013025335328812115,6.089493992056958,0.2537289163357066,-0.3782898183434189,0.011373097165717945,0.0463540907558986,0.23177045377949299,1.12395702948053,0.02967735437431962,0.0,0.0,0.32079307849462313,7.0,0.2916666666666667,7.0,0.2916666666666667,7.0,0.2916666666666667,2.556124282010307,0.0,0.0,0.0,0.0,0.0,0.10013276882286196,0.0,554.4954071487371,0.012331740690890838,0.032
raceline_xy,20260415_212047_eb9da4db,1222,39.135999999999235,394.28741384572135,-105.77611425047414,6.0894383840079085,0.018819871200085103,6.089467466058164,0.2537278110857568,-0.3778902355995024,0.01249754397368428,0.04886037108936492,0.2443018554468246,1.1328902111349635,0.028829334615366964,0.0,0.0,0.320949282100034,7.0,0.2916666666666667,7.0,0.2916666666666667,7.0,0.2916666666666667,2.565018664156629,0.0,0.0,0.0,0.0,0.0,0.1001510102348652,0.0,554.5192805476523,0.008358967341560556,0.032
raceline_xy,20260415_212047_eb9da4db,1223,39.16799999999923,394.46882091327274,-105.84726374467918,6.089362718141954,0.022226581857030858,6.089403282263231,0.253725136760968,-0.37742210397657416,0.014635821868252687,0.052809623666236566,0.2640481183311828,1.1419165592536675,0.027952142667342805,0.0,0.0,0.3211055717680271,7.0,0.2916666666666667,7.0,0.2916666666666667,7.0,0.2916666666666667,2.574028231220962,0.0,0.0,0.0,0.0,0.0,0.10016913249185641,0.0,554.5770459630913,0.002998413000609714,0.032
raceline_xy,20260415_212047_eb9da4db,1224,39.19999999999923,394.6502488678746,-105.91835707571842,6.089334012712286,0.021047020233612823,6.089370385798143,0.25372376607492264,-0.3769209523971737,0.015666944928614326,0.057798022020307024,0.2889901101015351,1.150997834779326,0.027004320145739058,0.0,0.0,0.3212619519790266,7.0,0.2916666666666667,7.0,0.2916666666666667,7.0,0.2916666666666667,2.5830512681923716,0.0,0.0,0.0,0.0,0.0,0.1001626119513238,0.0,554.6066527816706,-0.0010506334306018806,0.032
raceline_xy,20260415_212047_eb9da4db,1225,39.231999999999225,394.83165581641896,-105.98950598719577,6.089371225424725,0.016348388548942605,6.0893931709850015,0.2537247154577084,-0.3764542273772715,0.014594056445343414,0.06343329289236024,0.3171664644618012,1.1600641565109289,0.025912428951081257,0.0,0.0,0.3214184272483374,7.0,0.2916666666666667,7.0,0.2916666666666667,7.0,0.2916666666666667,2.5920957257319093,0.0,0.0,0.0,0.0,0.0,0.10014295570159167,0.0,554.5861461134982,-0.0026567287557886015,0.032
raceline_xy,20260415_212047_eb9da4db,1226,39.26399999999922,395.01302536154697,-106.06075366438799,6.089423345128521,0.010758154854067836,6.089432848311253,0.25372636867963555,-0.37607812691122566,0.011767141108283181,0.06944496651099678,0.3472248325549839,1.1690575705536412,0.02461420765200062,0.0,0.0,0.32157500212870205,7.0,0.2916666666666667,7.0,0.2916666666666667,7.0,0.2916666666666667,2.601169160367816,0.0,0.0,0.0,0.0,0.0,0.10013374885273246,0.0,554.5504365198722,-0.0024021969030509544,0.032
raceline_xy,20260415_212047_eb9da4db,1227,39.29599999999922,395.19436485181495,-106.13207969449242,6.089450997073769,0.006522155550934716,6.089454489876391,0.25372727041151627,-0.37581313701877717,0.00830006435420281,0.07568641426812825,0.3784320713406412,1.177956410854475,0.023083669328618495,0.0,0.0,0.32173156056169033,7.0,0.2916666666666667,7.0,0.2916666666666667,7.0,0.2916666666666667,2.6102781169174514,0.0,0.0,0.0,0.0,0.0,0.10013724251313162,0.0,554.5309591112477,-0.0017598045237404423,0.032
raceline_xy,20260415_212047_eb9da4db,1228,39.327999999999214,395.37569123112655,-106.20343926158043,6.089455348144455,0.004379962904091705,6.089456923332338,0.2537273718055141,-0.3756461390888104,0.005241410118236697,0.081943713579428,0.40971856789714,1.18677280179012,0.021334733982470322,0.0,0.0,0.32188714390962114,7.0,0.2916666666666667,7.0,0.2916666666666667,7.0,0.2916666666666667,2.6194224041674925,0.0,0.0,0.0,0.0,0.0,0.10014300413511512,0.0,554.5287690008955,-0.0021076766586491345,0.032
raceline_xy,20260415_212047_eb9da4db,1229,39.35999999999921,395.55701514201337,-106.27480457617905,6.089449856576325,0.0035996886908842285,6.089450920527736,0.2537271216886557,-0.3755500895953334,0.003025991433164328,0.08813650808630938,0.44068254043154687,1.1955325914667858,0.019388277194399173,0.0,0.0,0.32204282588150335,7.0,0.2916666666666667,7.0,0.2916666666666667,7.0,0.2916666666666667,2.628608380777098,0.0,0.0,0.0,0.0,0.0,0.10014623474419221,0.0,554.5341715250371,-0.004564428350511985,0.032
raceline_xy,20260415_212047_eb9da4db,1230,39.39199999999921,395.7383318605164,-106.34618740521641,6.089441637350194,0.002737768833286136,6.089442252790677,0.2537267605329449,-0.37550570131485816,0.001412328345518354,0.09420480022914862,0.4710240011457431,1.2042534836174488,0.01726346548702029,0.0,0.0,0.32219859920875193,7.0,0.2916666666666667,7.0,0.2916666666666667,7.0,0.2916666666666667,2.6378359520248997,0.0,0.0,0.0,0.0,0.0,0.10014792564155381,0.0,554.54197248839,-0.008627971021221523,0.032
raceline_xy,20260415_212047_eb9da4db,1231,39.423999999999204,395.9196181226003,-106.41764620994435,6.089426924028564,0.00026315785661523705,6.0894269297148185,0.2537261220714508,-0.37551937257011403,-0.0004002923640109117,0.10004663110356837,0.5002331555178419,1.2129394968978886,0.01495375067741378,0.0,0.0,0.32235445671413926,7.0,0.2916666666666667,7.0,0.2916666666666667,7.0,0.2916666666666667,2.647114338256834,0.0,0.0,0.0,0.0,0.0,0.10015152241943885,0.0,554.555763256663,-0.013162228550466483,0.032
raceline_xy,20260415_212047_eb9da4db,1232,39.4559999999992,396.1008424199341,-106.48925856222024,6.089385752504348,-0.004293257530171957,6.089387265962246,0.2537244694150936,-0.3756208224935036,-0.0031391550552943267,0.10554712738932025,0.5277356369466012,1.2216781285953386,0.0124292356589506,0.0,0.0,0.32251039131937004,7.0,0.2916666666666667,7.0,0.2916666666666667,7.0,0.2916666666666667,2.6565348736959646,0.0,0.0,0.0,0.0,0.0,0.1001630555924164,0.0,554.5914606339779,-0.017261703834869663,0.032
raceline_xy,20260415_212047_eb9da4db,1233,39.4879999999992,396.2819764547305,-106.56109070737341,6.0892839314374765,-0.010335062229097858,6.089292702044625,0.25372052925185934,-0.3758478812359165,-0.00705744683144203,0.11061041562718454,0.5530520781359227,1.2302977905079588,0.009651885284402528,0.0,0.0,0.32266639605268155,7.0,0.2916666666666667,7.0,0.2916666666666667,7.0,0.2916666666666667,2.6659945062824346,0.0,0.0,0.0,0.0,0.0,0.10018957372183897,0.0,554.6765681598375,-0.02065627315059331,0.032
raceline_xy,20260415_212047_eb9da4db,1234,39.51999999999919,396.46300051194555,-106.63318443066113,6.089094420790734,-0.01686600043430042,6.089117779060896,0.253713240794204,-0.3762312390221525,-0.011932747006557352,0.11517275755594161,0.575863787779708,1.2387664635621123,0.006587893714429249,0.0,0.0,0.3228224640564723,7.0,0.2916666666666667,7.0,0.2916666666666667,7.0,0.2916666666666667,2.6754974718180335,0.0,0.0,0.0,0.0,0.0,0.1002320033053866,0.0,554.8339988451935,-0.023669168648069408,0.032
raceline_xy,20260415_212047_eb9da4db,1235,39.55199999999919,396.64390194007956,-106.70556290138416,6.088813541095882,-0.023163102661408974,6.08885759954669,0.25370239998111205,-0.37678748454155997,-0.017325403073847747,0.119195749407147,0.595978747035735,1.2470663833602345,0.0032420283843492825,0.0,0.0,0.32297858859496437,7.0,0.2916666666666667,7.0,0.2916666666666667,7.0,0.2916666666666667,2.685023540034543,0.0,0.0,0.0,0.0,0.0,0.10028440374306714,0.0,555.068160407979,-0.02686510989752964,0.032
raceline_xy,20260415_212047_eb9da4db,1236,39.583999999999186,396.824669415661,-106.77824644477464,6.088451892698456,-0.029097272509563066,6.088521421574445,0.2536883925656019,-0.3775217893031808,-0.022879298607396997,0.12264987517736958,0.6132493758868479,1.2551912285892586,-0.0003540825944488013,0.0,0.0,0.3231347630619033,7.0,0.2916666666666667,7.0,0.2916666666666667,7.0,0.2916666666666667,2.6945370415572723,0.0,0.0,0.0,0.0,0.0,0.10034143488045648,0.0,555.3707205829993,-0.030670344634018996,0.032
raceline_xy,20260415_212047_eb9da4db,1237,39.61599999999918,397.0052871196862,-106.8512665412417,6.088012547302086,-0.03503380761272323,6.088113348467116,0.25367138951946316,-0.3784359483814481,-0.02848887121219848,0.12495283802305815,0.6247641901152907,1.2608450157023467,-0.0027154803595141885,0.0,0.0,0.3232128669914065,7.0,0.2916666666666667,7.0,0.2916666666666667,7.0,0.2916666666666667,2.699278699589937,0.0,0.0,0.0,0.0,0.0,0.1004043013477956,0.0,555.7379863795949,-0.0003350812647227139,0.032
raceline_xy,20260415_212047_eb9da4db,1238,39.64799999999918,397.1857515556967,-106.92461256618886,6.0873727095186965,-0.039486545080675395,6.087500775510045,0.25364586564625186,-0.37954997445459826,-0.03472313449030607,0.12312824187941714,0.6156412093970857,1.2685983679313164,-0.006735330747737134,0.0,0.0,0.3233691042666829,7.0,0.2916666666666667,7.0,0.2916666666666667,7.0,0.2916666666666667,2.7087287411227234,0.0,0.0,0.0,0.0,0.0,0.10052885227359036,0.0,556.2893020409591,-0.03303951214314222,0.032
raceline_xy,20260415_212047_eb9da4db,1239,39.679999999999175,397.366316597889,-106.99771597550478,6.087511422486084,-0.025351767970765327,6.087564211656234,0.25364850881900974,-0.3805237375929602,-0.030373224268093517,0.12125729792112472,0.6062864896056236,1.2764967845502948,-0.010601794351704719,0.0,0.0,0.32352537557234834,7.0,0.2916666666666667,7.0,0.2916666666666667,7.0,0.2916666666666667,2.718207469093063,0.0,0.0,0.0,0.0,0.0,0.10031131925034865,0.0,556.2322095093888,-0.0529474599280404,0.032
raceline_xy,20260415_212047_eb9da4db,1240,39.71199999999917,397.5466884491305,-107.07128903547085,6.087396412148386,-0.03492375683501914,6.087496591163605,0.2536456912984835,-0.38155818055293755,-0.03226459379679911,0.11858063945898938,0.5929031972949469,1.2843328076873917,-0.01448210236923142,0.0,0.0,0.32368167481674587,7.0,0.2916666666666667,7.0,0.2916666666666667,7.0,0.2916666666666667,2.7275413821001813,0.0,0.0,0.0,0.0,0.0,0.10035896887874977,0.0,556.2930679527551,-0.06414057933772202,0.032
raceline_xy,20260415_212047_eb9da4db,1241,39.74399999999917,397.7266697995345,-107.14572295334453,6.086169005761283,-0.056286530837188486,6.086429276697706,0.2536012198624044,-0.3828970375581209,-0.0417404165913075,0.11462190467892605,0.5731095233946302,1.2918582154748854,-0.018586462939966353,0.0,0.0,0.3238379960729546,7.0,0.2916666666666667,7.0,0.2916666666666667,7.0,0.2916666666666667,2.736685281820544,0.0,0.0,0.0,0.0,0.0,0.10077703737752038,0.0,557.2536509720638,-0.06598734805694535,0.032
raceline_xy,20260415_212047_eb9da4db,1242,39.775999999999165,397.906170669012,-107.2211256077859,6.083703962641604,-0.07900301662225306,6.084216907844145,0.25350903782683937,-0.3847009114020059,-0.056216859307066706,0.10919674351510572,0.5459837175755285,1.2989099654469758,-0.023042091040138768,0.0,0.0,0.32399433358675844,7.0,0.2916666666666667,7.0,0.2916666666666667,7.0,0.2916666666666667,2.7455932531759397,0.0,0.0,0.0,0.0,0.0,0.10135389139016747,0.0,559.2447829402689,-0.0580486430971112,0.032
raceline_xy,20260415_212047_eb9da4db,1243,39.80799999999916,398.08520871352357,-107.2973929077516,6.080672998429453,-0.09553471569273642,6.081423434997067,0.2533926431248778,-0.3869936935521907,-0.0714392184747827,0.10235395673551638,0.5117697836775819,1.3054636891749904,-0.027840303733112748,0.0,0.0,0.32415076612266003,7.0,0.2916666666666667,7.0,0.2916666666666667,7.0,0.2916666666666667,2.754219387358013,0.0,0.0,0.0,0.0,0.0,0.10181204020000238,0.0,561.7589085026394,-0.04476756577188795,0.032
raceline_xy,20260415_212047_eb9da4db,1244,39.83999999999916,398.2639472353464,-107.3741827583626,6.078447232540482,-0.09821014427847707,6.0792405768498945,0.2533016907020789,-0.3896225840765184,-0.08191583256772937,0.09440557493078311,0.47202787465391555,1.311674244785559,-0.03280727250247262,0.0,0.0,0.32430785053569766,7.0,0.2916666666666667,7.0,0.2916666666666667,7.0,0.2916666666666667,2.7625285697404505,0.0,0.0,0.0,0.0,0.0,0.1018373260628518,0.0,563.7234808350945,-0.0449605252684338,0.032
raceline_xy,20260415_212047_eb9da4db,1245,39.871999999999154,398.4425448392888,-107.45123231464328,6.077725987671853,-0.09085442320266957,6.078405029893721,0.2532668762455717,-0.39234338996401164,-0.08480471781506711,0.08593748676584573,0.42968743382922864,1.3177877308171198,-0.037689673093689535,0.0,0.0,0.32446491168574987,7.0,0.2916666666666667,7.0,0.2916666666666667,7.0,0.2916666666666667,2.7704968951999027,0.0,0.0,0.0,0.0,0.0,0.1014990104643257,0.0,564.4754730956504,-0.055346731288481235,0.032
raceline_xy,20260415_212047_eb9da4db,1246,39.90399999999915,398.62097112139435,-107.52866090675407,6.077566958253217,-0.08738185437351254,6.078195103854846,0.25325812932728525,-0.3950525016074993,-0.08446754389890497,0.0769729696598488,0.384864848299244,1.3239063959598276,-0.04238450820869755,0.0,0.0,0.3246219231089522,7.0,0.2916666666666667,7.0,0.2916666666666667,7.0,0.2916666666666667,2.778109586958208,0.0,0.0,0.0,0.0,0.0,0.10132428660551894,0.0,564.6644065306385,-0.06959177680385305,0.032
raceline_xy,20260415_212047_eb9da4db,1247,39.93599999999915,398.79911340513644,-107.60671482274607,6.077171705686074,-0.09217622484136667,6.077870712413797,0.25324461301724155,-0.39779354688390356,-0.08547891347104496,0.06746031804937244,0.3373015902468622,1.3300086678318648,-0.04693583936033452,0.0,0.0,0.3247788580969357,7.0,0.2916666666666667,7.0,0.2916666666666667,7.0,0.2916666666666667,2.7853666741236194,0.0,0.0,0.0,0.0,0.0,0.10139217179636172,0.0,564.9563588275821,-0.081921937601091,0.032
raceline_xy,20260415_212047_eb9da4db,1248,39.967999999999144,398.976821720211,-107.68566083763156,6.075800991001611,-0.1054653147893374,6.076716269078207,0.253196511211592,-0.40070118393772347,-0.09066788570861077,0.05750097321163394,0.2875048660581697,1.3361128421102606,-0.051478577474814546,0.0,0.0,0.32493568971322145,7.0,0.2916666666666667,7.0,0.2916666666666667,7.0,0.2916666666666667,2.7923477049150214,0.0,0.0,0.0,0.0,0.0,0.10176585290362941,0.0,565.9953578296132,-0.0887820439809052,0.032
raceline_xy,20260415_212047_eb9da4db,1249,39.99999999999914,399.1539708700538,-107.76567109878881,6.073112070126115,-0.12337236222990544,6.074365066084988,0.25309854442020785,-0.4039174669227954,-0.10026783772988186,0.04774904962603105,0.23874524813015524,1.3418928985917518,-0.05615484613374333,0.0,0.0,0.32509239080926455,7.0,0.2916666666666667,7.0,0.2916666666666667,7.0,0.2916666666666667,2.798928412540376,0.0,0.0,0.0,0.0,0.0,0.102372609392967,0.0,568.11144052351,-0.08999618308646189,0.032
raceline_xy,20260415_212047_eb9da4db,1250,40.03199999999914,399.3305031074217,-107.84677973015022,6.069421526247223,-0.1406313378875632,6.071050554596726,0.2529604397748636,-0.4075225635650943,-0.11236035274667185,0.04002997271073606,0.20014986355368028,1.3472682320387621,-0.061059249923514525,0.0,0.0,0.32524893404018507,7.0,0.2916666666666667,7.0,0.2916666666666667,7.0,0.2916666666666667,2.8051184103205866,0.0,0.0,0.0,0.0,0.0,0.10300177993500598,0.0,571.0945008629459,-0.08811456396379012,0.032
raceline_xy,20260415_212047_eb9da4db,1251,40.06399999999913,399.5064404821826,-107.92890418747372,6.065593194355637,-0.15299443952712455,6.067522401931421,0.2528134334138092,-0.41150415304199317,-0.12407663472349455,0.03773349641687826,0.1886674820843913,1.3522520256877169,-0.06615249629843634,0.0,0.0,0.3254052918802217,7.0,0.2916666666666667,7.0,0.2916666666666667,7.0,0.2916666666666667,2.8108861796601374,0.0,0.0,0.0,0.0,0.0,0.10341782991669729,0.0,574.2698382617208,-0.08685492534965805,0.032
raceline_xy,20260415_212047_eb9da4db,1252,40.09599999999913,399.68185283373447,-108.01192083033348,6.0624434490161825,-0.15920900845381025,6.064533624351676,0.2526889010146532,-0.4157768323010447,-0.13314975770272333,0.0434609781446048,0.21730489072302397,1.3569313345424359,-0.07132480132943453,0.0,0.0,0.3255614366379474,7.0,0.2916666666666667,7.0,0.2916666666666667,7.0,0.2916666666666667,2.8162030740428303,0.0,0.0,0.0,0.0,0.0,0.1035451641828543,0.0,576.9597380834912,-0.08907530921085594,0.032
raceline_xy,20260415_212047_eb9da4db,1253,40.127999999999126,399.8567885310088,-108.09577337837806,6.060152234505572,-0.1620482133405714,6.062318428524663,0.2525966011885276,-0.42024459072431153,-0.13924802348946919,0.0559436759228269,0.2797183796141345,1.3614035121896961,-0.07646353096274838,0.0,0.0,0.3257173404712803,7.0,0.2916666666666667,7.0,0.2916666666666667,7.0,0.2916666666666667,2.821059275549147,0.0,0.0,0.0,0.0,0.0,0.10352272427199989,0.0,578.9534143278028,-0.09499351311541956,0.032
raceline_xy,20260415_212047_eb9da4db,1254,40.15999999999912,400.0312380830505,-108.18050522737539,6.0583193924330265,-0.1654144236218178,6.06057718309669,0.25252404929569544,-0.4248532958206601,-0.1436659212861202,0.0632159879587075,0.3160799397935375,1.3634515816751325,-0.08131675203405431,0.0,0.0,0.32579519330311096,7.0,0.2916666666666667,7.0,0.2916666666666667,7.0,0.2916666666666667,2.82331312990112,0.0,0.0,0.0,0.0,0.0,0.10354699806966926,0.0,580.5205352129785,0.015238208683929791,0.032
raceline_xy,20260415_212047_eb9da4db,1255,40.19199999999912,400.205396983994,-108.26580912025298,6.058201104024716,-0.157590300885309,6.0602504337477185,0.25251043473948825,-0.4294515034539024,-0.1434093484305512,0.0765582433653323,0.3827912168266615,1.3677804544716992,-0.08621150526113919,0.0,0.0,0.32595068325289844,7.0,0.2916666666666667,7.0,0.2916666666666667,7.0,0.2916666666666667,2.8274327331719533,0.0,0.0,0.0,0.0,0.0,0.10313731623052948,0.0,580.814609627053,-0.10779060994655829,0.032
raceline_xy,20260415_212047_eb9da4db,1256,40.223999999999116,400.37968933391613,-108.35095230686223,6.060468252037317,-0.12657241973967848,6.061789835633616,0.25257457648473397,-0.43352983116867216,-0.12739834116318804,0.0934639085980821,0.46731954299041045,1.372626402927013,-0.09031547925815087,0.0,0.0,0.3261058621110959,7.0,0.2916666666666667,7.0,0.2916666666666667,7.0,0.2916666666666667,2.8310117233738765,0.0,0.0,0.0,0.0,0.0,0.10240174318292918,0.0,579.4291479297455,-0.14469266008433346,0.032
raceline_xy,20260415_212047_eb9da4db,1257,40.25599999999911,400.5535427498828,-108.4371026493532,6.061824869449756,-0.1371848513270124,6.063376982450717,0.2526407076021132,-0.43744163839485095,-0.12224253640962268,0.11348507285012828,0.5674253642506414,1.377629365747909,-0.09396463540238287,0.0,0.0,0.326260701624491,7.0,0.2916666666666667,7.0,0.2916666666666667,7.0,0.2916666666666667,2.834022442350504,0.0,0.0,0.0,0.0,0.0,0.10222969535703483,0.0,578.0007157943542,-0.16486447499549042,0.032
raceline_xy,20260415_212047_eb9da4db,1258,40.28799999999911,400.72619745249256,-108.52526532889223,6.055399678622259,-0.18330732599068122,6.058173556743023,0.25242389819762595,-0.44185296875815405,-0.13767466987078253,0.13695058648392583,0.6847529324196291,1.3821124422190891,-0.09780719358610446,0.0,0.0,0.3264151734552566,7.0,0.2916666666666667,7.0,0.2916666666666667,7.0,0.2916666666666667,2.83643725234975,0.0,0.0,0.0,0.0,0.0,0.10486688841609502,0.0,582.6837989312787,-0.11193956986182274,0.032
raceline_xy,20260415_212047_eb9da4db,1259,40.319999999999105,400.89737915252357,-108.61544270653627,6.041996140040864,-0.22809706966993204,6.046300160384093,0.25192917334933723,-0.4471177877925885,-0.16409745829193537,0.16340002394871683,0.8170001197435841,1.385716595920611,-0.10217624347846943,0.0,0.0,0.3265707293007827,7.0,0.2916666666666667,7.0,0.2916666666666667,7.0,0.2916666666666667,2.8382258866535093,0.0,0.0,0.0,0.0,0.0,0.10812672048414045,0.0,593.3698556543158,-0.07349749104112369,0.032
raceline_xy,20260415_212047_eb9da4db,1260,40.3519999999991,401.0677203515783,-108.70668733802464,6.034201626640623,-0.2343481725158605,6.0387505609119065,0.2516146067046628,-0.45294832420398023,-0.1816903367346157,0.1918273820064481,0.9591369100322406,1.3887389571822064,-0.106751825694964,0.0,0.0,0.3267316999708269,7.0,0.2916666666666667,7.0,0.2916666666666667,7.0,0.2916666666666667,2.839347163501559,0.0,0.0,0.0,0.0,0.0,0.10752294430477957,0.0,600.1644951792837,-0.05831267211603539,0.032
raceline_xy,20260415_212047_eb9da4db,1261,40.3839999999991,401.237944337313,-108.79810296715152,6.034541296049584,-0.20576423226729634,6.038048324832151,0.2515853468680063,-0.45874750233445294,-0.18085788505206327,0.2215667938691543,1.1078339693457713,1.391787388107958,-0.11093327079740822,0.0,0.0,0.3268921485128127,7.0,0.2916666666666667,7.0,0.2916666666666667,7.0,0.2916666666666667,2.83978886400285,0.0,0.0,0.0,0.0,0.0,0.10545266461654057,0.0,600.7965076510635,-0.06806552557169927,0.032
raceline_xy,20260415_212047_eb9da4db,1262,40.415999999999094,401.40818034137476,-108.88969794111475,6.038410012322175,-0.17799071213118012,6.041032707287526,0.25170969613698024,-0.46415207525870716,-0.1687564713645765,0.2519976944538238,1.259988472269119,1.395227749672677,-0.11435029135939079,0.0,0.0,0.3270520230110319,7.0,0.2916666666666667,7.0,0.2916666666666667,7.0,0.2916666666666667,2.839535660250439,0.0,0.0,0.0,0.0,0.0,0.10400514246123038,0.0,598.1105634412263,-0.09112452322743686,0.032
raceline_xy,20260415_212047_eb9da4db,1263,40.44799999999909,401.578120196928,-108.98202657802749,6.041346610573051,-0.17205002431121086,6.043795999200169,0.25182483330000704,-0.46921507348510216,-0.15822633353007015,0.2833718999547747,1.4168594997738733,1.3990683691287504,-0.11704800770909962,0.0,0.0,0.3272112715822811,7.0,0.2916666666666667,7.0,0.2916666666666667,7.0,0.2916666666666667,2.8385850121616025,0.0,0.0,0.0,0.0,0.0,0.10380066735648225,0.0,595.6236007198474,-0.11028261452311182,0.032
raceline_xy,20260415_212047_eb9da4db,1264,40.47999999999909,401.74755138995306,-109.07540300703576,6.042923587140173,-0.17884348943510187,6.045569491266177,0.2518987288027574,-0.47411358281022764,-0.15314136763847905,0.313792032921207,1.568960164606035,1.4008267129312024,-0.12061950770982,0.0,0.0,0.3272906449547794,7.0,0.2916666666666667,7.0,0.2916666666666667,7.0,0.2916666666666667,2.837839004538454,0.0,0.0,0.0,0.0,0.0,0.10393440409402117,0.0,594.0274578604407,-0.003361578761750972,0.032
raceline_xy,20260415_212047_eb9da4db,1265,40.511999999999084,401.9164349133043,-109.16979313808025,6.043138201183816,-0.185276336099653,6.045977724018314,0.2519157385007631,-0.4790062736700502,-0.15297154017912312,0.34399677385363925,1.7199838692681961,1.404835861633865,-0.12256348586962007,0.0,0.0,0.32744885756730346,7.0,0.2916666666666667,7.0,0.2916666666666667,7.0,0.2916666666666667,2.835796318882304,0.0,0.0,0.0,0.0,0.0,0.10432063258714382,0.0,593.6600483835167,-0.12148255090395632,0.032
raceline_xy,20260415_212047_eb9da4db,1266,40.54399999999908,402.0852346921985,-109.26445705925917,6.045576985574644,-0.1666649900728996,6.0478738666928065,0.2519947444455336,-0.4835405518190181,-0.14193096429174523,0.37490329989025756,1.8745164994512877,1.4091969098235388,-0.12357656751709811,0.0,0.0,0.32760631506742804,7.0,0.2916666666666667,7.0,0.2916666666666667,7.0,0.2916666666666667,2.8328393607793396,0.0,0.0,0.0,0.0,0.0,0.10366794261163337,0.0,591.9535199764738,-0.14368862415357164,0.032
raceline_xy,20260415_212047_eb9da4db,1267,40.57599999999908,402.25352919654705,-109.36011487517125,6.0468736056012125,-0.17461694999083033,6.049394306981544,0.25205809612423097,-0.4879873487399533,-0.13919884972051372,0.40701872877967027,2.0350936438983513,1.4136340805324137,-0.12399170459957398,0.0,0.0,0.32776296614804734,7.0,0.2916666666666667,7.0,0.2916666666666667,7.0,0.2916666666666667,2.829029707342368,0.0,0.0,0.0,0.0,0.0,0.1036348260185968,0.0,590.5851237166103,-0.153180962616008,0.032
raceline_xy,20260415_212047_eb9da4db,1268,40.60799999999907,402.4205284138051,-109.45766260176889,6.03995744788214,-0.21574533741599522,6.043809396634185,0.25182539152642436,-0.49295733409012543,-0.15532651169468656,0.4412210009590698,2.206105004795349,1.4175257853389285,-0.12434707508122456,0.0,0.0,0.3279187598063902,7.0,0.2916666666666667,7.0,0.2916666666666667,7.0,0.2916666666666667,2.8242945833214304,0.0,0.0,0.0,0.0,0.0,0.10640815421676543,0.0,595.6115430292334,-0.1357426274406487,0.032
raceline_xy,20260415_212047_eb9da4db,1269,40.63999999999907,402.5860981767103,-109.55699113242844,6.028482735074192,-0.2513138840168643,6.03371881640065,0.2514049506833604,-0.4986966863366704,-0.17912265406997124,0.4772901374345485,2.3864506871727422,1.4206221442545433,-0.12481723715909121,0.0,0.0,0.32807364541058787,7.0,0.2916666666666667,7.0,0.2916666666666667,7.0,0.2916666666666667,2.8185650791357624,0.0,0.0,0.0,0.0,0.0,0.10881514349931533,0.0,604.6930652394149,-0.10823900982707207,0.032
raceline_xy,20260415_212047_eb9da4db,1270,40.671999999999066,402.75054276082807,-109.65761229098663,6.018742286333547,-0.26511265665291495,6.024578278188203,0.25102409492450845,-0.5050932036422382,-0.19950141156632084,0.5145218153505267,2.572609076752633,1.423038021731644,-0.12522137639445852,0.0,0.0,0.3282275727693197,7.0,0.2916666666666667,7.0,0.2916666666666667,7.0,0.2916666666666667,2.811795681932626,0.0,0.0,0.0,0.0,0.0,0.10942316865075745,0.0,612.9195496306168,-0.08544762410875605,0.032
raceline_xy,20260415_212047_eb9da4db,1271,40.70399999999906,402.9144802509929,-109.75884857333318,6.015961234722233,-0.24978642649784888,6.021144645044098,0.2508810268768374,-0.5117126458773793,-0.20649320710442823,0.5519260887457451,2.7596304437287253,1.42521503037056,-0.12506067161363266,0.0,0.0,0.32838049220497834,7.0,0.2916666666666667,7.0,0.2916666666666667,7.0,0.2916666666666667,2.8039537707497004,0.0,0.0,0.0,0.0,0.0,0.10797969049816725,0.0,616.0098194603116,-0.08059338399306355,0.032
raceline_xy,20260415_212047_eb9da4db,1272,40.73599999999906,403.0782319866316,-109.86047937143952,6.018508441468789,-0.22462037044985905,6.022698578781119,0.25094577411588,-0.518153253261286,-0.20105455787797033,0.5890513051755573,2.9452565258777863,1.4275590253327195,-0.12387404490937026,0.0,0.0,0.3285323546308317,7.0,0.2916666666666667,7.0,0.2916666666666667,7.0,0.2916666666666667,2.7950120692302116,0.0,0.0,0.0,0.0,0.0,0.10626723640785003,0.0,614.6112790969923,-0.09113458421370935,0.032
raceline_xy,20260415_212047_eb9da4db,1273,40.767999999999056,403.24175383393793,-109.96269461248612,6.022687277882923,-0.20738180976565257,6.026256654192094,0.25109402725800395,-0.524241423745563,-0.1902035500718207,0.6259776986631039,3.1298884933155193,1.4302430967169233,-0.1214352572229398,0.0,0.0,0.32868311163269875,7.0,0.2916666666666667,7.0,0.2916666666666667,7.0,0.2916666666666667,2.784949982759086,0.0,0.0,0.0,0.0,0.0,0.10528869266905293,0.0,611.4090112271147,-0.10735069831869173,0.032
raceline_xy,20260415_212047_eb9da4db,1274,40.79999999999905,403.4047851486367,-110.06586270514319,6.025623534132145,-0.20570068416253973,6.029133581747223,0.25121389923946763,-0.5300724638353094,-0.1822507536902123,0.663049762415862,3.31524881207931,1.4331684864277285,-0.11779523107910395,0.0,0.0,0.32883271555570104,7.0,0.2916666666666667,7.0,0.2916666666666667,7.0,0.2916666666666667,2.7737551298388965,0.0,0.0,0.0,0.0,0.0,0.10521673554604735,0.0,608.8197764274992,-0.11872522799525806,0.032
raceline_xy,20260415_212047_eb9da4db,1275,40.83199999999905,403.5671370365767,-110.1701799050963,6.026781570088839,-0.2128329111578111,6.030538445415501,0.25127243522564585,-0.5358115245474218,-0.17938679181423337,0.7008893651149903,3.5044468255749517,1.436166882333084,-0.11273433466626681,0.0,0.0,0.3289926927413259,7.0,0.2916666666666667,7.0,0.2916666666666667,7.0,0.2916666666666667,2.7610746569331033,0.0,0.0,0.0,0.0,0.0,0.10553767400752848,0.0,607.5553991260488,-0.12327935783064808,0.032
raceline_xy,20260415_212047_eb9da4db,1276,40.863999999999045,403.72860058724194,-110.27581070825087,6.025301484223445,-0.22703565793240488,6.029577362117352,0.251232390088223,-0.5416653890751872,-0.18291305538684227,0.7391569084047928,3.6957845420239637,1.4390277924475523,-0.10674992500794378,0.0,0.0,0.32915152342404747,7.0,0.2916666666666667,7.0,0.2916666666666667,7.0,0.2916666666666667,2.7472309678770896,0.0,0.0,0.0,0.0,0.0,0.10637217968105374,0.0,608.420374094383,-0.11927480843487233,0.032
raceline_xy,20260415_212047_eb9da4db,1277,40.89599999999904,403.88908484301135,-110.38276268186027,6.021950668725091,-0.2414463883883844,6.026789046832846,0.25111621028470194,-0.5477677679839652,-0.19058822250990687,0.7776081917040972,3.888040958520486,1.441614967744786,-0.10000614936124341,0.0,0.0,0.32930924746574575,7.0,0.2916666666666667,7.0,0.2916666666666667,7.0,0.2916666666666667,2.7322862111755084,0.0,0.0,0.0,0.0,0.0,0.10721923288995633,0.0,610.9298578504382,-0.11689470171282472,0.032
raceline_xy,20260415_212047_eb9da4db,1278,40.92799999999904,404.04872807720824,-110.49081979505515,6.01917616853796,-0.24663022747933994,6.024226773371154,0.2510094488904648,-0.554079458712263,-0.1970793523152721,0.8155549881860575,4.077774940930287,1.4418282595778207,-0.0995275355573515,0.0,0.0,0.3293877415523066,7.0,0.2916666666666667,7.0,0.2916666666666667,7.0,0.2916666666666667,2.7244213655898903,0.0,0.0,0.0,0.0,0.0,0.10740225989303435,0.0,613.2359039659607,0.008011472621694868,0.032
raceline_xy,20260415_212047_eb9da4db,1279,40.959999999999035,404.2079381864861,-110.59953755188015,6.020118904636599,-0.23337628334859817,6.024640745770038,0.25102669774041825,-0.560381126978807,-0.1968257739066695,0.8522649415650816,4.261324707825407,1.4441801893303072,-0.09153989973775367,0.0,0.0,0.3295440902127019,7.0,0.2916666666666667,7.0,0.2916666666666667,7.0,0.2916666666666667,2.7079410708386966,0.0,0.0,0.0,0.0,0.0,0.10643119979411492,0.0,612.863328806965,-0.12114816440503469,0.032
raceline_xy,20260415_212047_eb9da4db,1280,40.99199999999903,404.3674633624056,-110.70803419705081,6.025942810554453,-0.18834964001376164,6.0288856634511,0.2512035693104625,-0.5660140628599621,-0.17624297109173995,0.8868296797033199,4.4341483985166,1.4471851780851974,-0.08266670668251663,0.0,0.0,0.3296997179663577,7.0,0.2916666666666667,7.0,0.2916666666666667,7.0,0.2916666666666667,2.6911880246378184,0.0,0.0,0.0,0.0,0.0,0.1048137825430093,0.0,609.0429028940096,-0.15201067106697064,0.032
raceline_xy,20260415_212047_eb9da4db,1281,41.02399999999903,404.52628287562777,-110.81770878296922,6.02823539099805,-0.19857252458037422,6.031505034135314,0.2513127097556381,-0.5714345365893378,-0.16960302364711993,0.9206624983941663,4.603312491970831,1.4503779449550294,-0.07296002283718739,0.0,0.0,0.32985478725779843,7.0,0.2916666666666667,7.0,0.2916666666666667,7.0,0.2916666666666667,2.6737578302312865,0.0,0.0,0.0,0.0,0.0,0.10506244828178697,0.0,606.6854692782168,-0.16030504039873172,0.032
raceline_xy,20260415_212047_eb9da4db,1282,41.055999999999024,404.6838339134666,-110.92906379655462,6.024701887218213,-0.229862030900978,6.02908528577102,0.25121188690712587,-0.5771316736452148,-0.17807099578013505,0.9539243135219356,4.769621567609678,1.4553557020706833,-0.054840510902895545,0.0,0.0,0.3300867125419858,7.0,0.2916666666666667,7.0,0.2916666666666667,7.0,0.2916666666666667,2.6463809604607524,0.0,0.0,0.0,0.0,0.0,0.10687672807251081,0.0,608.8632428060812,-0.27363027106241683,0.032
raceline_xy,20260415_212047_eb9da4db,1283,41.08799999999902,404.8407235804946,-111.04128372424599,6.023554081750599,-0.22895141268898955,6.027903659245608,0.251162652468567,-0.5829160090146712,-0.18077486900811968,0.985402553662171,4.927012768310854,1.4581116419336126,-0.044174565015639544,0.0,0.0,0.3302411319817331,7.0,0.2916666666666667,7.0,0.2916666666666667,7.0,0.2916666666666667,2.627486195674381,0.0,0.0,0.0,0.0,0.0,0.10660679602387634,0.0,609.9267066789527,-0.14987457454715114,0.032
raceline_xy,20260415_212047_eb9da4db,1284,41.11999999999902,404.9950879640009,-111.15581353508784,5.999525542305958,-0.29192930317670207,6.006623798011228,0.25027599158380115,-0.5897052626433599,-0.21172633269189456,1.0172448306332738,5.086224153166368,1.4598101783602662,-0.034208286214277184,0.0,0.0,0.3303956054172289,7.0,0.2916666666666667,7.0,0.2916666666666667,7.0,0.2916666666666667,2.6082308545056208,0.0,0.0,0.0,0.0,0.0,0.11499420063263205,0.0,629.0785817898944,-0.10506256864305816,0.032
raceline_xy,20260415_212047_eb9da4db,1285,41.15199999999901,405.147645401627,-111.27191741114325,5.982573698813175,-0.31823324810543685,5.991031669247867,0.24962631955199446,-0.5973925563136446,-0.23948518265172583,1.0483065952861723,5.241532976430861,1.4605651772849102,-0.024972600323848404,0.0,0.0,0.33055032154753966,7.0,0.2916666666666667,7.0,0.2916666666666667,7.0,0.2916666666666667,2.5887593247131777,0.0,0.0,0.0,0.0,0.0,0.11476040498301136,0.0,643.111497676919,-0.06607232819252684,0.032
raceline_xy,20260415_212047_eb9da4db,1286,41.18399999999901,405.2999160735568,-111.38826618400259,5.981852146125216,-0.2830769829467856,5.988546374236164,0.24952276559317352,-0.6051716786879315,-0.24246839604335382,1.0765270936910767,5.382635468455383,1.4611987201698433,-0.01580316162762685,0.0,0.0,0.3307054754790938,7.0,0.2916666666666667,7.0,0.2916666666666667,7.0,0.2916666666666667,2.569219809231111,0.0,0.0,0.0,0.0,0.0,0.11091056364177698,0.0,645.3482631874518,-0.062338221567749555,0.032
raceline_xy,20260415_212047_eb9da4db,1287,41.215999999999006,405.4523267597719,-111.50470992133842,5.98904874546402,-0.2392312424752676,5.993824860881439,0.24974270253672662,-0.6124856823104325,-0.2282426440753974,1.1014042626160794,5.507021313080396,1.4622732601326938,-0.006286897206075892,0.0,0.0,0.33086126877078675,7.0,0.2916666666666667,7.0,0.2916666666666667,7.0,0.2916666666666667,2.5497625618419404,0.0,0.0,0.0,0.0,0.0,0.10796181169608915,0.0,640.5976252067045,-0.08012570738656206,0.032
raceline_xy,20260415_212047_eb9da4db,1288,41.247999999999,405.6048145297926,-111.62146251084427,5.998055341667154,-0.2062901147297227,6.00160174396278,0.25006673933178253,-0.6190641780283208,-0.20559966325434895,1.1230561291356842,5.61528064567842,1.464058759089502,0.003416903025875495,0.0,0.0,0.3310126559774917,7.0,0.2916666666666667,7.0,0.2916666666666667,7.0,0.2916666666666667,2.5308236850841848,0.0,0.0,0.0,0.0,0.0,0.10641115138476565,0.0,633.5984304334974,-0.10778172853465215,0.032
raceline_xy,20260415_212047_eb9da4db,1289,41.279999999999,405.7566614953451,-111.7393160593801,6.003107690162351,-0.20907243664102193,6.00674730810689,0.2502811378377871,-0.6252046745824136,-0.19202292286492825,1.1429000807240746,5.714500403620373,1.466251082418582,0.012692271432261482,0.0,0.0,0.33115545104639377,7.0,0.2916666666666667,7.0,0.2916666666666667,7.0,0.2916666666666667,2.5127281072216148,0.0,0.0,0.0,0.0,0.0,0.10672402770238357,0.0,628.9674227037985,-0.12184932429096239,0.032
raceline_xy,20260415_212047_eb9da4db,1290,41.311999999998996,405.90772944200637,-111.85833459052621,6.006064865754576,-0.21733968853136698,6.009995982682721,0.2504164992784467,-0.6311160199096308,-0.18488860951151478,1.1592159764382048,5.796079882191024,1.4706156558923187,0.02916547550875448,0.0,0.0,0.33137176625409154,7.0,0.2916666666666667,7.0,0.2916666666666667,7.0,0.2916666666666667,2.4862948832214453,0.0,0.0,0.0,0.0,0.0,0.10699518690946347,0.0,626.0436155855507,-0.241547607311827,0.032
raceline_xy,20260415_212047_eb9da4db,1291,41.34399999999899,406.0582088512506,-111.9782318803775,6.008749445626618,-0.2160973732831022,6.012634029695974,0.25052641790399893,-0.6368192641077521,-0.178436640262422,1.1734679580229153,5.867339790114576,1.4731613262331456,0.037834479926051046,0.0,0.0,0.33151770200518943,7.0,0.2916666666666667,7.0,0.2916666666666667,7.0,0.2916666666666667,2.469213704107376,0.0,0.0,0.0,0.0,0.0,0.10692484136845701,0.0,623.669373273623,-0.1406947797097346,0.032
raceline_xy,20260415_212047_eb9da4db,1292,41.37599999999899,406.2059186613527,-112.10074946823846,5.989958143602813,-0.29321111853381376,5.997130257226827,0.24988042738445113,-0.6435294277765777,-0.20934059307064334,1.1884464995916109,5.942232497958054,1.474645339064904,0.04501736072285212,0.0,0.0,0.3316652660719841,7.0,0.2916666666666667,7.0,0.2916666666666667,7.0,0.2916666666666667,2.4526102690578027,0.0,0.0,0.0,0.0,0.0,0.11412903343115263,0.0,637.6227684958554,-0.09453596654965747,0.032
raceline_xy,20260415_212047_eb9da4db,1293,41.407999999998985,406.352135670774,-112.22445399245815,5.977328095258133,-0.3066433661757073,5.98518849430674,0.2493828539294475,-0.6509307952542818,-0.23071903872133379,1.202153040650279,6.0107652032513945,1.4773145573002466,0.05710059561875225,0.0,0.0,0.33189012777623483,7.0,0.2916666666666667,7.0,0.2916666666666667,7.0,0.2916666666666667,2.429062344204253,0.0,0.0,0.0,0.0,0.0,0.1141981399761597,0.0,648.3703551239332,-0.17509870109252754,0.032
raceline_xy,20260415_212047_eb9da4db,1294,41.43999999999898,406.49831911385155,-112.34824763816378,5.980266770975078,-0.2661697099172464,5.986187181044885,0.2494244658768702,-0.6581766541787681,-0.22608775877584478,1.2118010419976175,6.059005209988087,1.4781640600430155,0.061194427250243155,0.0,0.0,0.33204268588313013,7.0,0.2916666666666667,7.0,0.2916666666666667,7.0,0.2916666666666667,2.415015642802483,0.0,0.0,0.0,0.0,0.0,0.11005537947088619,0.0,647.4715370596031,-0.27950305649984425,0.032
raceline_xy,20260415_212047_eb9da4db,1295,41.47199999999898,406.64393634935664,-112.47282051515107,5.983113089502595,-0.2538627487341789,5.988496350251218,0.24952068126046742,-0.6652634231166403,-0.22122897675008638,1.2196233820762235,6.098116910381117,1.4791354551859364,0.06500341673661136,0.0,0.0,0.3321976077683385,7.0,0.2916666666666667,7.0,0.2916666666666667,7.0,0.2916666666666667,2.4014144739081837,0.0,0.0,0.0,0.0,0.0,0.10941724594815043,0.0,645.3932847739036,-0.3096071125327514,0.032
raceline_xy,20260415_212047_eb9da4db,1296,41.503999999998975,406.7866533463019,-112.59980873155726,5.9611572657636955,-0.32158754201149753,5.9698253319795125,0.24874272216581303,-0.673250804909785,-0.24883539076583683,1.228433654888692,6.14216827444346,1.4791449447453981,0.06746251231300437,0.0,0.0,0.3323551004867774,7.0,0.2916666666666667,7.0,0.2916666666666667,7.0,0.2916666666666667,2.388264275143805,0.0,0.0,0.0,0.0,0.0,0.11782198534393619,0.0,662.1972012184384,-0.26538027010640275,0.032
raceline_xy,20260415_212047_eb9da4db,1297,41.53599999999897,406.926935817293,-112.7284192797254,5.936680451532004,-0.3560409547472605,5.9473473032150705,0.24780613763396128,-0.682116762451622,-0.27588193345928913,1.2374435704853095,6.1872178524265475,1.4782143977514313,0.0685974940208558,0.0,0.0,0.3325153694381475,7.0,0.2916666666666667,7.0,0.2916666666666667,7.0,0.2916666666666667,2.375561439682159,0.0,0.0,0.0,0.0,0.0,0.12123700097059611,0.0,682.4274271064361,-0.220013798713442,0.032
raceline_xy,20260415_212047_eb9da4db,1298,41.56799999999897,407.06482699349215,-112.85848951719062,5.911410836648825,-0.38118358607096336,5.9236879564962805,0.24682033152067837,-0.691826113073025,-0.3018553900000756,1.2466762493764967,6.233381246882483,1.4763783149722371,0.06845562135076211,0.0,0.0,0.3326786182617288,7.0,0.2916666666666667,7.0,0.2916666666666667,7.0,0.2916666666666667,2.3632940480419857,0.0,0.0,0.0,0.0,0.0,0.12394843815649008,0.0,703.7208391533471,-0.170100707732494,0.032
raceline_xy,20260415_212047_eb9da4db,1299,41.599999999998964,407.20025348658567,-112.99008745802931,5.88714714740048,-0.40510085544427543,5.901068398029911,0.24587784991791295,-0.7023585458972206,-0.32718109359749914,1.2564678894553496,6.2823394472767475,1.4736570268975893,0.06707693239773871,0.0,0.0,0.3328450487615669,7.0,0.2916666666666667,7.0,0.2916666666666667,7.0,0.2916666666666667,2.351442570955231,0.0,0.0,0.0,0.0,0.0,0.1258628406157794,0.0,724.0784417730799,-0.11309011993457521,0.032
raceline_xy,20260415_212047_eb9da4db,1300,41.63199999999896,407.334237344273,-113.12264776058775,5.8768021524750464,-0.3930784087067223,5.889933291194965,0.24541388713312354,-0.7132704616418852,-0.3390019832655713,1.2660040185090273,6.330020092545136,1.470506065802926,0.06493186057657141,0.0,0.0,0.33301486086012094,7.0,0.2916666666666667,7.0,0.2916666666666667,7.0,0.2916666666666667,2.3399803629830602,0.0,0.0,0.0,0.0,0.0,0.12337632505761899,0.0,734.100037924531,-0.06797196826345939,0.032
raceline_xy,20260415_212047_eb9da4db,1301,41.66399999999896,407.4679358622397,-113.2556851156858,5.8838384447477825,-0.3477117925307911,5.894103692212836,0.2455876538422015,-0.7238920210122872,-0.33039146923089385,1.2739454814703604,6.369727407351801,1.4658193690724657,0.058558875785637454,0.0,0.0,0.3331010969646994,7.0,0.2916666666666667,7.0,0.2916666666666667,7.0,0.2916666666666667,2.3343850481692567,0.0,0.0,0.0,0.0,0.0,0.11818048415284466,0.0,730.3466770084474,0.09324689282940038,0.032
raceline_xy,20260415_212047_eb9da4db,1302,41.69599999999895,407.60104427309017,-113.38967676047142,5.8933501643838255,-0.32245653494419946,5.902165227860966,0.24592355116087358,-0.7340440890695201,-0.3161871330304943,1.2801800108172257,6.400900054086128,1.4633744874419055,0.056658391015748766,0.0,0.0,0.3332763521557726,7.0,0.2916666666666667,7.0,0.2916666666666667,7.0,0.2916666666666667,2.3234419634816024,0.0,0.0,0.0,0.0,0.0,0.11616641255172379,0.0,723.0912949251305,-0.03036507037212266,0.032
raceline_xy,20260415_212047_eb9da4db,1303,41.72799999999895,407.7351584112976,-113.52318278457321,5.908816848050353,-0.23881821584918939,5.913641068244259,0.24640171117684415,-0.742730585769265,-0.2716285083557511,1.284471531755234,6.4223576587761695,1.462369103953539,0.05520255301653121,0.0,0.0,0.3334254946901488,7.0,0.2916666666666667,7.0,0.2916666666666667,7.0,0.2916666666666667,2.313522554522342,0.0,0.0,0.0,0.0,0.0,0.1139633341240391,0.0,712.7630385801663,-0.15429398469385472,0.032
raceline_xy,20260415_212047_eb9da4db,1304,41.759999999998946,407.869484899549,-113.65694452210806,5.920692005584191,-0.1973989840312278,5.923981784567294,0.2468325743569706,-0.749963400939778,-0.22707785609484446,1.2871052717331395,6.435526358665697,1.4645238219014267,0.05817937147160546,0.0,0.0,0.3336427708177046,7.0,0.2916666666666667,7.0,0.2916666666666667,7.0,0.2916666666666667,2.2992852041926755,0.0,0.0,0.0,0.0,0.0,0.11329432947688947,0.0,703.4563938894348,-0.24039167062765843,0.032
raceline_xy,20260415_212047_eb9da4db,1305,41.79199999999894,408.0017819761857,-113.79301237393028,5.9252889185018525,-0.2525429204998195,5.930668317686922,0.24711117990362175,-0.7568527433062742,-0.21614167030593753,1.2907608117805458,6.453804058902729,1.465221581572223,0.057893574015126514,0.0,0.0,0.33379032651925183,7.0,0.2916666666666667,7.0,0.2916666666666667,7.0,0.2916666666666667,2.2900002540056237,0.0,0.0,0.0,0.0,0.0,0.11377429494911107,0.0,697.4385140817699,-0.09679345344984103,0.032
raceline_xy,20260415_212047_eb9da4db,1306,41.82399999999894,408.1314131886604,-113.93137355112431,5.916458534087056,-0.31788364462509433,5.92499211789279,0.24687467157886625,-0.7642849767226312,-0.23253758870035102,1.2965869931936316,6.482934965968157,1.4653212473119126,0.05692928229204952,0.0,0.0,0.33393988142802944,7.0,0.2916666666666667,7.0,0.2916666666666667,7.0,0.2916666666666667,2.28085400750442,0.0,0.0,0.0,0.0,0.0,0.11819959276427992,0.0,702.5470938964884,-0.09333377102772404,0.032
raceline_xy,20260415_212047_eb9da4db,1307,41.855999999998936,408.2605532087671,-114.07030122340373,5.91997560938996,-0.2978155898140411,5.927461964560238,0.2469775818566766,-0.7716292989675018,-0.22996813232364222,1.3018353693148939,6.509176846574469,1.4654687470367582,0.0559384637668181,0.0,0.0,0.3340912937526895,7.0,0.2916666666666667,7.0,0.2916666666666667,7.0,0.2916666666666667,2.2718252563722854,0.0,0.0,0.0,0.0,0.0,0.11540943842495902,0.0,700.3242318957854,-0.10124875340918019,0.032
raceline_xy,20260415_212047_eb9da4db,1308,41.88799999999893,408.38946326148874,-114.20970686804672,5.927283853895739,-0.27217056475769796,5.9335293629486365,0.24723039012285986,-0.7786087802060351,-0.21883631711443519,1.3062820375609818,6.531410187804909,1.4659438478203786,0.055217959904624525,0.0,0.0,0.3342444212702373,7.0,0.2916666666666667,7.0,0.2916666666666667,7.0,0.2916666666666667,2.262894028067694,0.0,0.0,0.0,0.0,0.0,0.11368453107171045,0.0,694.8635733462268,-0.03708459425786832,0.032
raceline_xy,20260415_212047_eb9da4db,1309,41.91999999999893,408.5177295693306,-114.34994016874035,5.933049616382009,-0.26464613201133247,5.93894900850641,0.24745620868776708,-0.7853626910855631,-0.2118604397630347,1.3105002045527554,6.552501022763777,1.4666045087313773,0.05464737795611274,0.0,0.0,0.3343991213890471,7.0,0.2916666666666667,7.0,0.2916666666666667,7.0,0.2916666666666667,2.2540413944450512,0.0,0.0,0.0,0.0,0.0,0.11335040892106127,0.0,689.9858923442307,-0.060252555539099535,0.032
raceline_xy,20260415_212047_eb9da4db,1310,41.951999999998925,408.64660724500015,-114.49004474355182,5.9450712430610135,-0.21337112131423108,5.948899000696004,0.24787079169566684,-0.791237365393215,-0.1848484495956619,1.3129540857946016,6.5647704289730076,1.4681120031686916,0.054898426240772125,0.0,0.0,0.3345552512050508,7.0,0.2916666666666667,7.0,0.2916666666666667,7.0,0.2916666666666667,2.2452492630983536,0.0,0.0,0.0,0.0,0.0,0.1109496263718474,0.0,681.030899373596,-0.11485514660972317,0.032
raceline_xy,20260415_212047_eb9da4db,1311,41.98399999999892,408.7748283067488,-114.6310384258855,5.951664231414402,-0.21518154016633106,5.955552889423949,0.2481480370593312,-0.7966674888908649,-0.17093215793253164,1.315300408552368,6.57650204276184,1.4700236418793544,0.05555380577146396,0.0,0.0,0.3347126675522863,7.0,0.2916666666666667,7.0,0.2916666666666667,7.0,0.2916666666666667,2.236500203223157,0.0,0.0,0.0,0.0,0.0,0.11132092371954641,0.0,675.0423995184458,-0.14973180595517355,0.032
raceline_xy,20260415_212047_eb9da4db,1312,42.01599999999892,408.9021665461308,-114.77302093931068,5.9557425980964265,-0.22510475381912576,5.959995137999052,0.24833313074996052,-0.8019412437253943,-0.16588160736080707,1.3178090324557128,6.5890451622785635,1.472048700702909,0.0564318562338757,0.0,0.0,0.33487122704880234,7.0,0.2916666666666667,7.0,0.2916666666666667,7.0,0.2916666666666667,2.2276876332011675,0.0,0.0,0.0,0.0,0.0,0.11157227865837392,0.0,671.0443758008525,-0.1747856653609155,0.032
raceline_xy,20260415_212047_eb9da4db,1313,42.047999999998915,409.02814023101195,-114.91617390500845,5.953844137396073,-0.24827597985770655,5.959018457311564,0.24829243572131518,-0.8074691487407892,-0.17350725914843707,1.3209963808949778,6.604981904474889,1.4737712649241077,0.057227688274231525,0.0,0.0,0.3350307861387727,7.0,0.2916666666666667,7.0,0.2916666666666667,7.0,0.2916666666666667,2.2187057931697822,0.0,0.0,0.0,0.0,0.0,0.11336238544099524,0.0,671.9233884195919,-0.18399936090192096,0.032
raceline_xy,20260415_212047_eb9da4db,1314,42.07999999999891,409.152139837931,-115.06069375946826,5.9439550874972635,-0.28530420071911244,5.950798313598989,0.24794992973329122,-0.8137076423044616,-0.1952635077246713,1.3254889895768107,6.627444947884054,1.474727982461463,0.05733220145913931,0.0,0.0,0.33519120113155315,7.0,0.2916666666666667,7.0,0.2916666666666667,7.0,0.2916666666666667,2.2170895685707177,0.0,0.0,0.0,0.0,0.0,0.11643976186387969,0.0,679.3215177609093,-0.17446482104870095,0.032
raceline_xy,20260415_212047_eb9da4db,1315,42.11199999999891,409.2741848652295,-115.20637060461266,5.9306438405305375,-0.3125818740853137,5.9388756335883555,0.24745315139951482,-0.8207824994089026,-0.22099897119301595,1.3311748851195484,6.655874425597742,1.4747909219194106,0.05664649342144834,0.0,0.0,0.33535232823832484,7.0,0.2916666666666667,7.0,0.2916666666666667,7.0,0.2916666666666667,2.2171884674535365,0.0,0.0,0.0,0.0,0.0,0.11877714977807587,0.0,690.0519297704797,-0.16029396995032583,0.032
raceline_xy,20260415_212047_eb9da4db,1316,42.143999999998904,409.3944836395696,-115.35301335609631,5.918270254476526,-0.32677470617469506,5.927284750509056,0.24697019793787733,-0.828609274740645,-0.24418748406270888,1.3375155302523418,6.687577651261709,1.4725249576532198,0.052040793818915354,0.0,0.0,0.33543311388220043,7.0,0.2916666666666667,7.0,0.2916666666666667,7.0,0.2916666666666667,2.2171710597159695,0.0,0.0,0.0,0.0,0.0,0.11982096066188454,0.0,700.4837245418491,-0.0017488861764047708,0.032
raceline_xy,20260415_212047_eb9da4db,1317,42.1759999999989,409.5144689343981,-115.4998684270266,5.919023686367707,-0.2918204445192827,5.92621300423984,0.24692554184332668,-0.8364937095805578,-0.24608031839379882,1.3427558756345745,6.713779378172872,1.4716962530308244,0.050671663071192086,0.0,0.0,0.33559503942647195,7.0,0.2916666666666667,7.0,0.2916666666666667,7.0,0.2916666666666667,2.2169746798127723,0.0,0.0,0.0,0.0,0.0,0.11663983328938575,0.0,701.4482961841434,-0.15495868727219758,0.032
raceline_xy,20260415_212047_eb9da4db,1318,42.2079999999989,409.63463933237443,-115.64685156387067,5.927842923641431,-0.2466560830758895,5.932972353777163,0.24720718140738177,-0.8438419588232655,-0.22963466620403547,1.3469260503797473,6.734630251898737,1.471365835434769,0.049965746664772936,0.0,0.0,0.3357573174084033,7.0,0.2916666666666667,7.0,0.2916666666666667,7.0,0.2916666666666667,2.216522522518713,0.0,0.0,0.0,0.0,0.0,0.11352344024564766,0.0,695.3648816005533,-0.19864038340704893,0.032
raceline_xy,20260415_212047_eb9da4db,1319,42.23999999999889,409.7537827207864,-115.7948423054678,5.9319658933454384,-0.24935017160249462,5.937204297301191,0.24738351238754963,-0.8509593153942974,-0.22242261331123495,1.351520322102754,6.75760161051377,1.4712217090205124,0.04965674444731505,0.0,0.0,0.3359198039620737,7.0,0.2916666666666667,7.0,0.2916666666666667,7.0,0.2916666666666667,2.215761877395108,0.0,0.0,0.0,0.0,0.0,0.11389429221592316,0.0,691.5561324289275,-0.20732394323637368,0.032
raceline_xy,20260415_212047_eb9da4db,1320,42.27199999999889,409.87071343267655,-115.94439530028673,5.925432024390191,-0.2889312914038813,5.932472163172884,0.2471863401322035,-0.858487007916263,-0.234911609798612,1.3578009527981232,6.789004763990616,1.4706125488391084,0.04914720340371215,0.0,0.0,0.33608235527259944,7.0,0.2916666666666667,7.0,0.2916666666666667,7.0,0.2916666666666667,2.214634530357574,0.0,0.0,0.0,0.0,0.0,0.11716404776098052,0.0,695.8150531444041,-0.11995678484351383,0.032
raceline_xy,20260415_212047_eb9da4db,1321,42.30399999999889,409.98513376123907,-116.09538330045729,5.91102344862875,-0.3286789572226039,5.920154395550834,0.24667309981461807,-0.8667678484959755,-0.2580136993122067,1.3659183678210982,6.829591839105491,1.4691898039170397,0.04814380871702939,0.0,0.0,0.3362448276085618,7.0,0.2916666666666667,7.0,0.2916666666666667,7.0,0.2916666666666667,2.2130758929848966,0.0,0.0,0.0,0.0,0.0,0.12075401722235801,0.0,706.901044004249,-0.09404319625189256,0.032
raceline_xy,20260415_212047_eb9da4db,1322,42.33599999999888,410.0987800108203,-116.24687049295787,5.9100537562834194,-0.3074787884650414,5.918046857495781,0.24658528572899088,-0.8751853444173712,-0.2623233632233749,1.3741770041864376,6.870885020932188,1.467583369970562,0.04758101872303877,0.0,0.0,0.33641891929628986,7.0,0.2916666666666667,7.0,0.2916666666666667,7.0,0.2916666666666667,2.210752333073005,0.0,0.0,0.0,0.0,0.0,0.11777196675012158,0.0,708.7978282537963,-0.09664290264963477,0.032
raceline_xy,20260415_212047_eb9da4db,1323,42.36799999999888,410.21230144391615,-116.39868509663715,5.917762833656593,-0.26953456369960316,5.923897858372985,0.24682907743220772,-0.8832128146266691,-0.2504347154653062,1.3819660298149212,6.9098301490746055,1.46492950110623,0.04365280152362638,0.0,0.0,0.33650692502865626,7.0,0.2916666666666667,7.0,0.2916666666666667,7.0,0.2916666666666667,2.209358765496893,0.0,0.0,0.0,0.0,0.0,0.11470567424694823,0.0,703.5319274643128,0.011491250950351653,0.032
raceline_xy,20260415_212047_eb9da4db,1324,42.399999999998876,410.3249630451788,-116.55136892077876,5.923906121080195,-0.2616366799089711,5.929681060870407,0.24707004420293363,-0.8909628238025524,-0.2418846740785223,1.3883853332304787,6.941926666152393,1.4639261449846792,0.04443961742385971,0.0,0.0,0.3366823148103477,7.0,0.2916666666666667,7.0,0.2916666666666667,7.0,0.2916666666666667,2.206167870151518,0.0,0.0,0.0,0.0,0.0,0.11415432419338546,0.0,698.3270452166333,-0.1284153262181485,0.032
raceline_xy,20260415_212047_eb9da4db,1325,42.43199999999887,410.43845488677823,-116.70382960511895,5.936232784224655,-0.19779996203011363,5.939527295457334,0.24748030397738893,-0.8975799399457309,-0.20715250840103855,1.3933095531173574,6.966547765586786,1.4640213672411297,0.04687569920503787,0.0,0.0,0.336856578040103,7.0,0.2916666666666667,7.0,0.2916666666666667,7.0,0.2916666666666667,2.2022353941786594,0.0,0.0,0.0,0.0,0.0,0.11190984944130916,0.0,689.4654340883989,-0.18458753892933005,0.032
raceline_xy,20260415_212047_eb9da4db,1326,42.46399999999887,410.55031323087667,-116.85769153582713,5.940204273231868,-0.22726540310785204,5.944550140353088,0.24768958918137865,-0.9039351758921961,-0.19886176391313157,1.3995020850600688,6.9975104253003435,1.4643316235658528,0.05017908335607579,0.0,0.0,0.3370293581613924,7.0,0.2916666666666667,7.0,0.2916666666666667,7.0,0.2916666666666667,2.1974674647138954,0.0,0.0,0.0,0.0,0.0,0.1129198970751213,0.0,684.9448736822205,-0.1990055786835946,0.032
raceline_xy,20260415_212047_eb9da4db,1327,42.495999999998865,410.6604012700663,-117.01280726823101,5.938565890656982,-0.25636841160259616,5.944097038250821,0.24767070992711757,-0.9104363119878376,-0.20319826394124121,1.40679097687914,7.033954884395699,1.4644454484420608,0.05404607604639944,0.0,0.0,0.3372002994526797,7.0,0.2916666666666667,7.0,0.2916666666666667,7.0,0.2916666666666667,2.191755448369457,0.0,0.0,0.0,0.0,0.0,0.11467598762012694,0.0,685.3526655742604,-0.19861242649391467,0.032
raceline_xy,20260415_212047_eb9da4db,1328,42.52799999999886,410.7680537933267,-117.16925837240024,5.927135766786665,-0.2996263729770843,5.934704235368866,0.2472793431403694,-0.917599459703069,-0.2234428585891246,1.415558183242424,7.07779091621212,1.4638389516930692,0.05808358765612809,0.0,0.0,0.33736904719936883,7.0,0.2916666666666667,7.0,0.2916666666666667,7.0,0.2916666666666667,2.1849720576552434,0.0,0.0,0.0,0.0,0.0,0.11839953159909344,0.0,693.8061881680204,-0.17644491984851007,0.032
raceline_xy,20260415_212047_eb9da4db,1329,42.55999999999886,410.87346193607425,-117.32674102822956,5.91289632487436,-0.3280833613197638,5.921991357701191,0.24674963990421628,-0.9255216992245341,-0.24677117088401174,1.4243586689188077,7.121793344594038,1.4611207256875245,0.056118711297918455,0.0,0.0,0.33745248796969823,7.0,0.2916666666666667,7.0,0.2916666666666667,7.0,0.2916666666666667,2.1811325071856515,0.0,0.0,0.0,0.0,0.0,0.12069562985873059,0.0,705.247778068928,-0.0065388689330367206,0.032
raceline_xy,20260415_212047_eb9da4db,1330,42.591999999998855,410.97802734410294,-117.48458735019452,5.908840993039581,-0.3078341478972004,5.916854210104942,0.24653559208770592,-0.9336679877621892,-0.2538117744720361,1.4326744701252305,7.163372350626152,1.4594409996744018,0.060706766870656015,0.0,0.0,0.33761728302147437,7.0,0.2916666666666667,7.0,0.2916666666666667,7.0,0.2916666666666667,2.1724749190548804,0.0,0.0,0.0,0.0,0.0,0.11883679182343837,0.0,709.8712109055516,-0.1410876277210973,0.032
raceline_xy,20260415_212047_eb9da4db,1331,42.62399999999885,411.0830326385316,-117.64243084490911,5.919015907395215,-0.2521298725841592,5.924383409659347,0.24684930873580613,-0.9412046799760665,-0.23529447070428294,1.439064219257223,7.195321096286114,1.4583342659778928,0.07036949569152906,0.0,0.0,0.33777900358066226,7.0,0.2916666666666667,7.0,0.2916666666666667,7.0,0.2916666666666667,2.1590985556971205,0.0,0.0,0.0,0.0,0.0,0.11413316758297311,0.0,703.0949313065872,-0.17423619147457586,0.032
raceline_xy,20260415_212047_eb9da4db,1332,42.65599999999885,411.1869214855704,-117.80118387420013,5.923449617485547,-0.2540013737524758,5.928892988472453,0.24703720785301886,-0.948475965693587,-0.22708815352553088,1.4451100731944302,7.2255503659721505,1.457448212367984,0.08760129477335488,0.0,0.0,0.3379373003465608,7.0,0.2916666666666667,7.0,0.2916666666666667,7.0,0.2916666666666667,2.1381488148174554,0.0,0.0,0.0,0.0,0.0,0.11463035076213171,0.0,699.0363103747923,-0.1883970349028247,0.032
raceline_xy,20260415_212047_eb9da4db,1333,42.687999999998844,411.28887349362674,-117.96113862027337,5.920938775606928,-0.28096186843153514,5.927601163708487,0.24698338182118695,-0.9559271173601425,-0.23250824531652803,1.4514682556825491,7.257341278412746,1.4563310521733452,0.10688573843360327,0.0,0.0,0.3380918263378374,7.0,0.2916666666666667,7.0,0.2916666666666667,7.0,0.2916666666666667,2.114686589549226,0.0,0.0,0.0,0.0,0.0,0.11657118003159908,0.0,700.1989526623614,-0.1830887370535046,0.032
raceline_xy,20260415_212047_eb9da4db,1334,42.71999999999884,411.3885531445253,-118.12224576952487,5.912065835461917,-0.31275164636121344,5.920332426066771,0.24668051775278213,-0.9638769468458928,-0.2477601310126163,1.457900344176575,7.289501720882875,1.4558615821275103,0.1417032711758166,0.0,0.0,0.33831579319294053,7.0,0.2916666666666667,7.0,0.2916666666666667,7.0,0.2916666666666667,2.0762829796544207,0.0,0.0,0.0,0.0,0.0,0.11915857033242576,0.0,706.7408165399054,-0.3114954671779334,0.032
raceline_xy,20260415_212047_eb9da4db,1335,42.75199999999884,411.4871530532332,-118.2839166550909,5.909925575842866,-0.3028855307517748,5.917681974957797,0.2465700822899082,-0.9719379522529032,-0.2512830286057376,1.462233976826692,7.31116988413346,1.4540124965522079,0.16285975142898135,0.0,0.0,0.3384593943092058,7.0,0.2916666666666667,7.0,0.2916666666666667,7.0,0.2916666666666667,2.049596911713392,0.0,0.0,0.0,0.0,0.0,0.11797775045073254,0.0,709.1262225379821,-0.17082384381380875,0.032
raceline_xy,20260415_212047_eb9da4db,1336,42.783999999998834,411.58296923727465,-118.44667748982681,5.89224636780272,-0.34234848611065916,5.9021834726503215,0.24592431136043005,-0.9806959174322389,-0.27260400437789994,1.4668823850663575,7.334411925331787,1.4514038858104552,0.1828680383900716,0.0,0.0,0.3385980370216582,7.0,0.2916666666666667,7.0,0.2916666666666667,7.0,0.2916666666666667,2.0230495481449253,0.0,0.0,0.0,0.0,0.0,0.1235271181787043,0.0,723.0748746147102,-0.1416505178331641,0.032
raceline_xy,20260415_212047_eb9da4db,1337,42.81599999999883,411.67628618744914,-118.61032751902985,5.875609193608014,-0.3671746439520329,5.88707063106706,0.24529460962779417,-0.9901496029714454,-0.2939831453786636,1.4698743389748277,7.349371694874138,1.44918123833531,0.21327818161400725,0.0,0.0,0.3387959885970129,7.0,0.2916666666666667,7.0,0.2916666666666667,7.0,0.2916666666666667,1.985909659564303,0.0,0.0,0.0,0.0,0.0,0.12490277051913011,0.0,736.6764320396452,-0.2435041223484159,0.032
raceline_xy,20260415_212047_eb9da4db,1338,42.84799999999883,411.7688373170835,-118.77434598415789,5.875566728057534,-0.33794398161925976,5.885277437009185,0.24521989320871604,-0.999607792076175,-0.2943805339172111,1.4688563488565558,7.344281744282779,1.4468673688308886,0.23627184349319563,0.0,0.0,0.3389809745590423,7.0,0.2916666666666667,7.0,0.2916666666666667,7.0,0.2916666666666667,1.9554534440694908,0.0,0.0,0.0,0.0,0.0,0.12091790687917688,0.0,738.2903066917333,-0.24913550251798577,0.032
raceline_xy,20260415_212047_eb9da4db,1339,42.87999999999882,411.85870694028733,-118.93946270675295,5.863100987323396,-0.3685685232990301,5.874674113848308,0.24477808807701285,-1.009575994125949,-0.3100016147302138,1.4643727132616926,7.321863566308463,1.4428485450057469,0.2482262456661548,0.0,0.0,0.33919970236955815,7.0,0.2916666666666667,7.0,0.2916666666666667,7.0,0.2916666666666667,1.9344368668906302,0.0,0.0,0.0,0.0,0.0,0.12472080121679134,0.0,747.8332975365222,-0.09020631095877457,0.032
raceline_xy,20260415_212047_eb9da4db,1340,42.91199999999882,411.9459739227143,-119.10547029153553,5.847824192907696,-0.390644112946271,5.8608574981939405,0.24420239575808086,-1.0201133424877438,-0.32750300815686506,1.4543333493621167,7.271666746810583,1.4382008101454629,0.24371686127092218,0.0,0.0,0.3394074504317364,7.0,0.2916666666666667,7.0,0.2916666666666667,7.0,0.2916666666666667,1.9289731413225937,0.0,0.0,0.0,0.0,0.0,0.12709280007078982,0.0,760.2682516254531,-0.06176682530930577,0.032
raceline_xy,20260415_212047_eb9da4db,1341,42.943999999998816,412.03286027948906,-119.27185493318783,5.855507920268195,-0.34689669535073353,5.865774486081853,0.24440727025341055,-1.0303718153514203,-0.3193417719934459,1.4347983875507908,7.173991937753954,1.4337930164648922,0.22244166340928961,0.0,0.0,0.33959346754822484,7.0,0.2916666666666667,7.0,0.2916666666666667,7.0,0.2916666666666667,1.9402118727220365,0.0,0.0,0.0,0.0,0.0,0.12075176716292389,0.0,755.8429625263319,-0.07157706452975526,0.032
raceline_xy,20260415_212047_eb9da4db,1342,42.97599999999881,412.1205209095437,-119.43839677920856,5.874933433278031,-0.27487790266534073,5.8813604469392695,0.24505668528913624,-1.0395311969044125,-0.28609775552344746,1.4048580615675912,7.024290307837956,1.4304563325981885,0.18859366861693072,0.0,0.0,0.33975985128667774,7.0,0.2916666666666667,7.0,0.2916666666666667,7.0,0.2916666666666667,1.9647799768089875,0.0,0.0,0.0,0.0,0.0,0.11587470298506966,0.0,741.815597754657,-0.11601254331582517,0.032
raceline_xy,20260415_212047_eb9da4db,1343,43.00799999999881,412.20780116270055,-119.60567249556263,5.8909019233981885,-0.24885433888593722,5.896155862346147,0.24567316093108946,-1.0476622691989843,-0.25466198546351865,1.3655915165524293,6.827957582762146,1.4291408686308955,0.14298125098825798,0.0,0.0,0.33997668591196234,7.0,0.2916666666666667,7.0,0.2916666666666667,7.0,0.2916666666666667,2.0014500930152552,0.0,0.0,0.0,0.0,0.0,0.11465700231308233,0.0,728.4997238884675,-0.29075029049494483,0.032
raceline_xy,20260415_212047_eb9da4db,1344,43.039999999998805,412.29301885052075,-119.77425287440171,5.896370564438786,-0.2791552611896315,5.902974969710613,0.24595729040460887,-1.0554487073616436,-0.24386754051100437,1.3218972075626183,6.609486037813091,1.4280850487740686,0.10202692030645011,0.0,0.0,0.3401590244134061,7.0,0.2916666666666667,7.0,0.2916666666666667,7.0,0.2916666666666667,2.033130117345353,0.0,0.0,0.0,0.0,0.0,0.11647450694725375,0.0,722.3625272604482,-0.30267355483962344,0.032
raceline_xy,20260415_212047_eb9da4db,1345,43.0719999999988,412.3748680054151,-119.94417763989442,5.884106949058933,-0.3423952326696993,5.894060491996885,0.24558585383320353,-1.0637885283674415,-0.2605473146557335,1.2804341317254648,6.402170658627324,1.4253957292610373,0.07505915697566579,0.0,0.0,0.3402637378960483,7.0,0.2916666666666667,7.0,0.2916666666666667,7.0,0.2916666666666667,2.05044359223902,0.0,0.0,0.0,0.0,0.0,0.12227378557784842,0.0,730.3855572028034,-0.14572821907600508,0.032
raceline_xy,20260415_212047_eb9da4db,1346,43.1039999999988,412.45400220577613,-120.11483253561057,5.866476591366423,-0.37472926126049755,5.878432581589674,0.24493469089956976,-1.0728109988850596,-0.28144357446294327,1.2477673730681835,6.238836865340917,1.4219637241939882,0.050638699644782736,0.0,0.0,0.3403792003400615,7.0,0.2916666666666667,7.0,0.2916666666666667,7.0,0.2916666666666667,2.064306450751867,0.0,0.0,0.0,0.0,0.0,0.1259188964248755,0.0,744.4506765692927,-0.11461519243408383,0.032
raceline_xy,20260415_212047_eb9da4db,1347,43.135999999998795,412.53106291228283,-120.28603690737626,5.854557385760078,-0.3837835901926949,5.867122977001511,0.24446345737506295,-1.0823920737416621,-0.29869418963214533,1.2274795390447761,6.13739769522388,1.416965082874019,0.03532635947101426,0.0,0.0,0.3404488251280959,7.0,0.2916666666666667,7.0,0.2916666666666667,7.0,0.2916666666666667,2.0691974073870334,0.0,0.0,0.0,0.0,0.0,0.12568907671065147,0.0,754.6293206986397,0.04322100802295206,0.032
raceline_xy,20260415_212047_eb9da4db,1348,43.16799999999879,412.6075342264755,-120.45761283619426,5.859755244190547,-0.3498687817400601,5.870190770857016,0.24459128211904232,-1.0918881432320302,-0.29639230768486813,1.2203164212111786,6.101582106055893,1.4120397300118501,0.023434602557965256,0.0,0.0,0.3405148276624816,7.0,0.2916666666666667,7.0,0.2916666666666667,7.0,0.2916666666666667,2.0707096168051073,0.0,0.0,0.0,0.0,0.0,0.12089242810531027,0.0,751.8683062286856,0.04727231888057559,0.032
raceline_xy,20260415_212047_eb9da4db,1349,43.19999999999879,412.6851884561241,-120.62906859088123,5.875882580925125,-0.2663280623153179,5.8819152273384505,0.2450798011391021,-1.100229467029882,-0.26138561005461525,1.2209321436464413,6.104660718232206,1.4092017762673006,0.01838221835525644,0.0,0.0,0.34064564522653723,7.0,0.2916666666666667,7.0,0.2916666666666667,7.0,0.2916666666666667,2.0655401614291193,0.0,0.0,0.0,0.0,0.0,0.11702649984304496,0.0,741.3162953953941,-0.12913962096354176,0.032
raceline_xy,20260415_212047_eb9da4db,1350,43.231999999998784,412.7629857339605,-120.80079008166481,5.887059083456883,-0.2241320294702529,5.891324114216315,0.24547183809234643,-1.1073608336185297,-0.22428219581685305,1.2313604422417161,6.15680221120858,1.407540863705253,0.022086202198841498,0.0,0.0,0.34079046101969335,7.0,0.2916666666666667,7.0,0.2916666666666667,7.0,0.2916666666666667,2.052699396126962,0.0,0.0,0.0,0.0,0.0,0.1168186355432523,0.0,732.8482972053164,-0.1772639261548459,0.032
raceline_xy,20260415_212047_eb9da4db,1351,43.26399999999878,412.83958336451303,-120.97342333527642,5.897407466890015,-0.23241733029767264,5.901985483373608,0.24591606180723366,-1.1138028789947159,-0.20282749676351908,1.245623593693414,6.228117968467069,1.405632773847577,0.022876361057133643,0.0,0.0,0.3408737661753094,7.0,0.2916666666666667,7.0,0.2916666666666667,7.0,0.2916666666666667,2.0444275622259163,0.0,0.0,0.0,0.0,0.0,0.11537175928435879,0.0,723.2530649637528,-0.07020895114687542,0.032
raceline_xy,20260415_212047_eb9da4db,1352,43.29599999999878,412.91388478934033,-121.14712995971117,5.8977615076873064,-0.2729574217128201,5.904074572329364,0.24600310718039017,-1.1203578927661675,-0.20593493989712497,1.260469021539506,6.30234510769753,1.4044791093187037,0.033056484005076214,0.0,0.0,0.34107327593552816,7.0,0.2916666666666667,7.0,0.2916666666666667,7.0,0.2916666666666667,2.025558911973559,0.0,0.0,0.0,0.0,0.0,0.11784377704071912,0.0,721.3728849035721,-0.19080840876494903,0.032
raceline_xy,20260415_212047_eb9da4db,1353,43.327999999998774,412.9874491404788,-121.32135120584778,5.903999046028417,-0.26327356139797775,5.909866132463208,0.24624442218596698,-1.1266971441444649,-0.1992070736682828,1.2739636120858961,6.3698180604294805,1.4043689204312884,0.046316038778598134,0.0,0.0,0.34125351261235815,7.0,0.2916666666666667,7.0,0.2916666666666667,7.0,0.2916666666666667,2.002652659224448,0.0,0.0,0.0,0.0,0.0,0.11611339034431631,0.0,716.1604807831128,-0.34834964654206646,0.032
raceline_xy,20260415_212047_eb9da4db,1354,43.35999999999877,413.05982329495,-121.49611506814112,5.905136814052568,-0.2667941020606497,5.911160620857232,0.24629835920238466,-1.1330231981276504,-0.19864334199012926,1.285308322731563,6.426541613657815,1.4033472503287001,0.05317120325233482,0.0,0.0,0.341374639546452,7.0,0.2916666666666667,7.0,0.2916666666666667,7.0,0.2916666666666667,1.9871964883335433,0.0,0.0,0.0,0.0,0.0,0.11739057091200139,0.0,714.9954412284908,-0.23100540428848226,0.032
raceline_xy,20260415_212047_eb9da4db,1355,43.39199999999877,413.12942267753164,-121.6715704786632,5.890298162378631,-0.3130709941321792,5.8986122002627015,0.24577550834427922,-1.140056303873859,-0.22012978670759412,1.2968357511303181,6.48417875565159,1.402390123296085,0.06393542724394186,0.0,0.0,0.341575259695861,7.0,0.2916666666666667,7.0,0.2916666666666667,7.0,0.2916666666666667,1.9658812556691174,0.0,0.0,0.0,0.0,0.0,0.12295877360978334,0.0,726.2890197635683,-0.33871943001691573,0.032
raceline_xy,20260415_212047_eb9da4db,1356,43.42399999999876,413.19682747013826,-121.84733309948034,5.873146176910657,-0.3339576957595507,5.882633233333292,0.24510971805555382,-1.1477947198455114,-0.2417522008291264,1.3075654737112614,6.537827368556306,1.3998271814373862,0.06803900001103136,0.0,0.0,0.3417209119720811,7.0,0.2916666666666667,7.0,0.2916666666666667,7.0,0.2916666666666667,1.9516233809100818,0.0,0.0,0.0,0.0,0.0,0.12561273706544474,0.0,740.6700900000371,-0.17910962893715127,0.032
raceline_xy,20260415_212047_eb9da4db,1357,43.45599999999876,413.2620235078943,-122.0232505432999,5.852392464324781,-0.34932787222802375,5.862808842082509,0.24428370175343786,-1.1562645792604687,-0.26422733495983447,1.3180566086423724,6.590283043211862,1.3964749950666846,0.07171670304757072,0.0,0.0,0.3418755254692967,7.0,0.2916666666666667,7.0,0.2916666666666667,7.0,0.2916666666666667,1.9370029402021522,0.0,0.0,0.0,0.0,0.0,0.1287770468997012,0.0,758.5120421257417,-0.14915778931899393,0.032
raceline_xy,20260415_212047_eb9da4db,1358,43.487999999998756,413.3249177726065,-122.19943592043,5.8346831199734535,-0.364972306985478,5.846086887429014,0.2435869536428756,-1.1654479839062688,-0.28617405121313155,1.3283368687298212,6.641684343649105,1.3923529767912592,0.07491448158244385,0.0,0.0,0.3420386252070791,7.0,0.2916666666666667,7.0,0.2916666666666667,7.0,0.2916666666666667,1.9220967878863782,0.0,0.0,0.0,0.0,0.0,0.1294630089737446,0.0,773.5618013138867,-0.11794084664956656,0.032
raceline_xy,20260415_212047_eb9da4db,1359,43.51999999999875,413.3856183309679,-122.37597479523433,5.821766905164692,-0.37516760417850326,5.83384269836751,0.24307677909864625,-1.1752694023658763,-0.3058319437937606,1.3384913975869879,6.692456987934939,1.3875398776089893,0.07763004995977996,0.0,0.0,0.34220974374443863,7.0,0.2916666666666667,7.0,0.2916666666666667,7.0,0.2916666666666667,1.9069892540038236,0.0,0.0,0.0,0.0,0.0,0.12927588194333653,0.0,784.5815714692404,-0.08835940231017472,0.032
raceline_xy,20260415_212047_eb9da4db,1360,43.55199999999875,413.4455973441899,-122.55281939169278,5.825530241808552,-0.34261928178709056,5.835596847836416,0.24314986865985067,-1.1850632074541525,-0.3051774729751728,1.3474544813043547,6.7372724065217735,1.382716490450849,0.08044177735052171,0.0,0.0,0.3423884218320621,7.0,0.2916666666666667,7.0,0.2916666666666667,7.0,0.2916666666666667,1.8917739545230905,0.0,0.0,0.0,0.0,0.0,0.12472774035516176,0.0,783.0028369472252,-0.0871928388877759,0.032
raceline_xy,20260415_212047_eb9da4db,1361,43.583999999998746,413.5056715411482,-122.73003827000133,5.8403794688648,-0.29108609953705145,5.847628874824494,0.24365120311768726,-1.1941706047257652,-0.2842798530540259,1.3532747612794267,6.766373806397133,1.3778153287222281,0.07763202124935553,0.0,0.0,0.34248045460643833,7.0,0.2916666666666667,7.0,0.2916666666666667,7.0,0.2916666666666667,1.8841587209711763,0.0,0.0,0.0,0.0,0.0,0.1203247329586007,0.0,772.174012657955,0.017694351837863803,0.032
raceline_xy,20260415_212047_eb9da4db,1362,43.61599999999874,413.5649180795268,-122.9079512639973,5.853568924132931,-0.2734543487581491,5.859952766911138,0.24416469862129742,-1.2026562615712537,-0.2651702516734126,1.3573290274559902,6.78664513727995,1.374254470716508,0.08166031659371287,0.0,0.0,0.34266963062448613,7.0,0.2916666666666667,7.0,0.2916666666666667,7.0,0.2916666666666667,1.8689881879734145,0.0,0.0,0.0,0.0,0.0,0.1190134597987211,0.0,761.0825097799755,-0.12889461941097458,0.032
raceline_xy,20260415_212047_eb9da4db,1363,43.64799999999874,413.6244695152692,-123.08618159483014,5.868058200598629,-0.22512259252579736,5.8723749222336235,0.24468228842640097,-1.2099870340861658,-0.22973163170261293,1.359862765632991,6.799313828164954,1.3718215171806332,0.0866239795262258,0.0,0.0,0.34286525877795077,7.0,0.2916666666666667,7.0,0.2916666666666667,7.0,0.2916666666666667,1.8540140396238982,0.0,0.0,0.0,0.0,0.0,0.11775295916059456,0.0,749.9025699897385,-0.1748211387854016,0.032
raceline_xy,20260415_212047_eb9da4db,1364,43.679999999998735,413.6824226683509,-123.26525344645357,5.876814250700304,-0.240972449938903,5.881752583955205,0.24507302433146685,-1.2168224208557068,-0.21426319079226383,1.361029743766493,6.8051487188324655,1.3698464033693067,0.09027996111980396,0.0,0.0,0.3430244685509312,7.0,0.2916666666666667,7.0,0.2916666666666667,7.0,0.2916666666666667,1.8408263425926794,0.0,0.0,0.0,0.0,0.0,0.11777597490044059,0.0,741.4626744403154,-0.1911658195975088,0.032
raceline_xy,20260415_212047_eb9da4db,1365,43.71199999999873,413.7380147471829,-123.44509510343897,5.875877735195553,-0.27764513156618054,5.882433678168351,0.2451014032570146,-1.2237800503808849,-0.21777490007458802,1.3618902116039608,6.809451058019804,1.3677032864805412,0.09289627141792067,0.0,0.0,0.3431679325839582,7.0,0.2916666666666667,7.0,0.2916666666666667,7.0,0.2916666666666667,1.828546022080623,0.0,0.0,0.0,0.0,0.0,0.12042622391972518,0.0,740.8496896484841,-0.183113092652473,0.032
raceline_xy,20260415_212047_eb9da4db,1366,43.74399999999873,413.7910019066057,-123.62551512621204,5.867730278654036,-0.3162843379404381,5.876248327416039,0.2448436803090016,-1.2312903375789426,-0.23460822162542297,1.3634514947369059,6.817257473684529,1.3649569978677567,0.09474931399887776,0.0,0.0,0.34331398531885793,7.0,0.2916666666666667,7.0,0.2916666666666667,7.0,0.2916666666666667,1.816472550586183,0.0,0.0,0.0,0.0,0.0,0.12318433769590965,0.0,746.4165053255648,-0.15840974415441111,0.032
raceline_xy,20260415_212047_eb9da4db,1367,43.775999999998724,413.8417906843559,-123.80628435675942,5.858072608861894,-0.3371372634237393,5.8677658631788345,0.24449024429911811,-1.2394109100052777,-0.2533443164082361,1.3652576850169784,6.826288425084892,1.3615509507018224,0.09582079443724423,0.0,0.0,0.34346245253030117,7.0,0.2916666666666667,7.0,0.2916666666666667,7.0,0.2916666666666667,1.8045705529672684,0.0,0.0,0.0,0.0,0.0,0.12474194961942167,0.0,754.0507231390485,-0.13232139268137733,0.032
raceline_xy,20260415_212047_eb9da4db,1368,43.80799999999872,413.8910376941636,-123.9872965204754,5.852647773037733,-0.33526396222512367,5.862242564037284,0.24426010683488683,-1.2479395202833552,-0.26596580592719926,1.3666716621937938,6.833358310968968,1.357692626065444,0.09634955780255483,0.0,0.0,0.3436131590456396,7.0,0.2916666666666667,7.0,0.2916666666666667,7.0,0.2916666666666667,1.7928046569913771,0.0,0.0,0.0,0.0,0.0,0.12436401714204354,0.0,759.0216923664443,-0.11505812887056907,0.032
raceline_xy,20260415_212047_eb9da4db,1369,43.83999999999872,413.93932025708574,-124.16858846623346,5.854306992564538,-0.3164023029031531,5.8628509089411835,0.244285454539216,-1.2565194778841988,-0.2676634686157509,1.3671882586568347,6.835941293284173,1.3537452353187867,0.09672668289548225,0.0,0.0,0.3437659289151952,7.0,0.2916666666666667,7.0,0.2916666666666667,7.0,0.2916666666666667,1.7811405634518134,0.0,0.0,0.0,0.0,0.0,0.12238765223235412,0.0,758.4741819529344,-0.13651901542418926,0.032
raceline_xy,20260415_212047_eb9da4db,1370,43.871999999998714,413.98692941858667,-124.35025748063372,5.861622127948683,-0.2915478316121669,5.868868213631603,0.24453617556798346,-1.26479716485218,-0.25846571142919095,1.366600801786606,6.83300400893303,1.3500669826767489,0.09733842982253904,0.0,0.0,0.3439205855613935,7.0,0.2916666666666667,7.0,0.2916666666666667,7.0,0.2916666666666667,1.769545719086716,0.0,0.0,0.0,0.0,0.0,0.12010163913471522,0.0,753.0586077315569,-0.15616201376000446,0.032
raceline_xy,20260415_212047_eb9da4db,1371,43.90399999999871,414.0331107303024,-124.53244442067451,5.866173457768238,-0.29133589785558245,5.873403412162653,0.24472514217344388,-1.2729192089867665,-0.2536540380536022,1.3657242102648124,6.8286210513240615,1.3465067311001828,0.09806946479010792,0.0,0.0,0.3440769519109737,7.0,0.2916666666666667,7.0,0.2916666666666667,7.0,0.2916666666666667,1.7579889185897195,0.0,0.0,0.0,0.0,0.0,0.12011581265494424,0.0,748.9769290536119,-0.16182112433566465,0.032
raceline_xy,20260415_212047_eb9da4db,1372,43.93599999999871,414.0774211154284,-124.7151326811988,5.8666728963549355,-0.30383174855410333,5.874535267087521,0.24477230279531337,-1.2811017790127202,-0.2554548492191719,1.3650361315612498,6.825180657806249,1.3428444160162787,0.0985812835164328,0.0,0.0,0.344234850513744,7.0,0.2916666666666667,7.0,0.2916666666666667,7.0,0.2916666666666667,1.746592633625484,0.0,0.0,0.0,0.0,0.0,0.12106730389431425,0.0,747.9582596212308,-0.15909716755047873,0.032
raceline_xy,20260415_212047_eb9da4db,1373,43.9679999999987,414.11980568420677,-124.89824751649,5.865106483624713,-0.3162755123184948,5.873627862228673,0.24473449425952806,-1.289464780954134,-0.2609702062775073,1.364626853785796,6.823134268928979,1.338958988108061,0.09890803845651508,0.0,0.0,0.3443941036507627,7.0,0.2916666666666667,7.0,0.2916666666666667,7.0,0.2916666666666667,1.735202963055124,0.0,0.0,0.0,0.0,0.0,0.12179440565775121,0.0,748.7749239941936,-0.15263633015344902,0.032
raceline_xy,20260415_212047_eb9da4db,1374,43.9999999999987,414.16044864501225,-125.08172122062022,5.8637276584458204,-0.32165778694301883,5.872543382923926,0.24468930762183025,-1.2979967642913408,-0.26618037089038016,1.3643548146224387,6.821774073112193,1.334863030636079,0.09905954988446197,0.0,0.0,0.3445545334343758,7.0,0.2916666666666667,7.0,0.2916666666666667,7.0,0.2916666666666667,1.7238217350743879,0.0,0.0,0.0,0.0,0.0,0.12195710487326494,0.0,749.7509553684664,-0.147929518056413,0.032
raceline_xy,20260415_212047_eb9da4db,1375,44.031999999998696,414.19951628431494,-125.26553127191659,5.863578208079674,-0.32129286452382266,5.872374179755644,0.2446822574898185,-1.306629339313874,-0.26931651207580515,1.36409971722652,6.820498586132599,1.3306265608242347,0.0990990481235281,0.0,0.0,0.3447159619021956,7.0,0.2916666666666667,7.0,0.2916666666666667,7.0,0.2916666666666667,1.7124542977641148,0.0,0.0,0.0,0.0,0.0,0.12168783219427932,0.0,749.9032382199201,-0.14699823708648443,0.032
raceline_xy,20260415_212047_eb9da4db,1376,44.06399999999869,414.23712648715747,-125.44968452213554,5.865001908828916,-0.31736738770098727,5.87358233528253,0.24473259730343874,-1.3152743942964409,-0.26975373711917533,1.363784368179928,6.818921840899639,1.3263393002062216,0.09910590950061327,0.0,0.0,0.34487821110685096,7.0,0.2916666666666667,7.0,0.2916666666666667,7.0,0.2916666666666667,1.7011095546862778,0.0,0.0,0.0,0.0,0.0,0.1211378002048778,0.0,748.815898245723,-0.1505084503310473,0.032
raceline_xy,20260415_212047_eb9da4db,1377,44.09599999999869,414.27326201666256,-125.63419735734051,5.867150798526439,-0.3142748692642452,5.87556186131169,0.24481507755465373,-1.3238871337305191,-0.2688028328577422,1.3634530933835995,6.8172654669179975,1.322046585842803,0.09911254257414015,0.0,0.0,0.3450411032031485,7.0,0.2916666666666667,7.0,0.2916666666666667,7.0,0.2916666666666667,1.6898000404506763,0.0,0.0,0.0,0.0,0.0,0.12070077384603015,0.0,747.0343248194788,-0.15654940048415703,0.032
raceline_xy,20260415_212047_eb9da4db,1378,44.127999999998686,414.30779570697365,-125.81907348553274,5.868852188932209,-0.3151266040377698,5.87730642319309,0.24488776763304543,-1.3324875611523859,-0.2684476217819317,1.363242840815404,6.81621420407702,1.3177278563703538,0.09908281190541102,0.0,0.0,0.34520446053415604,7.0,0.2916666666666667,7.0,0.2916666666666667,7.0,0.2916666666666667,1.6818024041192947,0.0,0.0,0.0,0.0,0.0,0.1206014885159464,0.0,745.4642191262184,-0.1624552713894645,0.032
raceline_xy,20260415_212047_eb9da4db,1379,44.15999999999868,414.34057961398486,-126.00429338556887,5.869371145760749,-0.3200458444636166,5.878090420302097,0.24492043417925405,-1.3411366465546526,-0.269954693516878,1.363294585907468,6.8164729295373405,1.3133211847749626,0.09893577031873813,0.0,0.0,0.34536810571763893,7.0,0.2916666666666667,7.0,0.2916666666666667,7.0,0.2916666666666667,1.6792714644411055,0.0,0.0,0.0,0.0,0.0,0.12082404929352762,0.0,744.758621728112,-0.16665254001892818,0.032
raceline_xy,20260415_212047_eb9da4db,1380,44.19199999999868,414.37155406513375,-126.18982256591147,5.868984876573877,-0.32600219019329957,5.878032060942141,0.24491800253925589,-1.3498805443280624,-0.2728851163645538,1.3636473883464186,6.818236941732093,1.3087796400425438,0.09860132940752431,0.0,0.0,0.34553186114434886,7.0,0.2916666666666667,7.0,0.2916666666666667,7.0,0.2916666666666667,1.6766687383346381,0.0,0.0,0.0,0.0,0.0,0.1210930632667143,0.0,744.8111451520725,-0.16993550707007604,0.032
raceline_xy,20260415_212047_eb9da4db,1381,44.223999999998675,414.4006801885227,-126.37562546580719,5.867852719496228,-0.33217769863320834,5.8772474476721275,0.24488531031967198,-1.3587541616644674,-0.2768972745922551,1.3640969484635779,6.820484742317889,1.3040679292735593,0.0978809110813339,0.0,0.0,0.34569016322234336,7.0,0.2916666666666667,7.0,0.2916666666666667,7.0,0.2916666666666667,1.6741425076112082,0.0,0.0,0.0,0.0,0.0,0.1213976943273387,0.0,745.5172970950849,-0.1727299558355827,0.032
raceline_xy,20260415_212047_eb9da4db,1382,44.25599999999867,414.4279345259062,-126.56167041714234,5.866226200223532,-0.3380321984916428,5.875957419808802,0.24483155915870006,-1.3677778751364493,-0.2815461283441647,1.3648372787605088,6.8241863938025435,1.2991654895634515,0.09689990666526604,0.0,0.0,0.3458483706771002,7.0,0.2916666666666667,7.0,0.2916666666666667,7.0,0.2916666666666667,1.6715465998454728,0.0,0.0,0.0,0.0,0.0,0.12168334914621798,0.0,746.6783221720782,-0.1755765697278393,0.032
raceline_xy,20260415_212047_eb9da4db,1383,44.28799999999867,414.4532979160072,-126.74793103512685,5.864313836207057,-0.34343188244876677,5.874361431458897,0.24476505964412074,-1.3769610341957272,-0.28649211737888,1.3659085311374515,6.829542655687257,1.2940629089966018,0.09565445423943686,0.0,0.0,0.3460064498346854,7.0,0.2916666666666667,7.0,0.2916666666666667,7.0,0.2916666666666667,1.668954822942766,0.0,0.0,0.0,0.0,0.0,0.1219369646449142,0.0,748.1147116869919,-0.17049925256923865,0.032
raceline_xy,20260415_212047_eb9da4db,1384,44.319999999998664,414.47674419902467,-126.93438717494071,5.862283695276281,-0.34862319535641195,5.872640654445208,0.24469336060188365,-1.3863071020893507,-0.2915522247360231,1.36724060993963,6.836203049698149,1.2883346861262792,0.09023956265726252,0.0,0.0,0.3460854306269877,7.0,0.2916666666666667,7.0,0.2916666666666667,7.0,0.2916666666666667,1.6676124664757621,0.0,0.0,0.0,0.0,0.0,0.12214631802670242,0.0,749.6634109993125,-0.0027662301001272205,0.032
raceline_xy,20260415_212047_eb9da4db,1385,44.35199999999866,414.4984063112183,-127.12104898374815,5.861947436637471,-0.3490357099507576,5.872329493201267,0.2446803955500528,-1.3957906762531604,-0.2958570812989093,1.3687326208130897,6.843663104065448,1.2828644636604274,0.08854635684829226,0.0,0.0,0.34624325299688236,7.0,0.2916666666666667,7.0,0.2916666666666667,7.0,0.2916666666666667,1.664828390180709,0.0,0.0,0.0,0.0,0.0,0.12173661806180605,0.0,749.9434561188592,-0.1607517332184932,0.032
raceline_xy,20260415_212047_eb9da4db,1386,44.38399999999866,414.5210563900489,-127.30800911074488,5.878980215904185,-0.2710057239671715,5.885223231230552,0.24521763463460633,-1.4041698279803185,-0.2622128607889364,1.367788833675859,6.838944168379295,1.2784835844047127,0.08786605537333436,0.0,0.0,0.3464008605184154,7.0,0.2916666666666667,7.0,0.2916666666666667,7.0,0.2916666666666667,1.6619034923447966,0.0,0.0,0.0,0.0,0.0,0.11633360697402384,0.0,738.3390918925029,-0.22212828962013376,0.032
raceline_xy,20260415_212047_eb9da4db,1387,44.415999999998654,414.541840752412,-127.49542500416878,5.885816266373869,-0.28374498893993694,5.89265172399148,0.24552715516631166,-1.4121769936067285,-0.2506353652566905,1.36726458994102,6.8363229497051,1.2744394970966972,0.08747154323205475,0.0,0.0,0.34655821768751693,7.0,0.2916666666666667,7.0,0.2916666666666667,7.0,0.2916666666666667,1.658828044858149,0.0,0.0,0.0,0.0,0.0,0.11730607533705348,0.0,731.6534484076676,-0.24873862663493823,0.032
raceline_xy,20260415_212047_eb9da4db,1388,44.44799999999865,414.55926139421706,-127.6829894222197,5.876873429723867,-0.33851519988984047,5.886614803904773,0.24527561682936552,-1.4206461776745942,-0.2646099567872529,1.3686204564520024,6.843102282260012,1.2698821000085134,0.08653410892423263,0.0,0.0,0.34671528852915395,7.0,0.2916666666666667,7.0,0.2916666666666667,7.0,0.2916666666666667,1.6555926311092772,0.0,0.0,0.0,0.0,0.0,0.12211167194052348,0.0,737.0866764857042,-0.24085986395744022,0.032
raceline_xy,20260415_212047_eb9da4db,1389,44.47999999999865,414.57395994106093,-127.87043972658655,5.864209380053489,-0.368928961022427,5.87580294354639,0.24482512264776624,-1.429714248186421,-0.28298165851011964,1.3712127109481367,6.856063554740683,1.2646761068398362,0.08499188424327464,0.0,0.0,0.3468720366187096,7.0,0.2916666666666667,7.0,0.2916666666666667,7.0,0.2916666666666667,1.65214354125803,0.0,0.0,0.0,0.0,0.0,0.12467421495090215,0.0,746.8173508082489,-0.23075558964790288,0.032
raceline_xy,20260415_212047_eb9da4db,1390,44.51199999999864,414.58624116714606,-128.05766150208657,5.850522820337041,-0.38618153919283826,5.8632545102952704,0.24430227126230294,-1.4393805410241227,-0.30143000815369153,1.3747522211438215,6.873761105719107,1.2588233651585963,0.08300286656044875,0.0,0.0,0.3470284251025174,7.0,0.2916666666666667,7.0,0.2916666666666667,7.0,0.2916666666666667,1.648289323780145,0.0,0.0,0.0,0.0,0.0,0.12645918887174298,0.0,758.1109407342562,-0.22180704597067608,0.032
raceline_xy,20260415_212047_eb9da4db,1391,44.54399999999864,414.59609884726353,-128.2446134199901,5.836649620672579,-0.40033797857950393,5.850363176042191,0.2437651323350913,-1.449633575515883,-0.31956311383521085,1.3792667128257685,6.896333564128843,1.252335263488919,0.08036638012605923,0.0,0.0,0.34718441671760053,7.0,0.2916666666666667,7.0,0.2916666666666667,7.0,0.2916666666666667,1.6442261196424557,0.0,0.0,0.0,0.0,0.0,0.12784258752591032,0.0,769.7131415620274,-0.21311230579367108,0.032
raceline_xy,20260415_212047_eb9da4db,1392,44.575999999998636,414.603437257626,-128.43127880096824,5.82307264376853,-0.41439353076331886,5.837798987027894,0.2432416244594956,-1.4604590798851658,-0.33727947212708737,1.3848740987901675,6.924370493950837,1.245225703315059,0.07710974676671256,0.0,0.0,0.3473399738106642,7.0,0.2916666666666667,7.0,0.2916666666666667,7.0,0.2916666666666667,1.6399306186910927,0.0,0.0,0.0,0.0,0.0,0.12898420935120625,0.0,781.0209116748947,-0.20436577369185438,0.032
raceline_xy,20260415_212047_eb9da4db,1393,44.60799999999863,414.6084724630522,-128.617715271529,5.81313174281304,-0.4197143742733583,5.828263962388136,0.24284433176617234,-1.4717192631204137,-0.3508056810247097,1.3913855117841885,6.956927558920942,1.2376356771082566,0.07338349472812356,0.0,0.0,0.3474950583563888,7.0,0.2916666666666667,7.0,0.2916666666666667,7.0,0.2916666666666667,1.6353802696732629,0.0,0.0,0.0,0.0,0.0,0.12898156292349902,0.0,789.6024338506771,-0.20127583569503016,0.032
raceline_xy,20260415_212047_eb9da4db,1394,44.63999999999863,414.611450265834,-128.80404141281082,5.808510300960937,-0.4166612336409472,5.823435283403475,0.24264313680847813,-1.4832057853031757,-0.3579493781142311,1.398581506929001,6.992907534645005,1.229777987370774,0.06940843293593568,0.0,0.0,0.34764963197506926,7.0,0.2916666666666667,7.0,0.2916666666666667,7.0,0.2916666666666667,1.6305532127285165,0.0,0.0,0.0,0.0,0.0,0.12798886912576263,0.0,793.9482449368722,-0.20673105642060302,0.032
raceline_xy,20260415_212047_eb9da4db,1395,44.671999999998626,414.6123587523883,-128.9903358281149,5.807046232923519,-0.4137806092482644,5.821769519991418,0.2425737299996424,-1.4947850564678062,-0.3609667851745661,1.406490820605962,7.03245410302981,1.2217876328849728,0.06533039458021594,0.0,0.0,0.34780365594964685,7.0,0.2916666666666667,7.0,0.2916666666666667,7.0,0.2916666666666667,1.6254282109625535,0.0,0.0,0.0,0.0,0.0,0.1271653685871175,0.0,795.4474320077237,-0.21729480928957995,0.032
raceline_xy,20260415_212047_eb9da4db,1396,44.70399999999862,414.61103211657706,-129.17660710264897,5.806253486757419,-0.4158294242476241,5.821124776411582,0.24254686568381592,-1.506422826727785,-0.36290051190565653,1.4152882220114364,7.076441110057182,1.213698311832168,0.061195687527486164,0.0,0.0,0.34795709124217666,7.0,0.2916666666666667,7.0,0.2916666666666667,7.0,0.2916666666666667,1.6199845812846227,0.0,0.0,0.0,0.0,0.0,0.1269101295039519,0.0,796.0277012295755,-0.22888831421231892,0.032
raceline_xy,20260415_212047_eb9da4db,1397,44.73599999999862,414.6072631174925,-129.36281097788324,5.804615527171445,-0.4237567363956269,5.820062816664482,0.24250261736102008,-1.5181606783702764,-0.3660920418981315,1.4251864508605523,7.125932254302761,1.2054667910404717,0.05697464108036243,0.0,0.0,0.3481098985097748,7.0,0.2916666666666667,7.0,0.2916666666666667,7.0,0.2916666666666667,1.6142021246991174,0.0,0.0,0.0,0.0,0.0,0.12714564357118519,0.0,796.9834650019659,-0.2385428504021844,0.032
raceline_xy,20260415_212047_eb9da4db,1398,44.767999999998615,414.60088468673877,-129.54884605871055,5.800661184581842,-0.4358442430508785,5.817012152515672,0.24237550635481966,-1.5300729994175275,-0.37156837643381624,1.4362971284022354,7.181485642011177,1.1970164529326297,0.052675465335501936,0.0,0.0,0.3482649620002902,7.0,0.2916666666666667,7.0,0.2916666666666667,7.0,0.2916666666666667,1.6080036131845752,0.0,0.0,0.0,0.0,0.0,0.1280691294474515,0.0,799.7290627358947,-0.21584543467196174,0.032
raceline_xy,20260415_212047_eb9da4db,1399,44.79999999999861,414.5918568828958,-129.73462950391195,5.795294620093826,-0.44797428549728624,5.8125829623460215,0.24219095676441757,-1.5422050435832233,-0.3784509614749241,1.4486113628341912,7.243056814170956,1.1883010376518772,0.04842021016869458,0.0,0.0,0.34842858911289615,7.0,0.2916666666666667,7.0,0.2916666666666667,7.0,0.2916666666666667,1.6012035290069768,0.0,0.0,0.0,0.0,0.0,0.1289384086557597,0.0,803.7153338885803,-0.14933980081891515,0.032
raceline_xy,20260415_212047_eb9da4db,1400,44.83199999999861,414.58062330936804,-129.92024465567022,5.793953243655467,-0.44590577260243003,5.811086485994325,0.24212860358309687,-1.554434242109052,-0.38160497035272356,1.4618986406758656,7.309493203379327,1.179448103551998,0.044113618339938654,0.0,0.0,0.34859135261760876,7.0,0.2916666666666667,7.0,0.2916666666666667,7.0,0.2916666666666667,1.5940161204797176,0.0,0.0,0.0,0.0,0.0,0.12817008674646688,0.0,805.0621626051069,-0.15114579729886257,0.032
raceline_xy,20260415_212047_eb9da4db,1401,44.863999999998605,414.568385520305,-130.10614339977528,5.807500169889281,-0.4093591971075972,5.821909753295787,0.24257957305399114,-1.5661602532191328,-0.3663028790597264,1.4749120930025679,7.374560465012839,1.1710739152947038,0.04036342348503563,0.0,0.0,0.3487532134769904,7.0,0.2916666666666667,7.0,0.2916666666666667,7.0,0.2916666666666667,1.5864334720355773,0.0,0.0,0.0,0.0,0.0,0.12324866339201014,0.0,795.3212220337911,-0.1793585299180385,0.032
raceline_xy,20260415_212047_eb9da4db,1402,44.8959999999986,414.5548076129168,-130.29238631756743,5.822707837092144,-0.38674450529536525,5.835537496110399,0.24314739567126664,-1.5772492351554206,-0.346742449301565,1.4879266289389792,7.439633144694896,1.163311249084134,0.03731115257231643,0.0,0.0,0.34891413257258486,7.0,0.2916666666666667,7.0,0.2916666666666667,7.0,0.2916666666666667,1.578447535120703,0.0,0.0,0.0,0.0,0.0,0.12102311825550419,0.0,783.0562535006402,-0.21178972290213288,0.032
raceline_xy,20260415_212047_eb9da4db,1403,44.9279999999986,414.53906624351,-130.4787621607414,5.831839600506912,-0.39173821633895617,5.844981775521721,0.24354090731340505,-1.5879851341583526,-0.3358218514069048,1.501714437861536,7.508572189307679,1.1558675760757655,0.0346808664180438,0.0,0.0,0.3490740707212496,7.0,0.2916666666666667,7.0,0.2916666666666667,7.0,0.2916666666666667,1.5700502566819097,0.0,0.0,0.0,0.0,0.0,0.12139546690731151,0.0,774.5564020304505,-0.23132861686328823,0.032
raceline_xy,20260415_212047_eb9da4db,1404,44.959999999998594,414.52052042475503,-130.66492544486584,5.8315442965608355,-0.41650384738490487,5.846399262592116,0.2435999692746715,-1.598788475443051,-0.3378394459641902,1.5168840528742116,7.584420264371057,1.1483130767019745,0.0320603995689126,0.0,0.0,0.34923298869181213,7.0,0.2916666666666667,7.0,0.2916666666666667,7.0,0.2916666666666667,1.5612447381905339,0.0,0.0,0.0,0.0,0.0,0.12376350829388218,0.0,773.2806636670953,-0.23306400332374846,0.032
raceline_xy,20260415_212047_eb9da4db,1405,44.99199999999859,414.4993154434876,-130.8507086123369,5.827160868840224,-0.43558877009985164,5.843418637063397,0.24347577654430821,-1.6098301604150986,-0.3451817710766635,1.533264552661475,7.666322763307375,1.140475726647857,0.02942780159242142,0.0,0.0,0.3493908472221256,7.0,0.2916666666666667,7.0,0.2916666666666667,7.0,0.2916666666666667,1.5519122561479817,0.0,0.0,0.0,0.0,0.0,0.1254330004084482,0.0,775.963226642942,-0.22853072552899803,0.032
raceline_xy,20260415_212047_eb9da4db,1406,45.02399999999859,414.47552746756054,-131.0359839632099,5.819956203827123,-0.45070006245748945,5.837381327338912,0.24322422197245466,-1.6212040713674742,-0.3554577371144447,1.550759201632814,7.75379600816407,1.1322606647206648,0.026977429898444427,0.0,0.0,0.34954760703660154,7.0,0.2916666666666667,7.0,0.2916666666666667,7.0,0.2916666666666667,1.5417965947940475,0.0,0.0,0.0,0.0,0.0,0.12698590788234934,0.0,781.3968053949787,-0.2199408190110626,0.032
raceline_xy,20260415_212047_eb9da4db,1407,45.05599999999858,414.44933913363207,-131.22074319941245,5.813381912061025,-0.4585376532207787,5.831437733089458,0.24297657221206073,-1.632888117169962,-0.3650840663972769,1.569161781318005,7.845808906590024,1.1236915666833323,0.02443768237989019,0.0,0.0,0.34970322886430494,7.0,0.2916666666666667,7.0,0.2916666666666667,7.0,0.2916666666666667,1.5312234949749444,0.0,0.0,0.0,0.0,0.0,0.12754503762709815,0.0,786.7460402194876,-0.2118333437470568,0.032
raceline_xy,20260415_212047_eb9da4db,1408,45.08799999999858,414.4209393260531,-131.4050539143169,5.809555892139496,-0.4593051708476895,5.8276840085800945,0.2428201670241706,-1.6447843314793396,-0.3717010104996772,1.5882553486366042,7.941276743183021,1.114869340149303,0.021992391368551356,0.0,0.0,0.349857673457706,7.0,0.2916666666666667,7.0,0.2916666666666667,7.0,0.2916666666666667,1.5201391177518193,0.0,0.0,0.0,0.0,0.0,0.1272323220597467,0.0,790.1243922779146,-0.20708540994900357,0.032
raceline_xy,20260415_212047_eb9da4db,1409,45.119999999998576,414.390413178191,-131.58898236385636,5.808457208523194,-0.4567492281630716,5.826387817565238,0.24276615906521826,-1.6567909479483927,-0.37517020487659186,1.6079266288472345,8.039633144236172,1.1058976940245682,0.019824241975648693,0.0,0.0,0.3500109016121876,7.0,0.2916666666666667,7.0,0.2916666666666667,7.0,0.2916666666666667,1.5084945139582917,0.0,0.0,0.0,0.0,0.0,0.12659266575318404,0.0,791.2909641912853,-0.2055954730613065,0.032
raceline_xy,20260415_212047_eb9da4db,1410,45.15199999999857,414.357803169633,-131.77258412310346,5.809743225222555,-0.4526671698056457,5.827351363152837,0.24280630679803486,-1.668817870445035,-0.3758426092508328,1.6281069313948275,8.140534656974138,1.0968682198240485,0.018099122657246447,0.0,0.0,0.35016287418641906,7.0,0.2916666666666667,7.0,0.2916666666666667,7.0,0.2916666666666667,1.4962457737325678,0.0,0.0,0.0,0.0,0.0,0.12579110705174457,0.0,790.4237731624464,-0.20694490951406866,0.032
raceline_xy,20260415_212047_eb9da4db,1411,45.18399999999857,414.3230791139932,-131.95587081476478,5.812223663488869,-0.4496728811872073,5.829592577058466,0.24289969071076942,-1.6808165031706075,-0.3749951411114505,1.6488065115827777,8.244032557913888,1.08782992875871,0.01693590995892258,0.0,0.0,0.3503135521237174,7.0,0.2916666666666667,7.0,0.2916666666666667,7.0,0.2916666666666667,1.4833543891482357,0.0,0.0,0.0,0.0,0.0,0.12516995552570287,0.0,788.4066806473804,-0.20945784991501137,0.032
raceline_xy,20260415_212047_eb9da4db,1412,45.215999999998566,414.28619609596376,-132.1388246504524,5.815068422439191,-0.4483907629240719,5.8323301547430475,0.243013756447627,-1.6927712318708759,-0.3736499856149942,1.6700570395164571,8.350285197582284,1.0787982936804816,0.016414412824905966,0.0,0.0,0.35046289647452794,7.0,0.2916666666666667,7.0,0.2916666666666667,7.0,0.2916666666666667,1.4697876440490205,0.0,0.0,0.0,0.0,0.0,0.12474382165400652,0.0,785.9428607312568,-0.21193561646566397,0.032
raceline_xy,20260415_212047_eb9da4db,1413,45.24799999999856,414.2470848237104,-132.32139172652964,5.817323351398138,-0.4495936835125186,5.834670980867424,0.243111290869476,-1.704704020414419,-0.37297389187754165,1.6919227626267124,8.459613813133561,1.0697504924376613,0.01657003186042294,0.0,0.0,0.3506108684201709,7.0,0.2916666666666667,7.0,0.2916666666666667,7.0,0.2916666666666667,1.455508245804909,0.0,0.0,0.0,0.0,0.0,0.12463606473025747,0.0,783.8361172193182,-0.2129063148914744,0.032
raceline_xy,20260415_212047_eb9da4db,1414,45.27999999999856,414.2057080460873,-132.5035125623395,5.818769659028275,-0.4521650493793433,5.836311641499986,0.24317965172916609,-1.7166459853719882,-0.37325725183565034,1.7144434843753877,8.572217421876939,1.0606546664545986,0.017616664884339883,0.0,0.0,0.3507623773910587,7.0,0.2916666666666667,7.0,0.2916666666666667,7.0,0.2916666666666667,1.4402727305589362,0.0,0.0,0.0,0.0,0.0,0.12469244104382576,0.0,782.3595226500123,-0.21211890533635763,0.032
raceline_xy,20260415_212047_eb9da4db,1415,45.311999999998555,414.16208907247005,-132.68515309784576,5.819951011166688,-0.4540864052037178,5.8376385838600005,0.24323494099416668,-1.7286080862907367,-0.37388106925402664,1.7374884207530685,8.687442103765342,1.0514998835048894,0.01996587869318356,0.0,0.0,0.3509257990197815,7.0,0.2916666666666667,7.0,0.2916666666666667,7.0,0.2916666666666667,1.4236583789995176,0.0,0.0,0.0,0.0,0.0,0.12465911071035536,0.0,781.1652745259992,-0.21052184838646862,0.032
raceline_xy,20260415_212047_eb9da4db,1416,45.34399999999855,414.11626420252156,-132.86629407863583,5.821234416421667,-0.4549197552371207,5.838982969202523,0.24329095705010514,-1.7405869898692004,-0.3744025869092737,1.7607862242168593,8.803931121084295,1.0422898053886636,0.02310637597053322,0.0,0.0,0.3510875374056462,7.0,0.2916666666666667,7.0,0.2916666666666667,7.0,0.2916666666666667,1.406179620947185,0.0,0.0,0.0,0.0,0.0,0.12452056562941181,0.0,779.9553277177287,-0.20869195214431674,0.032
raceline_xy,20260415_212047_eb9da4db,1417,45.37599999999855,414.0682701269242,-133.0469255118703,5.822860743920813,-0.4546843477829987,5.840586023612091,0.24335775098383713,-1.7525696367658767,-0.37451910706028274,1.7840954379498386,8.920477189749192,1.0330379553914248,0.027030324880026768,0.0,0.0,0.35124771077930467,7.0,0.2916666666666667,7.0,0.2916666666666667,7.0,0.2916666666666667,1.3878571391207206,0.0,0.0,0.0,0.0,0.0,0.12428102915941307,0.0,778.5125787491177,-0.2024459029638673,0.032
raceline_xy,20260415_212047_eb9da4db,1418,45.407999999998545,414.01815077243134,-133.2270476363176,5.82505236151637,-0.4532247419116433,5.842657587184818,0.24344406613270075,-1.7645337593370272,-0.3739440226773699,1.8071818094768046,9.035909047384022,1.0237672556715722,0.031733277189564646,0.0,0.0,0.35140644152458356,7.0,0.2916666666666667,7.0,0.2916666666666667,7.0,0.2916666666666667,1.3687171859835985,0.0,0.0,0.0,0.0,0.0,0.12392953525222579,0.0,776.6481715336633,-0.19947101362681824,0.032
raceline_xy,20260415_212047_eb9da4db,1419,45.43999999999854,413.96602048844613,-133.4067003796793,5.828505820547195,-0.4483878415123137,5.845727649879748,0.24357198541165617,-1.7764339257265505,-0.3719609296987439,1.8297485490317953,9.148742745158977,1.0145248125178599,0.03719100508834838,0.0,0.0,0.35156385641935084,7.0,0.2916666666666667,7.0,0.2916666666666667,7.0,0.2916666666666667,1.348834322560192,0.0,0.0,0.0,0.0,0.0,0.12331356806973923,0.0,773.885115108226,-0.1994259854543924,0.032
raceline_xy,20260415_212047_eb9da4db,1420,45.47199999999854,413.9119076101946,-133.5858987451905,5.8328901584812956,-0.44316138470207656,5.849700814041605,0.24373753391840022,-1.7882306471082066,-0.36874585541659116,1.8515985835538737,9.257992917769368,1.0053508720661366,0.04307036521508678,0.0,0.0,0.3517200868524282,7.0,0.2916666666666667,7.0,0.2916666666666667,7.0,0.2916666666666667,1.3285876940061865,0.0,0.0,0.0,0.0,0.0,0.12263800560930085,0.0,770.309267362555,-0.2004105237871897,0.032
raceline_xy,20260415_212047_eb9da4db,1421,45.503999999998534,413.85576875703566,-133.76460801477072,5.837168943399566,-0.44004772746054055,5.853732422671162,0.24390551761129842,-1.799925269211009,-0.365563850867572,1.8726238039326428,9.363119019663214,0.9962436414438738,0.04965040007021404,0.0,0.0,0.35187526901131516,7.0,0.2916666666666667,7.0,0.2916666666666667,7.0,0.2916666666666667,1.3077032700465416,0.0,0.0,0.0,0.0,0.0,0.12222061245881843,0.0,766.6808195959538,-0.20069658274812383,0.032
raceline_xy,20260415_212047_eb9da4db,1422,45.53599999999853,413.79756462265976,-133.94277332414094,5.840767022958735,-0.43893479381298883,5.857236820353253,0.24405153418138556,-1.8115433076868568,-0.3631688628055492,1.892064516960367,9.460322584801833,0.987205022266723,0.0664078110870383,0.0,0.0,0.3521063868610628,7.0,0.2916666666666667,7.0,0.2916666666666667,7.0,0.2916666666666667,1.2753536473644864,0.0,0.0,0.0,0.0,0.0,0.12203843050937442,0.0,763.5268616820717,-0.3900948492514964,0.032
raceline_xy,20260415_212047_eb9da4db,1423,45.56799999999853,413.73765408590026,-134.12058657593386,5.848031454266692,-0.4268382946564937,5.863587879436776,0.244316161643199,-1.8229207917407777,-0.35568893440285243,1.9095388386328684,9.547694193164341,0.9783396610138952,0.07446696245551321,0.0,0.0,0.3522595769212671,7.0,0.2916666666666667,7.0,0.2916666666666667,7.0,0.2916666666666667,1.2532372990399985,0.0,0.0,0.0,0.0,0.0,0.12052009397215843,0.0,757.8109085069015,-0.2113455565763843,0.032
raceline_xy,20260415_212047_eb9da4db,1424,45.59999999999852,413.6740122774865,-134.29644564990855,5.82426324166353,-0.4846472700276254,5.844392636069055,0.24351635983621064,-1.8350043940509186,-0.3775383352061648,1.9276663752668282,9.63833187633414,0.9687013431222145,0.08212513576869762,0.0,0.0,0.3524122349970357,7.0,0.2916666666666667,7.0,0.2916666666666667,7.0,0.2916666666666667,1.230799194748574,0.0,0.0,0.0,0.0,0.0,0.13040364258157616,0.0,775.0866275378498,-0.17242330724636876,0.032
raceline_xy,20260415_212047_eb9da4db,1425,45.63199999999852,413.60788254638766,-134.47096308706136,5.810825004870829,-0.4974655470794751,5.832080178440893,0.24300334076837052,-1.847605300954517,-0.39363155291975926,1.944582249281614,9.722911246408069,0.9584970620846525,0.09947910618447775,0.0,0.0,0.35264057399365145,7.0,0.2916666666666667,7.0,0.2916666666666667,7.0,0.2916666666666667,1.1967830410021847,0.0,0.0,0.0,0.0,0.0,0.12947170534315244,0.0,786.1678394031962,-0.32413006400633787,0.032
raceline_xy,20260415_212047_eb9da4db,1426,45.663999999998516,413.54064086991747,-134.6452162388345,5.818532108951971,-0.46114486063611104,5.8367774058461555,0.24319905857692314,-1.8599865059287373,-0.38686630101252945,1.9579134406515692,9.789567203257846,0.9484783450813641,0.10713202206935613,0.0,0.0,0.35279260913286653,7.0,0.2916666666666667,7.0,0.2916666666666667,7.0,0.2916666666666667,1.1740385295591391,0.0,0.0,0.0,0.0,0.0,0.12369115325708599,0.0,781.9403347384597,-0.15346605748040784,0.032
raceline_xy,20260415_212047_eb9da4db,1427,45.69599999999851,413.4701404772663,-134.8177377081133,5.802635543837037,-0.4993036151459007,5.8240778973755765,0.24266991239064903,-1.8728984789874197,-0.4033519331881271,1.9710458788102077,9.855229394051038,0.9378695846948615,0.1141285892512407,0.0,0.0,0.352944085987947,7.0,0.2916666666666667,7.0,0.2916666666666667,7.0,0.2916666666666667,1.1514207446316187,0.0,0.0,0.0,0.0,0.0,0.1303848845568739,0.0,793.3698923619808,-0.11963558508038302,0.032
raceline_xy,20260415_212047_eb9da4db,1428,45.72799999999851,413.39865045460107,-134.99009543093024,5.813186206320832,-0.45697363094654486,5.831119855459949,0.24296332731083123,-1.8855277406955446,-0.3946209321520725,1.9800582024784406,9.900291012392202,0.9274966442835444,0.13040258307489516,0.0,0.0,0.35316314867490334,7.0,0.2916666666666667,7.0,0.2916666666666667,7.0,0.2916666666666667,1.1184564004610547,0.0,0.0,0.0,0.0,0.0,0.1235185224080985,0.0,787.0321300860453,-0.29428896292723417,0.032
raceline_xy,20260415_212047_eb9da4db,1429,45.759999999998506,413.32585457286757,-135.16226753144454,5.82591231598594,-0.42690976235426326,5.841532868926617,0.24339720287194236,-1.8976625419590576,-0.3792501460133827,1.9863099230873917,9.931549615436959,0.917611308808322,0.13716045500622842,0.0,0.0,0.3533098606211916,7.0,0.2916666666666667,7.0,0.2916666666666667,7.0,0.2916666666666667,1.0968583167961494,0.0,0.0,0.0,0.0,0.0,0.12143417926793133,0.0,777.6604179660444,-0.14209441230342892,0.032
raceline_xy,20260415_212047_eb9da4db,1430,45.7919999999985,413.24988142102836,-135.33298985032604,5.821053879145208,-0.46364667822062366,5.839489404574384,0.24331205852393267,-1.9100107305677714,-0.385855485301877,1.9908407344572163,9.95420367228608,0.9074170470768106,0.1524090218302825,0.0,0.0,0.35353154585033364,7.0,0.2916666666666667,7.0,0.2916666666666667,7.0,0.2916666666666667,1.071098943815361,0.0,0.0,0.0,0.0,0.0,0.12552913155720868,0.0,779.4995358830539,-0.281627752483125,0.032
raceline_xy,20260415_212047_eb9da4db,1431,45.8239999999985,413.17248566000063,-135.503311331236,5.829751768700589,-0.43954730335860903,5.846298616779464,0.24359577569914434,-1.9220565686520725,-0.37645620025495324,1.9928340706009608,9.964170353004803,0.8975326004135518,0.1581755040133359,0.0,0.0,0.3536807725782016,7.0,0.2916666666666667,7.034867478134373,0.29311947825559886,7.034867478134373,0.29311947825559886,1.058693112683395,0.0,0.0,0.0,0.0,0.0,0.1364365253770402,0.0,773.371244898482,-0.12913748352932194,0.032
raceline_xy,20260415_212047_eb9da4db,1432,45.855999999998495,413.0922474903367,-135.67222322942595,5.825111208835333,-0.4667711836266175,5.84378267333439,0.24349094472226626,-1.934308887568542,-0.3828674941366689,1.9932276607461648,9.966138303730823,0.887332381930416,0.170270427086475,0.0,0.0,0.35390738212162703,7.0,0.2916666666666667,7.105528190591562,0.2960636746079817,7.105528190591562,0.2960636746079817,1.0421117186744109,0.0,0.0,0.0,0.0,0.0,0.157780511177917,0.0,775.6355939990485,-0.2628737533670994,0.032
raceline_xy,20260415_212047_eb9da4db,1433,45.88799999999849,413.0108562556837,-135.84085485965232,5.83531419290232,-0.4341888859637839,5.85144526750287,0.24381021947928624,-1.9462032611794902,-0.37173169729236216,1.9906109802183094,9.953054901091546,0.8775186204912968,0.17318803998111543,0.0,0.0,0.3540606590594693,7.0,0.2916666666666667,7.14860302126479,0.29785845921936627,7.14860302126479,0.29785845921936627,1.0321904228015608,0.0,0.0,0.0,0.0,0.0,0.14948494153016426,0.0,768.739259247417,-0.18334657986068273,0.032
raceline_xy,20260415_212047_eb9da4db,1434,45.91999999999849,412.92666914765346,-136.00804448903958,5.8314214017781625,-0.46164634528492976,5.849666051428177,0.24373608547617406,-1.9582734734888234,-0.37719266904535903,1.9875083195017176,9.937541597508588,0.8674794348830881,0.17542137503393507,0.0,0.0,0.3542159838642351,7.0,0.2916666666666667,7.191076011801407,0.29962816715839197,7.191076011801407,0.29962816715839197,1.0225429878809358,0.0,0.0,0.0,0.0,0.0,0.15662840064298367,0.0,770.34055371464,-0.24646508517391552,0.032
raceline_xy,20260415_212047_eb9da4db,1435,45.951999999998485,412.84116025652975,-136.1748043556483,5.8401487383606225,-0.4360556476102335,5.856405195509268,0.2440168831462195,-1.9700781080801164,-0.3689226403686282,1.981499109928197,9.907495549640984,0.8575965084429935,0.18408853345834464,0.0,0.0,0.35445334061695394,7.0,0.2916666666666667,7.253481452835446,0.3022283938681436,7.253481452835446,0.3022283938681436,1.008606276169644,0.0,0.0,0.0,0.0,0.0,0.16570626727308818,0.0,764.2753240416585,-0.4570835374319687,0.032
raceline_xy,20260415_212047_eb9da4db,1436,45.98399999999848,412.75397421799573,-136.34094891687968,5.848095434185446,-0.42434790203731065,5.863470930200313,0.24431128875834637,-1.981620477763144,-0.3607396268008864,1.9735679161682786,9.867839580841393,0.8480213351176769,0.18553771723750945,0.0,0.0,0.3546148415606458,7.0,0.2916666666666667,7.294066478942272,0.30391943662259463,7.294066478942272,0.30391943662259463,0.9996914786870725,0.0,0.0,0.0,0.0,0.0,0.16210373789288532,0.0,757.9161628197181,-0.25180330232291187,0.032
raceline_xy,20260415_212047_eb9da4db,1437,46.01599999999848,412.6630656688174,-136.504067978149,5.814447069180688,-0.49707001871655265,5.835655346557982,0.2431523061065826,-1.993956170362603,-0.38545817023854984,1.967157460988172,9.835787304940858,0.837575070319676,0.18568245756741497,0.0,0.0,0.3547792301590283,7.0,0.2916666666666667,7.333989722552131,0.3055829051063388,7.333989722552131,0.3055829051063388,0.9910341034346981,0.0,0.0,0.0,0.0,0.0,0.17950348673973,0.0,782.9501880978155,-0.2006998093723397,0.032
raceline_xy,20260415_212047_eb9da4db,1438,46.047999999998474,412.5693695011158,-136.6647332072551,5.787793813613127,-0.5319507522388363,5.812187955641649,0.2421744981517354,-2.0071020858448936,-0.41076593644719006,1.9613450308701317,9.806725154350659,0.8262547837826544,0.18452921755514762,0.0,0.0,0.3549467412315464,7.0,0.2916666666666667,7.373401303531004,0.3072250543137918,7.373401303531004,0.3072250543137918,0.9825947718843562,0.0,0.0,0.0,0.0,0.0,0.1842098001582982,0.0,804.0708399225153,-0.15007496891060362,0.032
raceline_xy,20260415_212047_eb9da4db,1439,46.07999999999847,412.47419333935653,-136.8242777402041,5.782956999277218,-0.511339911160011,5.805519801037155,0.24189665837654814,-2.020482091041055,-0.4181175339841009,1.954524255059596,9.772621275297979,0.8146640642749148,0.182687000912507,0.0,0.0,0.3551176069709143,7.0,0.2916666666666667,7.412478126593198,0.3088532552747166,7.412478126593198,0.3088532552747166,0.9743303533894085,0.0,0.0,0.0,0.0,0.0,0.18338417975088828,0.0,810.07217906656,-0.12417005938357704,0.032
raceline_xy,20260415_212047_eb9da4db,1440,46.11199999999847,412.3784895749893,-136.98388981834742,5.7983313196262465,-0.4503495172697689,5.8157940799054915,0.2423247533293955,-2.0334101278551806,-0.4040085900431084,1.9454086153410581,9.72704307670529,0.8035122364397185,0.18050802644816333,0.0,0.0,0.35528123180263593,7.0,0.2916666666666667,7.4496390948737155,0.3104016289530715,7.4496390948737155,0.3104016289530715,0.9665648732184557,0.0,0.0,0.0,0.0,0.0,0.1801527469231607,0.0,800.8253280850573,-0.12657920113339308,0.032
raceline_xy,20260415_212047_eb9da4db,1441,46.143999999998464,412.28224987643523,-137.1439477969056,5.823355091718407,-0.3894284486857691,5.8363617983199525,0.2431817415966647,-2.045382510382403,-0.37412713498513916,1.9341333268096812,9.670666634048406,0.7933088946032298,0.17810503424984603,0.0,0.0,0.3554227932415263,7.0,0.2916666666666667,7.482952431829203,0.3117896846595501,7.482952431829203,0.3117896846595501,0.9596798863353797,0.0,0.0,0.0,0.0,0.0,0.17699547851148645,0.0,782.3143815120424,-0.14698097036395694,0.032
raceline_xy,20260415_212047_eb9da4db,1442,46.17599999999846,412.1846552532766,-137.30392462491702,5.844822815512567,-0.3637010553243285,5.8561277481267675,0.2440053228386153,-2.0564301780625707,-0.3452221467837505,1.9218522843743864,9.609261421871931,0.7838781410188647,0.18094026315362655,0.0,0.0,0.3556393323404384,7.0,0.2916666666666667,7.534120758589136,0.31392169827454736,7.534120758589136,0.31392169827454736,0.9492430627510391,0.0,0.0,0.0,0.0,0.0,0.185934550833624,0.0,764.5250266859089,-0.3081582614048414,0.032
raceline_xy,20260415_212047_eb9da4db,1443,46.20799999999846,412.0845546115803,-137.4627112580577,5.8529588912074715,-0.3878429444527347,5.8657949104726095,0.24440812126969205,-2.0671086551559483,-0.3336966689780142,1.909507853430673,9.547539267153365,0.7749012015203336,0.17924256222258084,0.0,0.0,0.3557863474308276,7.0,0.2916666666666667,7.569314375463955,0.3153880989776648,7.569314375463955,0.3153880989776648,0.9421601937353508,0.0,0.0,0.0,0.0,0.0,0.18662544407444864,0.0,755.8245805746511,-0.14616314218530194,0.032
raceline_xy,20260415_212047_eb9da4db,1444,46.23999999999845,411.98109769396416,-137.61902008730635,5.840227202096065,-0.4517001791575792,5.857669060637842,0.24406954419324342,-2.0782850889570863,-0.3492650816355615,1.8994731353905396,9.497365676952697,0.765361039360668,0.176856438834053,0.0,0.0,0.35593537201610614,7.0,0.2916666666666667,7.605566435695952,0.31689860148733134,7.605566435695952,0.31689860148733134,0.9349443406941376,0.0,0.0,0.0,0.0,0.0,0.19690993702661666,0.0,763.1378454259419,-0.09358331451813877,0.032
raceline_xy,20260415_212047_eb9da4db,1445,46.27199999999845,411.87673911289824,-137.77495020764766,5.848518229525197,-0.41789116547049643,5.863428903573986,0.24430953764891608,-2.0892644024368554,-0.3431019003353489,1.8885459164988119,9.442729582494058,0.7559971065599411,0.17450002740269754,0.0,0.0,0.35608630655584655,7.106807869059052,0.29611699454412715,7.64304384198074,0.3184601600825308,7.64304384198074,0.3184601600825308,0.9275686497993085,0.0,0.0,0.0,0.0,0.0,0.19609361744871978,0.0,757.953986783412,-0.1836347416969529,0.032
raceline_xy,20260415_212047_eb9da4db,1446,46.303999999998446,411.7717338369224,-137.9309138489554,5.8636284603602835,-0.3742872560660606,5.87556207278934,0.2448150863662225,-2.0996094000373304,-0.3232820958072394,1.8763006502502606,9.381503251251303,0.7472542773914723,0.1726321268637605,0.0,0.0,0.35623905080641566,7.322653131758771,0.30511054715661545,7.681966382659695,0.32008193261082063,7.681966382659695,0.32008193261082063,0.9199975797816435,0.0,0.0,0.0,0.0,0.0,0.19720570525954048,0.0,747.0341344895934,-0.18813478937680964,0.032
raceline_xy,20260415_212047_eb9da4db,1447,46.33599999999844,411.6649426298064,-138.08598510090474,5.871798053050994,-0.3775540755466098,5.88392381457946,0.24516349227414416,-2.109659060787772,-0.3140662121637991,1.8642349772617255,9.321174886308627,0.7387740612655658,0.17093410058594882,0.0,0.0,0.35639350391260904,7.510278389073096,0.312928266211379,7.722488401143222,0.32177035004763427,7.722488401143222,0.32177035004763427,0.9122101837075398,0.0,0.0,0.0,0.0,0.0,0.20206798053650213,0.0,739.5085668784855,-0.15022097643598908,0.032
raceline_xy,20260415_212047_eb9da4db,1448,46.36799999999844,411.55611471145426,-138.23969296830495,5.872179661494785,-0.3947263000625738,5.8854314054990144,0.24522630856245894,-2.119764419204973,-0.3158122582741896,1.8528704873467041,9.26435243673352,0.7301968490450021,0.16907416839912726,0.0,0.0,0.3565495644900307,7.674442757584686,0.31976844823269523,7.7647658499030445,0.32353191041262686,7.7647658499030445,0.32353191041262686,0.9041867638786467,0.0,0.0,0.0,0.0,0.0,0.2087946905710828,0.0,738.1517350508866,-0.10563552486524176,0.032
raceline_xy,20260415_212047_eb9da4db,1449,46.399999999998435,411.44618227397,-138.3928698235884,5.880022631597889,-0.37477786171690575,5.891954225359906,0.24549809272332943,-2.129640422324785,-0.3086557339492979,1.8409994593517998,9.204997296758998,0.721825231274988,0.16734048552676928,0.0,0.0,0.3567071306996088,7.8088757751399065,0.32536982396416275,7.8088757751399065,0.32536982396416275,7.8088757751399065,0.32536982396416275,0.8959239344787768,0.0,0.0,0.0,0.0,0.0,0.2115212038582108,0.0,732.2811971760842,-0.08332370007621549,0.032
raceline_xy,20260415_212047_eb9da4db,1450,46.43199999999843,411.3356003500805,-138.54605082154202,5.89428062820624,-0.33717086288131215,5.903916353982623,0.24599651474927597,-2.1389311947674337,-0.29039765223004155,1.8279713341806545,9.139856670903272,0.7140256656043307,0.16607469588969925,0.0,0.0,0.356866100315437,7.854789293329226,0.32728288722205107,7.854789293329226,0.32728288722205107,7.854789293329226,0.32728288722205107,0.88743863765621,0.0,0.0,0.0,0.0,0.0,0.21374623023487685,0.0,721.5152814156386,-0.08409958446301201,0.032
raceline_xy,20260415_212047_eb9da4db,1451,46.46399999999843,411.22458398040726,-138.69951309658364,5.911677247532276,-0.29418818063151164,5.918992698476157,0.2466246957698399,-2.147339606509819,-0.2628905042708963,1.8134805770912863,9.067402885456431,0.7071006116162817,0.1656288856172461,0.0,0.0,0.3570263707869652,7.9027460723589105,0.32928108634828795,7.9027460723589105,0.32928108634828795,7.9027460723589105,0.32928108634828795,0.8786990170533411,0.0,0.0,0.0,0.0,0.0,0.21666671980693963,0.0,707.9465713714582,-0.10504999039169316,0.032
raceline_xy,20260415_212047_eb9da4db,1452,46.495999999998425,411.11264696595384,-138.8528225466475,5.925628788262274,-0.2757979516344249,5.932043580959969,0.2471684825399987,-2.154954256688315,-0.23816876580780966,1.7982121988542163,8.99106099427108,0.7009526375554223,0.16592563051927822,0.0,0.0,0.35718783929642917,7.952705071061585,0.3313627112942327,7.952705071061585,0.3313627112942327,7.952705071061585,0.3313627112942327,0.8697258578058538,0.0,0.0,0.0,0.0,0.0,0.22157927383845444,0.0,696.2007771360273,-0.12312121388935263,0.032
raceline_xy,20260415_212047_eb9da4db,1453,46.52799999999842,410.9993606863572,-139.00549408262415,5.934403773625732,-0.2795383321424687,5.940983910730639,0.24754099628044327,-2.1621047300713467,-0.2237203028212133,1.7828395402625665,8.914197701312832,0.6952428585043795,0.16664855770025166,0.0,0.0,0.35735040281229297,8.004634363090258,0.3335264317954274,8.004634363090258,0.3335264317954274,8.004634363090258,0.3335264317954274,0.8605379898105294,0.0,0.0,0.0,0.0,0.0,0.22773544548922833,0.0,688.1544803424249,-0.09672226217263474,0.032
raceline_xy,20260415_212047_eb9da4db,1454,46.55999999999842,410.8847540579409,-139.15738796410875,5.939369010873282,-0.28589480086198105,5.946245881603096,0.24776024506679564,-2.169084100244379,-0.2183898702728201,1.767465158349121,8.837325791745604,0.6896763177991216,0.1675198993480711,0.0,0.0,0.3575139581393888,8.058512318825217,0.3357713466177174,8.058512318825217,0.3357713466177174,8.058512318825217,0.3357713466177174,0.8511521496892591,0.0,0.0,0.0,0.0,0.0,0.23430687255452207,0.0,683.4187065572136,-0.10105031618020371,0.032
raceline_xy,20260415_212047_eb9da4db,1455,46.591999999998414,410.76934656774444,-139.30890211640076,5.945627509999214,-0.27337357758467284,5.951908903921574,0.24799620433006556,-2.1757934053876724,-0.209982908701552,1.7514693498802816,8.757346749401407,0.684360551497726,0.1686561221123304,0.0,0.0,0.35767840196636097,8.114329013059258,0.33809704221080245,8.114329013059258,0.33809704221080245,8.114329013059258,0.33809704221080245,0.8415828350950996,0.0,0.0,0.0,0.0,0.0,0.23975261327824424,0.0,678.3219864705834,-0.11351150023424703,0.032
raceline_xy,20260415_212047_eb9da4db,1456,46.62399999999841,410.65306247516656,-139.4599336328059,5.950657609530872,-0.26577762891586065,5.956589941728388,0.24819124757201616,-2.1822988398192624,-0.20361946034256592,1.735008043693846,8.67504021846923,0.6792275367441358,0.1700108962181175,0.0,0.0,0.35784363091095894,8.172088120994946,0.34050367170812273,8.172088120994946,0.34050367170812273,8.172088120994946,0.34050367170812273,0.8318421107768792,0.0,0.0,0.0,0.0,0.0,0.24592121666266226,0.0,674.1090524444505,-0.1253319356814948,0.032
raceline_xy,20260415_212047_eb9da4db,1457,46.65599999999841,410.53575370997015,-139.61028743472477,5.953537390286245,-0.265775387340522,5.959466755847569,0.24831111482698207,-2.188746265582763,-0.20176907773083838,1.7183500585137355,8.591750292568676,0.674127854588416,0.17146080932163343,0.0,0.0,0.3580095415636764,8.231809412181292,0.3429920588408872,8.231809412181292,0.3429920588408872,8.231809412181292,0.3429920588408872,0.8219393570399376,0.0,0.0,0.0,0.0,0.0,0.2527258220605274,0.0,671.5199197371871,-0.13309531747755338,0.032
raceline_xy,20260415_212047_eb9da4db,1458,46.687999999998404,410.4173577790747,-139.75982675131277,5.954359879418912,-0.26935646159998416,5.960449184167185,0.2483520493402994,-2.195272977408319,-0.20416924563834132,1.7016518075515648,8.508259037757822,0.6689219410880018,0.17287900289034486,0.0,0.0,0.3581754087970884,8.293439740880327,0.34555998920334696,8.293439740880327,0.34555998920334696,8.293439740880327,0.34555998920334696,0.8118958494995674,0.0,0.0,0.0,0.0,0.0,0.25991853398316955,0.0,670.6357342495329,-0.13729699788171298,0.032
raceline_xy,20260415_212047_eb9da4db,1459,46.7199999999984,410.2978368398769,-139.90843321882286,5.953246435654185,-0.2749365354404887,5.959591699281862,0.24831632080341093,-2.201990645077455,-0.2100303186582699,1.6850104376887405,8.425052188443702,0.6634962540932907,0.174153550771313,0.0,0.0,0.3583398760878364,8.356872633142805,0.3482030263809502,8.356872633142805,0.3482030263809502,8.356872633142805,0.3482030263809502,0.8017405766382666,0.0,0.0,0.0,0.0,0.0,0.2674215553109211,0.0,671.4074706463235,-0.13877311771573766,0.032
raceline_xy,20260415_212047_eb9da4db,1460,46.7519999999984,410.1771856567633,-140.05603801819046,5.95091813333834,-0.28043918325234607,5.957522367998153,0.2482300986665897,-2.208962836651825,-0.21786959986639937,1.668505504958078,8.34252752479039,0.6577862595113744,0.17529764761147426,0.0,0.0,0.3585045595669693,8.422616441772831,0.3509423517405346,8.422616441772831,0.3509423517405346,8.422616441772831,0.3509423517405346,0.7914053578842122,0.0,0.0,0.0,0.0,0.0,0.2752359195267356,0.0,673.269868801662,-0.13931424024367697,0.032
raceline_xy,20260415_212047_eb9da4db,1461,46.78399999999839,410.05544995612905,-140.2026518384218,5.94843458975606,-0.28315979329076724,5.955170319742569,0.24813209665594038,-2.216184334502299,-0.2255628664356167,1.6521024103840543,8.260512051920271,0.6517976498682416,0.1763515922104517,0.0,0.0,0.35866924352379337,8.491001464504153,0.35379172768767303,8.491001464504153,0.35379172768767303,8.491001464504153,0.35379172768767303,0.7808549630007775,0.0,0.0,0.0,0.0,0.0,0.2831526180148048,0.0,675.3867122316874,-0.1416686519939302,0.032
raceline_xy,20260415_212047_eb9da4db,1462,46.81599999999839,409.93267263187585,-140.34831345181928,5.946506388046677,-0.28293584962055895,5.953233652233083,0.24805140217637844,-2.223606271653173,-0.23175814386253946,1.6357346304340914,8.178673152170456,0.6455800826885936,0.17740143185218127,0.0,0.0,0.35883371228922917,8.5623973138033,0.3567665547418042,8.5623973138033,0.3567665547418042,8.5623973138033,0.3567665547418042,0.7700520147765104,0.0,0.0,0.0,0.0,0.0,0.2912236139981496,0.0,677.1297129902252,-0.1474898930761841,0.032
raceline_xy,20260415_212047_eb9da4db,1463,46.847999999998386,409.80884987364186,-140.4930260956608,5.94509863008607,-0.2818812540831037,5.951777445675765,0.24799072690315685,-2.2311803443233087,-0.2364698174990737,1.6189716318697795,8.094858159348897,0.6394424152365974,0.1741492027759799,0.0,0.0,0.3589157986098601,8.599352512081346,0.35830635467005606,8.599352512081346,0.35830635467005606,8.599352512081346,0.35830635467005606,0.76454343968763,0.0,0.0,0.0,0.0,0.0,0.2841134955852036,0.0,678.4402988918115,-0.02999770446840834,0.032
raceline_xy,20260415_212047_eb9da4db,1464,46.87999999999838,409.6842489845749,-140.63712105027486,5.946963400736461,-0.2680378923355726,5.953000756041164,0.24804169816838184,-2.238729799684039,-0.23571446438629476,1.6017021921083474,8.008510960541736,0.6330523648911317,0.17544173335581448,0.0,0.0,0.3590795404995053,8.676064172902365,0.3615026738709319,8.676064172902365,0.3615026738709319,8.676064172902365,0.3615026738709319,0.7532855677267705,0.0,0.0,0.0,0.0,0.0,0.3031733877866398,0.0,677.3393195629518,-0.09459163066757428,0.032
raceline_xy,20260415_212047_eb9da4db,1465,46.91199999999838,409.5597019718663,-140.7816064935221,5.957132111332744,-0.21847810572213788,5.961137112544187,0.24838071302267448,-2.245559496016277,-0.21337269590282645,1.5826927722445256,7.913463861222628,0.6273792013689126,0.17775637495112662,0.0,0.0,0.359242528744268,8.75694314454185,0.3648726310225771,8.75694314454185,0.3648726310225771,8.75694314454185,0.3648726310225771,0.7416683515427884,0.0,0.0,0.0,0.0,0.0,0.3095168643979132,0.0,670.0165987102312,-0.1325863023992387,0.032
raceline_xy,20260415_212047_eb9da4db,1466,46.943999999998375,409.4340242740534,-140.92532056616344,5.96195580758269,-0.22233900393934425,5.96610020735838,0.2485875086399325,-2.252066360381731,-0.20328468461815202,1.563556097367161,7.8177804868358045,0.6220031942665978,0.18074570771536624,0.0,0.0,0.3594045484767236,8.842538776215095,0.368439115675629,8.842538776215095,0.368439115675629,8.842538776215095,0.368439115675629,0.7296471852779938,0.0,0.0,0.0,0.0,0.0,0.3199650860852685,0.0,665.5498133774574,-0.15099317019279446,0.032
raceline_xy,20260415_212047_eb9da4db,1467,46.97599999999837,409.307225832681,-141.06817719379146,5.964770709214774,-0.2285423133361495,5.969147443520854,0.24871447681336892,-2.2584172717620667,-0.19839421195519877,1.5442909659232085,7.721454829616042,0.6167563114187713,0.1842977377557129,0.0,0.0,0.35956538526378107,8.933480606457723,0.3722283586024051,8.933480606457723,0.3722283586024051,8.933480606457723,0.3722283586024051,0.7171736968117006,0.0,0.0,0.0,0.0,0.0,0.33093604378079794,0.0,662.8073008312308,-0.1637084348862227,0.032
raceline_xy,20260415_212047_eb9da4db,1468,47.00799999999837,409.17899573681416,-141.20966076470285,5.9617873916534645,-0.2512028254051839,5.967077321668437,0.2486282217361849,-2.264984348413421,-0.20507810676718427,1.5254237020778874,7.627118510389437,0.6112573432539703,0.18810171546040522,0.0,0.0,0.3597248252116213,9.03051208848264,0.37627133702011,9.03051208848264,0.37627133702011,9.03051208848264,0.37627133702011,0.7041928754539377,0.0,0.0,0.0,0.0,0.0,0.3442492931262729,0.0,664.6704104984059,-0.1608747908724214,0.032
raceline_xy,20260415_212047_eb9da4db,1469,47.039999999998365,409.0492548888741,-141.34945153095882,5.953457856821828,-0.279220765296444,5.96000207120151,0.24833341963339625,-2.2720588923862604,-0.22085727796205282,1.507178073829139,7.535890369145695,0.6052098963719157,0.19449939687826356,0.0,0.0,0.3598826550818903,9.154516665894066,0.38143819441225274,9.154516665894066,0.38143819441225274,9.154516665894066,0.38143819441225274,0.6880780642162705,0.0,0.0,0.0,0.0,0.0,0.3672193910865487,0.0,671.0381359186408,-0.14592050382683353,0.032
raceline_xy,20260415_212047_eb9da4db,1470,47.07199999999836,408.9182042159228,-141.4876449642721,5.944166932363986,-0.2974274672516608,5.951603449330712,0.24798347705544632,-2.2796766056616846,-0.2378046001648057,1.4892830182560082,7.44641509128004,0.5985807174761488,0.20116057212046412,0.0,0.0,0.3600386624220716,9.289387668597257,0.3870578195248857,9.289387668597257,0.3870578195248857,9.289387668597257,0.3870578195248857,0.6711302172553708,0.0,0.0,0.0,0.0,0.0,0.38521239538675955,0.0,678.596895602359,-0.12953677147966547,0.032
raceline_xy,20260415_212047_eb9da4db,1471,47.10399999999836,408.7861782111578,-141.62466030666573,5.93861561211795,-0.29728689334781633,5.9460520419390415,0.24775216841412673,-2.287633531020653,-0.24844554249315848,1.4711385207601348,7.355692603800674,0.591581712605965,0.20785274440661716,0.0,0.0,0.3601926357135444,9.432362279826187,0.3930150949927578,9.432362279826187,0.3930150949927578,9.432362279826187,0.3930150949927578,0.6537922813242396,0.0,0.0,0.0,0.0,0.0,0.4015590943697648,0.0,683.5931622548622,-0.12166515013549298,0.032
raceline_xy,20260415_212047_eb9da4db,1472,47.135999999998354,408.65339993363915,-141.7609068570727,5.938403415101337,-0.2833340376995479,5.945158811790174,0.24771495049125725,-2.2956271846237524,-0.24966527259578655,1.45222963400879,7.261148170043949,0.5845226724033892,0.21465081130250363,0.0,0.0,0.36034436454159086,9.582057662904937,0.39925240262103906,9.582057662904937,0.39925240262103906,9.582057662904937,0.39925240262103906,0.6362983827135746,0.0,0.0,0.0,0.0,0.0,0.4171119278939922,0.0,684.3970693888431,-0.12593794738976605,0.032
raceline_xy,20260415_212047_eb9da4db,1473,47.16799999999835,408.5198462300648,-141.89649803652753,5.941420254202454,-0.26858896373503827,5.947488097380894,0.24781200405753726,-2.3034490205916,-0.24435768256698207,1.431666610589715,7.158333052948574,0.5773010799809035,0.2287987097676436,0.0,0.0,0.3605672923904834,9.815681259771965,0.4089867191571652,9.815681259771965,0.4089867191571652,9.815681259771965,0.4089867191571652,0.6102644718047596,0.0,0.0,0.0,0.0,0.0,0.46523059535056227,0.0,682.3007123571947,-0.25767084072970126,0.032
raceline_xy,20260415_212047_eb9da4db,1474,47.19999999999835,408.38539756572817,-142.03131981613433,5.944399283612331,-0.2603507646807741,5.950097928915175,0.2479207470381323,-2.311039153461535,-0.23715605577488486,1.4099250320528396,7.049625160264197,0.5705954037260628,0.2353824461103553,0.0,0.0,0.3607124986124589,9.974652384653536,0.4156105160272307,9.974652384653536,0.4156105160272307,9.974652384653536,0.4156105160272307,0.5933806578379,0.0,0.0,0.0,0.0,0.0,0.45729379528912584,0.0,679.9518639763418,-0.15950336290116204,0.032
raceline_xy,20260415_212047_eb9da4db,1475,47.231999999998344,408.2486237484474,-142.16315333174035,5.927412211534816,-0.32732637495925054,5.936443218055405,0.24735180075230856,-2.3194182543809205,-0.2618299780559881,1.3897843059160992,6.948921529580496,0.5630374372754674,0.24052647488943757,0.0,0.0,0.36085473578679084,10.089038230503164,0.4203765929376318,10.089038230503164,0.4203765929376318,10.089038230503164,0.4203765929376318,0.5816255821075722,0.0,0.0,0.0,0.0,0.0,0.4611195802040146,0.0,692.2411037501347,-0.1264948704666629,0.032
raceline_xy,20260415_212047_eb9da4db,1476,47.26399999999834,408.1107147956488,-142.29336043272428,5.917520026908017,-0.3355758999334526,5.927027455096999,0.2469594772957083,-2.328264205099982,-0.276487012348428,1.369423175530805,6.847115877654025,0.5546471845703529,0.2501971962436551,0.0,0.0,0.361062082484319,10.19817757982722,0.4249240658261342,10.19817757982722,0.4249240658261342,10.19817757982722,0.4249240658261342,0.5707040219385249,0.0,0.0,0.0,0.0,0.0,0.4698923349365616,0.0,700.7152904127005,-0.23708085941596535,0.032
raceline_xy,20260415_212047_eb9da4db,1477,47.29599999999834,407.97237427785495,-142.42318037664234,5.92083463263085,-0.30246532602036913,5.928555306346185,0.2470231377644244,-2.3369174204562118,-0.2704910368431853,1.3460913605805318,6.730456802902658,0.5470899068422366,0.24840144566358946,0.0,0.0,0.36115737969508876,10.243375033518664,0.42680729306327764,10.243375033518664,0.42680729306327764,10.243375033518664,0.42680729306327764,0.5662628578423661,0.0,0.0,0.0,0.0,0.0,0.45081390375328084,0.0,699.340224288433,0.005545906138595097,0.032
raceline_xy,20260415_212047_eb9da4db,1478,47.32799999999833,407.83283069531313,-142.55161481849174,5.918613188883869,-0.3079566354233796,5.926619556621748,0.24694248152590617,-2.3456411723273547,-0.27272155336459064,1.3206519740748726,6.603259870374362,0.5391002505762321,0.25239895137197044,0.0,0.0,0.36135192550390804,10.326698224161845,0.4302790926734102,10.326698224161845,0.4302790926734102,10.326698224161845,0.4302790926734102,0.55819771270437,0.0,0.0,0.0,0.0,0.0,0.4722512069513502,0.0,701.0823990404261,-0.09706581613917178,0.032
raceline_xy,20260415_212047_eb9da4db,1479,47.35999999999833,407.6934864080076,-142.68079092528828,5.932873809064703,-0.2411060164575467,5.937770940804128,0.24740712253350536,-2.35342720517367,-0.24331155695674542,1.2922398352955644,6.461199176477821,0.5320526795129639,0.25516131694046873,0.0,0.0,0.36153899010828533,10.391141224265604,0.4329642176777335,10.391141224265604,0.4329642176777335,10.391141224265604,0.4329642176777335,0.5520665829003022,0.0,0.0,0.0,0.0,0.0,0.46753728803811717,0.0,691.046153276284,-0.1402445300484798,0.032
raceline_xy,20260415_212047_eb9da4db,1480,47.391999999998326,407.55296469826544,-142.80902933466135,5.9399814489133025,-0.24458503055756342,5.94501484023438,0.2477089516764325,-2.360713478296267,-0.22765897844355076,1.2626208998069273,6.313104499034636,0.5254781005271578,0.2559229914182133,0.0,0.0,0.3617187171151204,10.432241348644865,0.4346767228602027,10.432241348644865,0.4346767228602027,10.432241348644865,0.4346767228602027,0.5482038655962302,0.0,0.0,0.0,0.0,0.0,0.4648154946292033,0.0,684.5266437890573,-0.16078066081391726,0.032
raceline_xy,20260415_212047_eb9da4db,1481,47.42399999999832,407.4111682305551,-142.93606887687716,5.943864622024467,-0.25740211990611694,5.949435477109255,0.24789314487955227,-2.367752905982881,-0.21993465704311432,1.231362745657715,6.156813728288575,0.5194692003046981,0.25181874366984314,0.0,0.0,0.36180586836353634,10.442150751021487,0.4350896146258953,10.442150751021487,0.4350896146258953,10.442150751021487,0.4350896146258953,0.5472780240350019,0.0,0.0,0.0,0.0,0.0,0.4564940513366069,0.0,680.5480706016705,-0.04945332933719172,0.032
raceline_xy,20260415_212047_eb9da4db,1482,47.45599999999832,407.2680549566789,-143.06161339247922,5.942776474973927,-0.27712574546380697,5.949234481032195,0.24788477004300813,-2.374897459963008,-0.2232359920183522,1.198849736055409,5.994248680277044,0.512974028000845,0.24683120275591142,0.0,0.0,0.3619748143872738,10.424335130787483,0.4343472971161451,10.424335130787483,0.4343472971161451,10.424335130787483,0.4343472971161451,0.5489440686457971,0.0,0.0,0.0,0.0,0.0,0.44753039427672847,0.0,680.728967071024,-0.1629804982664872,0.032
raceline_xy,20260415_212047_eb9da4db,1483,47.487999999998316,407.12436903696334,-143.18671004479208,5.947866741791479,-0.2589115724018525,5.953499305486882,0.24806247106195342,-2.3817428258652367,-0.21384710618925584,1.1647505462434808,5.823752731217404,0.5067614177473212,0.23735512031270556,0.0,0.0,0.3621366957138193,10.358841376913203,0.4316183907047168,10.358841376913203,0.4316183907047168,10.358841376913203,0.4316183907047168,0.5551281291064551,0.0,0.0,0.0,0.0,0.0,0.42432930934340346,0.0,676.8906250618058,-0.18023061771172574,0.032
raceline_xy,20260415_212047_eb9da4db,1484,47.51999999999831,406.9796659242689,-143.31071759712935,5.949404239048427,-0.26509309159634986,5.955307309183927,0.2481378045493303,-2.3885322854220075,-0.2121026098333574,1.1300716730742664,5.650358365371331,0.5005765944248686,0.2236092937796057,0.0,0.0,0.362291590105892,10.252644226601067,0.42719350944171114,10.252644226601067,0.42719350944171114,10.252644226601067,0.42719350944171114,0.5653578661413583,0.0,0.0,0.0,0.0,0.0,0.4016847441964279,0.0,675.2634217344655,-0.18612452489816006,0.032
raceline_xy,20260415_212047_eb9da4db,1485,47.55199999999831,406.8334806459315,-143.432652982985,5.94125438173085,-0.30088402614958243,5.948868365128616,0.24786951521369235,-2.3957930788078805,-0.22688261143270322,1.096309605992203,5.481548029961015,0.49387554174080694,0.20554941707035645,0.0,0.0,0.36243955995739274,10.113624520365134,0.4214010216818806,10.113624520365134,0.4214010216818806,10.113624520365134,0.4214010216818806,0.5791405316435636,0.0,0.0,0.0,0.0,0.0,0.38087937118697074,0.0,681.058471384245,-0.1687511184181076,0.032
raceline_xy,20260415_212047_eb9da4db,1486,47.583999999998305,406.6860045036247,-143.55250858897918,5.929566930709542,-0.32920693551767943,5.938698610988531,0.24744577545785548,-2.403685895036139,-0.24668392021716545,1.0632722175238407,5.316361087619203,0.4861272506495484,0.17570195579342718,0.0,0.0,0.3626486365926663,9.86453234124888,0.41102218088537,9.86453234124888,0.41102218088537,9.86453234124888,0.41102218088537,0.6050067645657116,0.0,0.0,0.0,0.0,0.0,0.32399428149072185,0.0,690.2112501103214,-0.27272051095105515,0.032
raceline_xy,20260415_212047_eb9da4db,1487,47.6159999999983,406.53803539257115,-143.6716420415587,5.928437746070292,-0.30896122324897535,5.936483062091773,0.24735346092049051,-2.4116672323069555,-0.24942774924121833,1.030173394899674,5.15086697449837,0.47863730148878947,0.15061722158268775,0.0,0.0,0.3627794909455102,9.68779960777208,0.4036583169905033,9.68779960777208,0.4036583169905033,9.68779960777208,0.4036583169905033,0.6243290500775931,0.0,0.0,0.0,0.0,0.0,0.32684371784108734,0.0,692.2052441174043,-0.15242293519436592,0.032
raceline_xy,20260415_212047_eb9da4db,1488,47.6479999999983,406.3885401254857,-143.78804002253807,5.9102854963359786,-0.3528519044744556,5.920808991572915,0.24670037464887148,-2.4204028069771724,-0.27308461364675857,1.0008636499566321,5.00431824978316,0.4703382997906136,0.1245329091189471,0.0,0.0,0.3629035597503179,9.519101335562453,0.3966292223151022,9.519101335562453,0.3966292223151022,9.519101335562453,0.3966292223151022,0.6435756950177609,0.0,0.0,0.0,0.0,0.0,0.31841087902659887,0.0,706.3119075843757,-0.120211829570577,0.032
raceline_xy,20260415_212047_eb9da4db,1489,47.679999999998294,406.2380557611244,-143.90257405274838,5.898651040720144,-0.36234323068674223,5.909769599317163,0.24624039997154845,-2.4296726494713408,-0.2898260406677456,0.9757621626367282,4.878810813183641,0.4614657148831225,0.10067706161458512,0.0,0.0,0.36302087799636024,9.382759119712745,0.3909482966546977,9.382759119712745,0.3909482966546977,9.382759119712745,0.3909482966546977,0.659736157399351,0.0,0.0,0.0,0.0,0.0,0.31466883014605135,0.0,716.247360614553,-0.09843949326002824,0.032
raceline_xy,20260415_212047_eb9da4db,1490,47.71199999999829,406.08714930947554,-144.01661487386468,5.901834782703245,-0.32842293083316276,5.910965692999994,0.2462902372083331,-2.4388598101849652,-0.28717836705573385,0.9525209186449728,4.7626045932248635,0.45265969779964665,0.0745506049712299,0.0,0.0,0.3631853795507597,9.2347688034579,0.3847820334774125,9.2347688034579,0.3847820334774125,9.2347688034579,0.3847820334774125,0.6779226644826668,0.0,0.0,0.0,0.0,0.0,0.29243575482980894,0.0,715.1708763000047,-0.10364767818788995,0.032
raceline_xy,20260415_212047_eb9da4db,1491,47.74399999999829,405.9357867968452,-144.13049312938642,5.9121649148551825,-0.29027605401727863,5.919286626611388,0.24663694277547452,-2.447527714693578,-0.2708315204978463,0.9348961717803863,4.674480858901931,0.44436191073741904,0.050955657906026186,0.0,0.0,0.363351275071919,9.110366962462564,0.37959862343594014,9.110366962462564,0.37959862343594014,9.110366962462564,0.37959862343594014,0.6937557340831297,0.0,0.0,0.0010429153861961154,0.0,0.0,0.28444108618466324,0.0,707.6820360497503,-0.12580324643099208,0.032
raceline_xy,20260415_212047_eb9da4db,1492,47.775999999998284,405.7835837919289,-144.2437164368074,5.921689452915272,-0.27469812908246816,5.928057442273091,0.24700239342804545,-2.455653896408908,-0.253820443042813,0.9201362493959824,4.600681246979912,0.4369799952433402,0.03679575455888795,0.0,0.0,0.3634298751385879,9.061518617249884,0.3775632757187452,9.061518617249884,0.3775632757187452,9.061518617249884,0.3775632757187452,0.7001143299609129,0.0,0.0,0.002387213881391649,0.0,0.0,0.30220666854945816,0.0,699.7883019542178,-0.015823063803076548,0.032
raceline_xy,20260415_212047_eb9da4db,1493,47.80799999999828,405.6302076670389,-144.35567253591773,5.927383257906804,-0.2817986655856246,5.9340780896479375,0.24725325373533072,-2.463544868559768,-0.24646186244115142,0.9117309598173123,4.558654799086561,0.42941222986770455,0.019951623415889852,0.0,0.0,0.3635809613069438,8.990835173258596,0.37461813221910817,8.990835173258596,0.37461813221910817,8.990835173258596,0.37461813221910817,0.7094606567640884,0.0,0.0,0.0037019499607490176,0.0,0.0,0.2886489227255378,0.0,694.3697193168558,-0.1494511324031508,0.032
raceline_xy,20260415_212047_eb9da4db,1494,47.83999999999828,405.47655883982924,-144.46775252267136,5.938313957115296,-0.2420309494764914,5.9432442010887305,0.24763517504536378,-2.4706352037665518,-0.2213316043866762,0.9082546606812844,4.541273303406421,0.42263918649739773,0.008110731801986848,0.0,0.0,0.36372732863911955,8.955030002756269,0.3731262501148445,8.955030002756269,0.3731262501148445,8.955030002756269,0.3731262501148445,0.714261987279901,0.0,0.0,0.0048580604014546854,0.0,0.0,0.29411326875786137,0.0,686.1202190201421,-0.18274363390051,0.032
raceline_xy,20260415_212047_eb9da4db,1495,47.87199999999827,405.32171463230065,-144.57844660589691,5.9425492969764235,-0.25860360330292265,5.948173498699936,0.24784056244583066,-2.4774639541742367,-0.21319566241953655,0.9109089549548277,4.554544774774138,0.4160952445706392,0.0005460205053022804,0.0,0.0,0.36387307432354526,8.951733826916001,0.3729889094548334,8.951733826916001,0.3729889094548334,8.951733826916001,0.3729889094548334,0.7147062825787671,0.0,0.0,0.005993520450414723,0.0,0.0,0.3047820120398051,0.0,681.6838511700571,-0.19343369202283445,0.032
raceline_xy,20260415_212047_eb9da4db,1496,47.90399999999827,405.1655204706751,-144.6871135837277,5.93894565736562,-0.29239147343833105,5.946138940092251,0.24775578917051044,-2.4845536102568246,-0.22143238541867608,0.919692487308248,4.59846243654124,0.4096557180579965,-0.005509938916713697,0.0,0.0,0.36394698489897864,8.961426836820591,0.37339278486752464,8.961426836820591,0.37339278486752464,8.961426836820591,0.37339278486752464,0.7134008569732302,0.0,0.0,0.007120141347032561,0.0,0.0,0.31217836693619166,0.0,683.514953916974,-0.05092552398351265,0.032
raceline_xy,20260415_212047_eb9da4db,1497,47.935999999998266,405.0082532761784,-144.7937988534225,5.930245482365342,-0.3169619285582628,5.938709989995295,0.2474462495831373,-2.4921342252274084,-0.2368435326923232,0.9317880786924558,4.658940393462279,0.4022796025306543,-0.008448739516376591,0.0,0.0,0.3640994023003811,9.001930416852684,0.3750804340355285,9.001930416852684,0.3750804340355285,9.001930416852684,0.3750804340355285,0.7079820234693734,0.0,0.0,0.008490304935588206,0.0,0.0,0.3282377379242092,0.0,690.2010090042343,-0.15845495926975112,0.032
raceline_xy,20260415_212047_eb9da4db,1498,47.96799999999826,404.8507655075868,-144.9004020260985,5.93638701462394,-0.27979494067623545,5.94297703144003,0.24762404297666793,-2.4994428132338644,-0.22829400563279553,0.9459935297827708,4.729967648913854,0.3951668541836626,-0.008037978096151477,0.0,0.0,0.3642559258125562,9.06849745890373,0.37785406078765543,9.06849745890373,0.37785406078765543,9.06849745890373,0.37785406078765543,0.6992009098757332,0.0,0.0,0.009864034046039742,0.0,0.0,0.3388952725083785,0.0,686.3606717039726,-0.17478728052785208,0.032
raceline_xy,20260415_212047_eb9da4db,1499,47.99999999999826,404.69240426175696,-145.0057826907991,5.937593575969241,-0.2833748195979964,5.944351836977131,0.24768132654071381,-2.5067470999055317,-0.22817792521874677,0.9635869412341161,4.817934706170581,0.3876115036878631,-0.0007836708430710715,0.0,0.0,0.3644473633117964,9.197711316877735,0.3832379715365723,9.197711316877735,0.3832379715365723,9.197711316877735,0.3832379715365723,0.682585865462336,0.0,0.0,0.011549968434538264,0.0,0.0,0.3720322923966921,0.0,685.1233467205814,-0.30887105445294416,0.032
raceline_xy,20260415_212047_eb9da4db,1500,48.031999999998256,404.533361348006,-145.1102707944379,5.940340080588739,-0.27575590986988985,5.946737054459126,0.24778071060246357,-2.513938227265254,-0.22464326874306334,0.9807877936650882,4.90393896832544,0.3805616262080487,0.0018521264227913115,0.0,0.0,0.3645834538733996,9.289425973990966,0.3870594155829569,9.289425973990966,0.3870594155829569,9.289425973990966,0.3870594155829569,0.6711254869116647,0.0,0.0,0.013060210598790034,0.0,0.0,0.36884165291841353,0.0,682.9766509867864,-0.18964031557972508,0.032
raceline_xy,20260415_212047_eb9da4db,1501,48.06399999999825,404.37296599767075,-145.21180416398835,5.92311096640965,-0.32842237166877686,5.932209097344328,0.2471753790560137,-2.521856451644796,-0.24745734084384752,1.0007322054361023,5.003661027180511,0.3727280064513181,0.0048616196039805715,0.0,0.0,0.36472618541812163,9.393925060918006,0.3914135442049169,9.393925060918006,0.3914135442049169,9.393925060918006,0.3914135442049169,0.6583916326335562,0.0,0.0,0.014853506669273006,0.0,0.0,0.3899058316568684,0.0,696.051812390104,-0.1580789355628156,0.032
raceline_xy,20260415_212047_eb9da4db,1502,48.09599999999825,404.2116654718313,-145.31091167364335,5.9054071733993965,-0.3554128998014914,5.916092647430595,0.24650386030960814,-2.530520236357516,-0.27082455812581013,1.022015361332323,5.110076806661615,0.36410203110038797,0.008025830499527764,0.0,0.0,0.36487545043883607,9.510176111406306,0.39625733797526275,9.510176111406306,0.39625733797526275,9.510176111406306,0.39625733797526275,0.6446166999778047,0.0,0.0,0.016899630506154555,0.0,0.0,0.4071791068092307,0.0,710.5566173124639,-0.1269896089053036,0.032
raceline_xy,20260415_212047_eb9da4db,1503,48.127999999998245,404.04961132788674,-145.40805831298874,5.893164659303553,-0.3645923183565336,5.904432001494213,0.24601800006225885,-2.539774529718785,-0.28933044078415,1.0437152090314308,5.218576045157153,0.35484648126808827,0.011314667606435957,0.0,0.0,0.3650311488481333,9.637198749273272,0.40154994788638637,9.637198749273272,0.40154994788638637,9.637198749273272,0.40154994788638637,0.6300176049525454,0.0,0.0,0.01915747446407065,0.0,0.0,0.42288243421867355,0.0,721.0511986552082,-0.10187922709783881,0.032
raceline_xy,20260415_212047_eb9da4db,1504,48.15999999999824,403.88717036219145,-145.50454584635636,5.894813934750565,-0.3338136690053277,5.904258030518673,0.2460107512716114,-2.5490395720509973,-0.28963363988550284,1.064310922865767,5.321554614328835,0.34556241832515866,0.015134299618162927,0.0,0.0,0.36519319002783646,9.77400793071457,0.4072503304464404,9.77400793071457,0.4072503304464404,9.77400793071457,0.4072503304464404,0.6147994170756412,0.0,0.0,0.021489996099638187,0.0,0.0,0.4359124752496551,0.0,721.2077725331935,-0.10178162569479038,0.032
raceline_xy,20260415_212047_eb9da4db,1505,48.19199999999824,403.7243025022864,-145.60080565648175,5.904732397060661,-0.2952143772226532,5.912107594539928,0.24633781643916366,-2.557840125407819,-0.27502848623063103,1.0833639749922281,5.41681987496114,0.33673154081532175,0.01979440612262584,0.0,0.0,0.3653614945395167,9.919661414224661,0.41331922559269424,9.919661414224661,0.41331922559269424,9.919661414224661,0.41331922559269424,0.5991477665493061,0.0,0.0,0.02381677060656202,0.0,0.0,0.4498115529890501,0.0,714.1431649140643,-0.12023493269813815,0.032
raceline_xy,20260415_212047_eb9da4db,1506,48.223999999998235,403.5607347503013,-145.69646203417392,5.915046965255077,-0.2743289094886223,5.921404981231609,0.24672520755131702,-2.5660707544309513,-0.25714375603149475,1.101351101569077,5.5067555078453845,0.3284529103626608,0.025239452594124412,0.0,0.0,0.3655359955778126,10.073288097497239,0.4197203373957183,10.073288097497239,0.4197203373957183,10.073288097497239,0.4197203373957183,0.5832251737901881,0.0,0.0,0.026141748168202493,0.0,0.0,0.4661393336918276,0.0,705.7755168915518,-0.14144289294832885,0.032
raceline_xy,20260415_212047_eb9da4db,1507,48.25599999999823,403.39620824183305,-145.79089446655502,5.921719709874734,-0.27614703780194905,5.928154983534564,0.2470064576472735,-2.5739375125906,-0.24575260010013716,1.117041203295786,5.58520601647893,0.32095258844581664,0.024241233286129482,0.0,0.0,0.36562555268366764,10.15278567499443,0.42303273645810124,10.15278567499443,0.42303273645810124,10.15278567499443,0.42303273645810124,0.575212143836799,0.0,0.0,0.027924379053613807,0.0,0.0,0.45097205570272536,0.0,699.7005148188919,-0.023327923912125362,0.032
raceline_xy,20260415_212047_eb9da4db,1508,48.28799999999823,403.2306817901936,-145.88380771670475,5.9249552398675345,-0.2868524110074171,5.9318950513418995,0.24716229380591248,-2.5817237889189855,-0.24325400226258484,1.1318955964972677,5.659477982486338,0.3130600014359093,0.030152375124818942,0.0,0.0,0.3658092539264484,10.3164258022293,0.4298510750928875,10.3164258022293,0.4298510750928875,10.3164258022293,0.4298510750928875,0.5591835542380608,0.0,0.0,0.0304234818524374,0.0,0.0,0.4940373129089574,0.0,696.33445379229,-0.14925580309966754,0.032
raceline_xy,20260415_212047_eb9da4db,1509,48.319999999998224,403.06490257334104,-145.9768387656483,5.9354918522935565,-0.2459386830137471,5.940584934536811,0.24752437227236712,-2.5887991870337625,-0.220949079950331,1.144603419784472,5.7230170989223605,0.30587305939343334,0.0352969072302578,0.0,0.0,0.36596605775898394,10.471200651163631,0.436300027131818,10.471200651163631,0.436300027131818,10.471200651163631,0.436300027131818,0.5445760289390513,0.0,0.0,0.032779703165466204,0.0,0.0,0.5041825077396237,0.0,688.5135589168698,-0.18045495645823417,0.032
raceline_xy,20260415_212047_eb9da4db,1510,48.35199999999822,402.8981901152366,-146.0684879533809,5.939535573910067,-0.257425306738003,5.945111489475394,0.24771297872814144,-2.595632068652078,-0.21339572832304157,1.1566838681298204,5.783419340649101,0.29889794468335307,0.039801816135242696,0.0,0.0,0.3661081138746425,10.622464948971981,0.44260270620716585,10.622464948971981,0.44260270620716585,10.622464948971981,0.44260270620716585,0.5307937548860906,0.0,0.0,0.035162927710171925,0.0,0.0,0.5189135371369641,0.0,684.4396594721447,-0.19419249805728708,0.032
raceline_xy,20260415_212047_eb9da4db,1511,48.38399999999822,402.73036138412664,-146.15784790933512,5.934463169581002,-0.2941501079406845,5.9417486817531175,0.24757286173971324,-2.602799503820872,-0.22392785005638358,1.1683130709351317,5.841565354675658,0.2910895278080754,0.04946113946231101,0.0,0.0,0.36632675419265776,10.858628074582368,0.45244283644093203,10.858628074582368,0.45244283644093203,10.858628074582368,0.45244283644093203,0.5101986100919085,0.0,0.0,0.03853722569948002,0.0,0.0,0.5716229140565533,0.0,687.4661864221938,-0.3141998687165031,0.032
raceline_xy,20260415_212047_eb9da4db,1512,48.41599999999821,402.5618391200752,-146.24553321923943,5.928668140019305,-0.30583572438913365,5.936551305664981,0.24735630440270753,-2.6102821922181825,-0.23381662707513728,1.1789195377162947,5.894597688581473,0.28338265681391883,0.05313554272180143,0.0,0.0,0.36647597267451526,11.023249765976137,0.45930207358233904,11.023249765976137,0.45930207358233904,11.023249765976137,0.45930207358233904,0.4964709713894955,0.0,0.0,0.041468822525127035,0.0,0.0,0.5666516061589001,0.0,692.1438249015167,-0.17543008857752446,0.032
raceline_xy,20260415_212047_eb9da4db,1513,48.44799999999821,402.39255322704906,-146.3306305062521,5.911243030215727,-0.3392293205735806,5.920968729372823,0.2467070303905343,-2.618475993339186,-0.2561171997418263,1.190010371046839,5.950051855234195,0.27491644916033753,0.05609439433804786,0.0,0.0,0.3666277608592378,11.194488869610309,0.46643703623376287,11.194488869610309,0.46643703623376287,11.194488869610309,0.46643703623376287,0.4827085516505303,0.0,0.0,0.044797115248514055,0.0,0.0,0.5904602688604891,0.0,706.1681435644591,-0.14478719964518713,0.032
raceline_xy,20260415_212047_eb9da4db,1514,48.479999999998206,402.2226500217101,-146.4133712741104,5.894603764254781,-0.36021043613827297,5.905599469644852,0.24606664456853553,-2.627376372095801,-0.2782668975296263,1.201316779821398,6.00658389910699,0.2656995689054873,0.05791055030757919,0.0,0.0,0.3667819499599665,11.316762762269631,0.4715317817612346,11.316762762269631,0.4715317817612346,11.316762762269631,0.4715317817612346,0.4731896592935527,0.0,0.0,0.04796853511104009,0.0,0.0,0.5887186510908821,0.0,720.0004773196324,-0.11389522318475637,0.032
raceline_xy,20260415_212047_eb9da4db,1515,48.5119999999982,402.0522699514557,-146.4944958363997,5.886322207575112,-0.3565796861495283,5.897112700632949,0.24571302919303953,-2.636711834939609,-0.29189165225471414,1.2121502921958383,6.060751460979191,0.2560153553405611,0.05923547662266637,0.0,0.0,0.3669383713570412,11.400339985409119,0.47501416605871327,11.400339985409119,0.47501416605871327,11.400339985409119,0.47501416605871327,0.4668256061458287,0.0,0.0,0.05091974532856475,0.0,0.0,0.5835894987401504,0.0,727.6385694303456,-0.09429315293655238,0.032
raceline_xy,20260415_212047_eb9da4db,1516,48.5439999999982,401.8815477487616,-146.57514210710377,5.891637921961385,-0.32085442252317264,5.900368205794122,0.24584867524142173,-2.64587615003959,-0.2864774479672485,1.2214791421269602,6.1073957106348,0.24648790513598495,0.060754568496755645,0.0,0.0,0.3670968567424234,11.488707309505791,0.4786961378960746,11.488707309505791,0.4786961378960746,11.488707309505791,0.4786961378960746,0.46021895515137956,0.0,0.0,0.053853883883051595,0.0,0.0,0.5898430146847992,0.0,724.7086147852901,-0.10008330178152422,0.032
raceline_xy,20260415_212047_eb9da4db,1517,48.575999999998196,401.71040280853146,-146.65562846382213,5.903499918318344,-0.28107493195722943,5.910187340766742,0.2462578058652809,-2.65442530046764,-0.2671379424385864,1.2290880759376819,6.145440379688409,0.23756579282277945,0.06290164805486897,0.0,0.0,0.36725723825733486,11.582427844866661,0.48260116020277755,11.582427844866661,0.48260116020277755,11.582427844866661,0.48260116020277755,0.4533457828422076,0.0,0.0,0.05671928887598443,0.0,0.0,0.5977709975272201,0.0,715.8713933099322,-0.12322418064394489,0.032
raceline_xy,20260415_212047_eb9da4db,1518,48.60799999999819,401.5385423822856,-146.7353059859075,5.913737511526701,-0.2667898073411865,5.9197523729070936,0.2466563488711289,-2.662389194103735,-0.24877931259015007,1.2357135905379404,6.1785679526897015,0.2292081323475501,0.06563268765091523,0.0,0.0,0.3674193486257875,11.681803709605855,0.4867418212335773,11.681803709605855,0.4867418212335773,11.681803709605855,0.4867418212335773,0.4462041935297467,0.0,0.0,0.05957196171810691,0.0,0.0,0.6085089675203157,0.0,707.2628643836154,-0.14348415165497375,0.032
raceline_xy,20260415_212047_eb9da4db,1519,48.63999999999819,401.36582235828183,-146.8135985424737,5.919869656148132,-0.2724232084763951,5.926134587595862,0.24692227448316093,-2.67001870205449,-0.23831828394364207,1.2419607429333235,6.209803714666617,0.2211547581712625,0.06867860065979059,0.0,0.0,0.3675830212863396,11.787024106688854,0.4911260044453689,11.787024106688854,0.4911260044453689,11.787024106688854,0.4911260044453689,0.4388021426286919,0.0,0.0,0.062493644281956,0.0,0.0,0.6211149943884031,0.0,701.5188711637238,-0.1532405410420626,0.032
raceline_xy,20260415_212047_eb9da4db,1520,48.671999999998185,401.1922620294124,-146.89021490612828,5.921800014792991,-0.2862610910946759,5.9287149389624885,0.247029789123437,-2.677577890591098,-0.23614201610724314,1.2481080321284093,6.240540160642046,0.21313734588143074,0.07175281479119544,0.0,0.0,0.36774809052417434,11.898227453535611,0.49575947723065045,11.898227453535611,0.49575947723065045,11.898227453535611,0.49575947723065045,0.43115232213950705,0.0,0.0,0.06555993996771155,0.0,0.0,0.63492642503028,0.0,699.19655493376,-0.15282070880141996,0.032
raceline_xy,20260415_212047_eb9da4db,1521,48.70399999999818,401.0179172511326,-146.9649358257853,5.919743810916591,-0.30443933699905124,5.927566962658263,0.24698195677742762,-2.685309967232726,-0.24158536730600416,1.2543532223386704,6.271766111693352,0.20491066894575782,0.07458511549241642,0.0,0.0,0.36791439160542705,12.015491522544913,0.500645480106038,12.015491522544913,0.500645480106038,12.015491522544913,0.500645480106038,0.4232723482424845,0.0,0.0,0.06883745622418382,0.0,0.0,0.6497082955892556,0.0,700.2297336075629,-0.14281497454796493,0.032
raceline_xy,20260415_212047_eb9da4db,1522,48.73599999999818,400.8429214225643,-147.03790288450716,5.916561644837476,-0.3154406797733573,5.924964516317191,0.2468735215132163,-2.6932832995180283,-0.24915556198179964,1.2603774367712854,6.301887183856427,0.19688620458173078,0.07185836338724094,0.0,0.0,0.3679979529101796,12.076401157410835,0.5031833815587848,12.076401157410835,0.5031833815587848,12.076401157410835,0.5031833815587848,0.41925295249000705,0.0,0.0,0.07148551983273012,0.0,0.0,0.6388397528454565,0.0,702.5719353145278,-0.00744001575368472,0.032
raceline_xy,20260415_212047_eb9da4db,1523,48.767999999998175,400.66742896895767,-147.10967892731102,5.917091552124185,-0.30799815456597557,5.92510213409317,0.24687925558721543,-2.701348270157218,-0.2520149705789356,1.2651821355309016,6.325910677654508,0.18826816938587676,0.07401542324756827,0.0,0.0,0.3681603149271852,12.199959536668779,0.5083316473611991,12.199959536668779,0.5083316473611991,12.199959536668779,0.5083316473611991,0.4112498105624489,0.0,0.0,0.07511030808037551,0.0,0.0,0.669779870818099,0.0,702.4480793161464,-0.12082744561540093,0.032
raceline_xy,20260415_212047_eb9da4db,1524,48.79999999999817,400.4920060985366,-147.18250234848443,5.930893999841043,-0.23534416027183092,5.935561516076178,0.24731506316984075,-2.7084507367751094,-0.22177898880920835,1.2669831602280264,6.334915801140132,0.1801410432141144,0.08150051421386495,0.0,0.0,0.3683895607312694,12.38893440732084,0.5162056003050349,12.38893440732084,0.5162056003050349,12.38893440732084,0.5162056003050349,0.3993861931607814,0.0,0.0,0.07952960791121565,0.0,0.0,0.7046700064423004,0.0,693.0346355314393,-0.2841717915022818,0.032
raceline_xy,20260415_212047_eb9da4db,1525,48.83199999999817,400.3157007362206,-147.2536424164363,5.935728820554387,-0.25391874051580565,5.941157408951989,0.24754822537299956,-2.715316557418542,-0.2144182102636064,1.2685950325094262,6.3429751625471305,0.1726962306181128,0.08421972642478259,0.0,0.0,0.36854321040727056,12.523319716887624,0.521804988203651,12.523319716887624,0.521804988203651,12.523319716887624,0.521804988203651,0.39121579409428087,0.0,0.0,0.08324564013737301,0.0,0.0,0.7018807612015571,0.0,687.9983319432093,-0.1801235049485238,0.032
raceline_xy,20260415_212047_eb9da4db,1526,48.863999999998164,400.13848752923633,-147.3215322235517,5.922079370058435,-0.3137720145047056,5.930385901638952,0.24709941256828968,-2.7228084861631014,-0.23410323030806268,1.271645569615659,6.358227848078295,0.1645668614653677,0.0862120192293876,0.0,0.0,0.3686974684970673,12.665400220625472,0.527725009192728,12.665400220625472,0.527725009192728,12.665400220625472,0.527725009192728,0.3828082773664061,0.0,0.0,0.08745866598250003,0.0,0.0,0.724532671033067,0.0,697.6926885249427,-0.15346036911280317,0.032
raceline_xy,20260415_212047_eb9da4db,1527,48.89599999999816,399.9607759539195,-147.38701091994247,5.908647149433618,-0.34069614657431946,5.918461371066014,0.2466025571277506,-2.730975659253561,-0.2552753109389458,1.2752370332948693,6.376185166474346,0.15571818474161292,0.08743758915088495,0.0,0.0,0.36885229424333,12.815915410257379,0.5339964754273908,12.815915410257379,0.5339964754273908,12.815915410257379,0.5339964754273908,0.3741507325242619,0.0,0.0,0.09207474472939034,0.0,0.0,0.7436103624439592,0.0,708.4247660405869,-0.12320358701249998,0.032
raceline_xy,20260415_212047_eb9da4db,1528,48.92799999999816,399.7827297604571,-147.45080499793303,5.900398689005451,-0.3421433415181119,5.91031020804851,0.24626292533535457,-2.7396205962580185,-0.2702338331004375,1.2786627367185637,6.393313683592818,0.1463593884180212,0.08810304292572324,0.0,0.0,0.36900764643418293,12.975627803016387,0.5406511584590161,12.975627803016387,0.5406511584590161,12.975627803016387,0.5406511584590161,0.3652335095560044,0.0,0.0,0.09704281584837433,0.0,0.0,0.7619238030819799,0.0,715.7608127563407,-0.10160163932918512,0.032
raceline_xy,20260415_212047_eb9da4db,1529,48.95999999999815,399.6044006269226,-147.51385427911333,5.902380557195308,-0.31604077922809704,5.91083564448313,0.2462848185201304,-2.7482601477161657,-0.2700268288500981,1.2810476635920454,6.405238317960227,0.13698811849265446,0.08869812858616744,0.0,0.0,0.36916348343955835,13.14533713371117,0.5477223805712987,13.14533713371117,0.5477223805712987,13.14533713371117,0.5477223805712987,0.3560496465461078,0.0,0.0,0.1022333032423298,0.0,0.0,0.7790856143898769,0.0,715.2879199651829,-0.10006474969010581,0.032
raceline_xy,20260415_212047_eb9da4db,1530,48.99199999999815,399.42570068989863,-147.57651906902768,5.911005682616918,-0.2829691379877033,5.917774895430123,0.24657395397625512,-2.756485609426899,-0.25701030199260355,1.2821013470333502,6.41050673516675,0.12801821825783133,0.08959495558753172,0.0,0.0,0.369319763245831,13.325092991407605,0.5552122079753169,13.325092991407605,0.5552122079753169,13.325092991407605,0.5552122079753169,0.3466356922438756,0.0,0.0,0.10758201651591906,0.0,0.0,0.7973296811109714,0.0,709.0425941128893,-0.11444965078456734,0.032
raceline_xy,20260415_212047_eb9da4db,1531,49.023999999998146,399.24647910342844,-147.638494799352,5.920229793248355,-0.2634400102890935,5.926088207568849,0.24692034198203539,-2.764190918273105,-0.24069663674669334,1.2821771457160345,6.410885728580172,0.11955054553529232,0.09094376284979733,0.0,0.0,0.3694764434888925,13.516326876880647,0.5631802865366936,13.516326876880647,0.5631802865366936,13.516326876880647,0.5631802865366936,0.33695893207959493,0.0,0.0,0.11313079192514693,0.0,0.0,0.8185963074288418,0.0,701.5606131880353,-0.1319326700753189,0.032
raceline_xy,20260415_212047_eb9da4db,1532,49.05599999999814,399.06661993740533,-147.69922152183378,5.926469964098209,-0.2634151246861618,5.932321110937241,0.24718004628905169,-2.7715577560635367,-0.2301066057308348,1.281858171689058,6.4092908584452895,0.11139447750689202,0.09255864573766415,0.0,0.0,0.3696334814858189,13.719258488771224,0.5716357703654676,13.719258488771224,0.5716357703654676,13.719258488771224,0.5716357703654676,0.32705381635430086,0.0,0.0,0.1189583169640168,0.0,0.0,0.8423751468187473,0.0,695.951000156483,-0.1413138956665665,0.032
raceline_xy,20260415_212047_eb9da4db,1533,49.08799999999814,398.88611720021805,-147.75830210678396,5.9287807338842855,-0.2754609443435265,5.935176469350858,0.24729901955628575,-2.7788434254191507,-0.22759002463019115,1.281539798639293,6.4076989931964645,0.10328668228157056,0.0941774105923785,0.0,0.0,0.3697908342652729,13.84881747519282,0.5770340614663675,13.84881747519282,0.5770340614663675,13.84881747519282,0.5770340614663675,0.32091752490799186,0.0,0.0,0.1238210416079175,0.0,0.0,0.8330453433308478,0.0,693.3811775842274,-0.14022237425423525,0.032
raceline_xy,20260415_212047_eb9da4db,1534,49.119999999998136,398.7050564497239,-147.8156603926283,5.928274058171975,-0.2882232101919655,5.935276398592418,0.24730318327468406,-2.7862238419934657,-0.23057849021510626,1.281285343740874,6.4064267187043695,0.09505045348679975,0.09561858844711457,0.0,0.0,0.36994845859677894,13.628347936843276,0.5678478307018032,13.628347936843276,0.5678478307018032,13.628347936843276,0.5678478307018032,0.33144603834504105,0.0,0.0,0.1232550341795517,0.0,0.0,0.7026861236646151,0.0,693.2912412668236,-0.13243773504887452,0.032
raceline_xy,20260415_212047_eb9da4db,1535,49.15199999999813,398.5235250043242,-147.87141273959875,5.926998687905335,-0.29575551854543436,5.934373157561095,0.2472655482317123,-2.7937561999140907,-0.23534764927730456,1.2809738104105413,6.404869052052706,0.08663174586970479,0.09681877459986632,0.0,0.0,0.37010631101899777,13.418321639909692,0.5590967349962371,13.418321639909692,0.5590967349962371,13.418321639909692,0.5590967349962371,0.3418755880014519,0.0,0.0,0.12277983445044004,0.0,0.0,0.6855599447830545,0.0,694.1041581950143,-0.12267487129238586,0.032
raceline_xy,20260415_212047_eb9da4db,1536,49.18399999999813,398.3415922221793,-147.9258345588741,5.927026782121213,-0.29400153290225806,5.9343140612315946,0.24726308588464976,-2.801369952035836,-0.23789588362205244,1.2803349192041154,6.401674596020577,0.07810527016762414,0.09784165272461331,0.0,0.0,0.3702643478671259,13.218125228643217,0.550755217860134,13.218125228643217,0.550755217860134,13.218125228643217,0.550755217860134,0.35219960960970287,0.0,0.0,0.12236452483003635,0.0,0.0,0.6685543946559459,0.0,694.1573448915645,-0.11605165017210989,0.032
raceline_xy,20260415_212047_eb9da4db,1537,49.215999999998125,398.15927947349763,-147.9791749977811,5.929268567028048,-0.2849810536433186,5.936113201488201,0.24733805006200837,-2.8089336990748537,-0.2363229261904038,1.2791331413357534,6.395665706678766,0.06960561973610035,0.09881110970205276,0.0,0.0,0.37042252529953673,13.027205383434083,0.5428002243097535,13.027205383434083,0.5428002243097535,13.027205383434083,0.5428002243097535,0.36241118109330284,0.0,0.0,0.12196964615125246,0.0,0.0,0.6517934430545985,0.0,692.5381186606187,-0.11475980956804213,0.032
raceline_xy,20260415_212047_eb9da4db,1538,49.24799999999812,397.9765664974636,-148.03150507370145,5.932980533914867,-0.2749325045112252,5.93934726193456,0.24747280258060667,-2.8163471189341793,-0.23161040129623972,1.2773097341841537,6.386548670920768,0.06123412867750577,0.09981710894754503,0.0,0.0,0.37058071821950855,12.845116738688173,0.5352131974453406,12.845116738688173,0.5352131974453406,12.845116738688173,0.5352131974453406,0.3724999414906045,0.0,0.0,0.12157741354369539,0.0,0.0,0.6357578328260235,0.0,689.6274642588957,-0.11718754986701865,0.032
raceline_xy,20260415_212047_eb9da4db,1539,49.27999999999812,397.7934268901934,-148.08275202294993,5.936896230861232,-0.26828585899804724,5.942955002198202,0.24762312509159176,-2.8235878388296083,-0.2262041359388239,1.2749142069884951,6.374571034942475,0.053011977645935904,0.10083574472757695,0.0,0.0,0.37073738471063555,12.672064339606631,0.528002680816943,12.672064339606631,0.528002680816943,12.672064339606631,0.528002680816943,0.3824196102640709,0.0,0.0,0.12120979815746047,0.0,0.0,0.6209755308580647,0.0,686.3804980216178,-0.12012249584944446,0.032
raceline_xy,20260415_212047_eb9da4db,1540,49.311999999998115,397.60984874974747,-148.132784828619,5.940094339647447,-0.26637571801195303,5.946063974349589,0.24775266559789955,-2.830699133025319,-0.22215946539031634,1.2721340352633326,6.360670176316662,0.04489387781947318,0.10186966432602018,0.0,0.0,0.37089408171897503,12.506677791827485,0.5211115746594785,12.506677791827485,0.5211115746594785,12.506677791827485,0.5211115746594785,0.3922159216630017,0.0,0.0,0.12086497817688843,0.0,0.0,0.6068459179520199,0.0,683.5824230853694,-0.12408661098585039,0.032
raceline_xy,20260415_212047_eb9da4db,1541,49.34399999999811,397.42584439916635,-148.18151429097452,5.94234599910201,-0.26737999887562536,5.948358432109012,0.24784826800454218,-2.837742488743145,-0.22004271048082621,1.2690770329116263,6.345385164558131,0.036817061551561725,0.10286157695040954,0.0,0.0,0.3710507868221502,12.348428033581076,0.5145178347325449,12.348428033581076,0.5145178347325449,12.348428033581076,0.5145178347325449,0.40189171926826983,0.0,0.0,0.12055748732390746,0.0,0.0,0.5934368230439117,0.0,681.5174111018885,-0.12289202997339188,0.032
raceline_xy,20260415_212047_eb9da4db,1542,49.37599999999811,397.241436778807,-148.22886897931502,5.9435678461441706,-0.27029349169174943,5.949710691568941,0.24790461214870588,-2.844785019864439,-0.22002736987292237,1.265831136112929,6.329155680564645,0.02871344957792976,0.10374851696459997,0.0,0.0,0.37120747707623286,12.196788332817277,0.5081995138673866,12.196788332817277,0.5081995138673866,12.196788332817277,0.5081995138673866,0.41145273854995423,0.0,0.0,0.12029991474523549,0.0,0.0,0.5806506989136706,0.0,680.3003775879524,-0.11815565487389815,0.032
raceline_xy,20260415_212047_eb9da4db,1543,49.407999999998104,397.05666231242776,-148.2749181721029,5.944655854477399,-0.27074421831017825,5.950818066444378,0.24795075276851575,-2.8518370844949743,-0.22033263640575712,1.262343639340981,6.311718196704905,0.020573905095549794,0.10452422881032275,0.0,0.0,0.3713641290359225,12.051303672162003,0.5021376530067502,12.051303672162003,0.5021376530067502,12.051303672162003,0.5021376530067502,0.42090310992459967,0.0,0.0,0.1200851078220626,0.0,0.0,0.5681380638626977,0.0,679.3037402000595,-0.11292688062599024,0.032
raceline_xy,20260415_212047_eb9da4db,1544,49.4399999999981,396.871546913811,-148.3197899732459,5.946377205365926,-0.2672917595169466,5.952381603459337,0.24801590014413902,-2.858860382067471,-0.21943538134407894,1.258505519757547,6.292527598787735,0.012438796593956525,0.10523107266057474,0.0,0.0,0.3715207187739921,11.91155890968827,0.49631495457034464,11.91155890968827,0.49631495457034464,11.91155890968827,0.49631495457034464,0.4302469207083983,0.0,0.0,0.11989640030522346,0.0,0.0,0.5557997097264484,0.0,677.8965568865966,-0.10916294538524735,0.032
raceline_xy,20260415_212047_eb9da4db,1545,49.4719999999981,396.68609927067644,-148.36358547440423,5.948919763319007,-0.26122109170054886,5.9546521988405585,0.24811050828502326,-2.8657982500791253,-0.21676320341316901,1.2542361899691006,6.271180949845503,0.0043663735060262,0.10593998429237317,0.0,0.0,0.3716772219000285,11.777027315462185,0.49070947147759103,11.777027315462185,0.49070947147759103,11.777027315462185,0.49070947147759103,0.4394984717278394,0.0,0.0,0.11971541698489555,0.0,0.0,0.5436644522932573,0.0,675.8530210434969,-0.10747514465365299,0.032
raceline_xy,20260415_212047_eb9da4db,1546,49.50399999999809,396.50031745814636,-148.4063400319486,5.951983573622799,-0.25482975823201826,5.957436249458001,0.2482265103940834,-2.872609663520204,-0.21280814097710266,1.2495200364894223,6.247600182447111,-0.003601791234654428,0.10679281434467525,0.0,0.0,0.37183361357849487,11.64602085123515,0.48525086880146456,11.64602085123515,0.48525086880146456,11.64602085123515,0.48525086880146456,0.44875861600643274,0.0,0.0,0.11760875102417803,0.0,0.0,0.5313603396870386,0.0,673.3473754877984,-0.10712827276809389,0.032
raceline_xy,20260415_212047_eb9da4db,1547,49.53599999999809,396.3141992862035,-148.44803365090831,5.955106376187215,-0.24984088121834813,5.960344991494502,0.24834770797893757,-2.87928465175451,-0.20854344995737495,1.244394564102593,6.221972820512965,-0.011456016823755188,0.10769188898077431,0.0,0.0,0.37198986854614313,11.519852960843224,0.47999387336846766,11.519852960843224,0.47999387336846766,11.519852960843224,0.47999387336846766,0.4579197363078382,0.0,0.0,0.11338064859376921,0.0,0.0,0.5200548413316401,0.0,670.7295076549481,-0.10684460913672575,0.032
raceline_xy,20260415_212047_eb9da4db,1548,49.56799999999809,396.12774937598977,-148.48862887141144,5.957962182430968,-0.24663711363137342,5.963064919409984,0.24846103830874933,-2.8858386378209353,-0.2047635386288697,1.2389122800981442,6.194561400490721,-0.01921225044462327,0.10862374423932675,0.0,0.0,0.37214596112880116,11.398244036810356,0.47492683486709814,11.398244036810356,0.47492683486709814,11.398244036810356,0.47492683486709814,0.4669838187889943,0.0,0.0,0.1093600595568353,0.0,0.0,0.5092299663887774,0.0,668.2815725310141,-0.10564572969980626,0.032
raceline_xy,20260415_212047_eb9da4db,1549,49.59999999999808,395.9409807781687,-148.52810935049305,5.960486494678387,-0.2443866838359312,5.96549445599271,0.24856226899969625,-2.8922941052026445,-0.20168807283941204,1.233102727573968,6.16551363786984,-0.0268929109381153,0.10956738972839775,0.0,0.0,0.3723018652575633,11.28094381563081,0.47003932565128376,11.28094381563081,0.47003932565128376,11.28094381563081,0.47003932565128376,0.4759522041363158,0.0,0.0,0.10552805260943221,0.0,0.0,0.4988139373034619,0.0,666.0949896065607,-0.10332315577968873,0.032
raceline_xy,20260415_212047_eb9da4db,1550,49.63199999999808,395.7539104082529,-148.56649260783087,5.962827965777646,-0.24196158646937094,5.967735144825611,0.24865563103440047,-2.8986644300128157,-0.19903095091232953,1.2269607746571678,6.134803873285839,-0.03450929406409209,0.11051049325203133,0.0,0.0,0.3724575544844098,11.167740265423038,0.4653225110592933,11.167740265423038,0.4653225110592933,11.167740265423038,0.4653225110592933,0.4848246441868813,0.0,0.0,0.10186924940227707,0.0,0.0,0.4887241822389351,0.0,664.0783696569495,-0.10028997770800749,0.032
raceline_xy,20260415_212047_eb9da4db,1551,49.663999999998076,395.56655436634276,-148.6038233847365,5.965198064615471,-0.23856054888279976,5.96996642248308,0.248748600936795,-2.9049471541553933,-0.19629625910501847,1.2204538559127174,6.102269279563586,-0.04206012130111425,0.11145612308337993,0.0,0.0,0.3726130019972798,11.058406832137075,0.46076695133904483,11.058406832137075,0.46076695133904483,11.058406832137075,0.46076695133904483,0.4936032609741421,0.0,0.0,0.09837234937940478,0.0,0.0,0.4788916283859231,0.0,662.0702197652276,-0.09719255697440769,0.032
raceline_xy,20260415_212047_eb9da4db,1552,49.69599999999807,395.37892521452994,-148.64015505784138,5.967735689178156,-0.2340303294211281,5.972322785230186,0.2488467827179244,-2.911128335041523,-0.19312487106479237,1.2135406722961064,6.067703361480532,-0.049530567217059396,0.1124184125253076,0.0,0.0,0.37276818063462475,10.952756271833938,0.4563648446597474,10.952756271833938,0.4563648446597474,10.952756271833938,0.4563648446597474,0.5022882434811327,0.0,0.0,0.09503176890790374,0.0,0.0,0.4693107517205702,0.0,659.9494932928324,-0.0944755243736421,0.032
raceline_xy,20260415_212047_eb9da4db,1553,49.72799999999807,395.1910312049898,-148.67552898011957,5.970454166158743,-0.2288648377217235,5.974839082699021,0.24895162844579255,-2.9171913529874,-0.18943357632149768,1.2061917300459335,6.0309586502296675,-0.05690332908172291,0.11341376583937768,0.0,0.0,0.3729230628994667,10.85061864861644,0.4521091103590183,10.85061864861644,0.4521091103590183,10.85061864861644,0.4521091103590183,0.5108793747842224,0.0,0.0,0.09184374570131142,0.0,0.0,0.45999782681134527,0.0,657.6848255708805,-0.0922041039737752,0.032
raceline_xy,20260415_212047_eb9da4db,1554,49.759999999998065,395.0028789122818,-148.7099703901829,5.973270627233975,-0.22363434920035385,5.977455504503436,0.24906064602097652,-2.9231246283375487,-0.18538046459492513,1.198399452061647,5.991997260308235,-0.06416639422427206,0.11446283316681294,0.0,0.0,0.37307804749435414,10.751728325171312,0.44798868021547134,10.751728325171312,0.44798868021547134,10.751728325171312,0.44798868021547134,0.5193857240936168,0.0,0.0,0.08880169243485919,0.0,0.0,0.4509321513556376,0.0,655.3300459469069,-0.09015588153066624,0.032
raceline_xy,20260415_212047_eb9da4db,1555,49.79199999999806,394.8144754443261,-148.74349381548103,5.976084617277901,-0.21868535516534005,5.98008450086028,0.249170187535845,-2.9289242807063527,-0.18120650709163708,1.190227267068405,5.951136335342025,-0.07131560790465796,0.11566065114206614,0.0,0.0,0.3732372025802807,10.654928115673831,0.4439553381530763,10.654928115673831,0.4439553381530763,10.654928115673831,0.4439553381530763,0.5278973209113262,0.0,0.0,0.08587696224355686,0.0,0.0,0.44173789103706523,0.0,652.9639492257476,-0.08809735499622869,0.032
raceline_xy,20260415_212047_eb9da4db,1556,49.82399999999806,394.62582945223835,-148.77611264658552,5.9788352055106575,-0.2140350759812043,5.982665077405215,0.2492777115585506,-2.934591818433579,-0.1770801246831904,1.1816088221282208,5.908044110641104,-0.07835221379306256,0.11690245436917479,0.0,0.0,0.37339597465304053,10.561279708316835,0.4400533211798681,10.561279708316835,0.4400533211798681,10.561279708316835,0.4400533211798681,0.5363112752755534,0.0,0.0,0.08308950390897729,0.0,0.0,0.4332112909908971,0.0,650.6414303353065,-0.08595061234206454,0.032
raceline_xy,20260415_212047_eb9da4db,1557,49.855999999998055,394.4369508069346,-148.8078450791179,5.98150947009934,-0.20951292030553192,5.985177625155584,0.24938240104814935,-2.9401302871630293,-0.17304917538371534,1.1725343434189721,5.862671717094861,-0.08527891434367874,0.11818631739158647,0.0,0.0,0.3735543538342327,10.47062364779484,0.436275985324785,10.47062364779484,0.436275985324785,10.47062364779484,0.436275985324785,0.5446295215602746,0.0,0.0,0.08043147565596682,0.0,0.0,0.42494396615617214,0.0,648.3801373599737,-0.08369302388232268,0.032
raceline_xy,20260415_212047_eb9da4db,1558,49.88799999999805,394.24784968626483,-148.8387140287737,5.984118496272076,-0.20496102721246645,5.987627510133005,0.2494844795888752,-2.945541999167146,-0.1690905523737778,1.1629894734863515,5.814947367431757,-0.09209760545970758,0.1195110537933064,0.0,0.0,0.37371232986531533,10.382819082765522,0.43261746178189675,10.382819082765522,0.43261746178189675,10.382819082765522,0.43261746178189675,0.5528532064980292,0.0,0.0,0.07789569845542274,0.0,0.0,0.41691945006351344,0.0,646.1752408802952,-0.08136758342236594,0.032
raceline_xy,20260415_212047_eb9da4db,1559,49.91999999999805,394.05853591746603,-148.8687454934359,5.986680582967724,-0.2002853483710917,5.99002993508838,0.2495845806286825,-2.9508275917472764,-0.16515177871173362,1.1529569728322453,5.764784864161226,-0.0988084625634742,0.12087715651872788,0.0,0.0,0.37386989211607663,10.297733898750165,0.42907224578125686,10.297733898750165,0.42907224578125686,10.297733898750165,0.42907224578125686,0.5609834809756205,0.0,0.0,0.0754757776028921,0.0,0.0,0.40912281459916305,0.0,644.0130584204577,-0.07904622642529364,0.032
raceline_xy,20260415_212047_eb9da4db,1560,49.951999999998044,393.8690186702469,-148.89796619359294,5.989207982511995,-0.19547383600796375,5.992397039444988,0.24968320997687452,-2.955986320367554,-0.16118961066471918,1.1424191000120616,5.7120955000603075,-0.10541027070409603,0.12228650354143555,0.0,0.0,0.37402702959296774,10.215244040257966,0.42563516834408194,10.215244040257966,0.42563516834408194,10.215244040257966,0.42563516834408194,0.5690214988388922,0.0,0.0,0.07316605355378168,0.0,0.0,0.40154405219023254,0.0,641.8826644995103,-0.07678395849871261,0.032
raceline_xy,20260415_212047_eb9da4db,1561,49.98399999999804,393.6793064668149,-148.9264015791527,5.991701409761643,-0.19057771040900928,5.994731490854649,0.24978047878561038,-2.9610170355948338,-0.15719138859097753,1.1313596100451786,5.656798050225893,-0.111901431491233,0.12383091548086655,0.0,0.0,0.3741837309472947,10.134339997370137,0.42226416655708904,10.134339997370137,0.42226416655708904,10.134339997370137,0.42226416655708904,0.5770579514515868,0.0,0.0,0.07094604513486752,0.0,0.0,0.3938092126770677,0.0,639.7816582308153,-0.07459499881131336,0.032
raceline_xy,20260415_212047_eb9da4db,1562,50.01599999999804,393.48940737513163,-148.9540750432026,5.994152697456624,-0.18566806914271916,5.997027529728849,0.2498761470720354,-2.9659191099689934,-0.15317343757283244,1.119764552770232,5.598822763851159,-0.1182809009252348,0.12546728274771368,0.0,0.0,0.3743399844832682,10.05540069343963,0.4189750288933179,10.05540069343963,0.4189750288933179,10.05540069343963,0.4189750288933179,0.5850491217131966,0.0,0.0,0.06881955615061404,0.0,0.0,0.3863928985808961,0.0,637.7152232440352,-0.07245756490070689,0.032
raceline_xy,20260415_212047_eb9da4db,1563,50.047999999998034,393.2993292178631,-148.98100837505234,5.996551452555018,-0.1807955099013131,5.999276317985375,0.24996984658272395,-2.9706928311307825,-0.14916436038277153,1.1076218499646144,5.538109249823072,-0.12454857475242642,0.12712829714474738,0.0,0.0,0.37449577816590957,9.978999484000173,0.4157916451666739,9.978999484000173,0.4157916451666739,9.978999484000173,0.4157916451666739,0.5929280087900386,0.0,0.0,0.0667932346984957,0.0,0.0,0.37941446915547056,0.0,635.6913138131621,-0.07033639170763005,0.032
raceline_xy,20260415_212047_eb9da4db,1564,50.07999999999803,393.10907968395736,-149.00722283705068,5.998890791429928,-0.17597262947485204,6.001471244105655,0.2500613018377356,-2.975339208180884,-0.1451866920437959,1.0949202674470255,5.474601337235128,-0.13070352634364335,0.12880084428363814,0.0,0.0,0.37465109962881105,9.905159391075571,0.4127149746281488,9.905159391075571,0.4127149746281488,9.905159391075571,0.4127149746281488,0.6006814398272171,0.0,0.0,0.06486440570614456,0.0,0.0,0.372704183098496,0.0,633.7158803049099,-0.06820572467016493,0.032
raceline_xy,20260415_212047_eb9da4db,1565,50.11199999999803,392.91866632093235,-149.0327401045201,6.001169398544809,-0.1711817872725614,6.003610359968782,0.25015043166536594,-2.9798594683501403,-0.14124722888416155,1.0816485384470151,5.408242692235075,-0.1367470587803452,0.13047075965661126,0.0,0.0,0.37480593618175106,9.833895352860862,0.4097456397025359,9.833895352860862,0.4097456397025359,9.833895352860862,0.4097456397025359,0.6082968279038155,0.0,0.0,0.06302986002950783,0.0,0.0,0.36625972864699236,0.0,631.7906760280958,-0.06606035735993636,0.032
raceline_xy,20260415_212047_eb9da4db,1566,50.14399999999802,392.7280964564965,-149.05758260852429,6.003390044410413,-0.16639647563743976,6.0056956143673,0.2502373172653042,-2.984254604582408,-0.13733863175304792,1.0677950946990016,5.338975473495007,-0.14268085239361206,0.13212333265431253,0.0,0.0,0.3749602748181624,9.765223892687196,0.4068843288619665,9.765223892687196,0.4068843288619665,9.765223892687196,0.4068843288619665,0.6157612189180965,0.0,0.0,0.06128643627961604,0.0,0.0,0.36008182624986196,0.0,629.9139470694292,-0.06391236183352328,0.032
raceline_xy,20260415_212047_eb9da4db,1567,50.17599999999802,392.5373771190999,-149.08177327808738,6.005556529709412,-0.16160084125633656,6.007730358748645,0.2503220982811935,-2.9885252001981026,-0.1334480931667217,1.053348408356759,5.266742041783795,-0.14850508482655078,0.13374354147944656,0.0,0.0,0.375114102222455,9.699173339898207,0.40413222249575864,9.699173339898207,0.40413222249575864,9.699173339898207,0.40413222249575864,0.6230601727655718,0.0,0.0,0.05963158344020467,0.0,0.0,0.35417619976807774,0.0,628.0826771262194,-0.06177951698729456,0.032
raceline_xy,20260415_212047_eb9da4db,1568,50.207999999998016,392.346515003885,-149.10533500154287,6.007671205193418,-0.1567974655950396,6.0097170278580645,0.2504048761607527,-2.9926715411570086,-0.1295663259455731,1.0382976283086354,5.191488141543177,-0.1542196380535268,0.13531600904089292,0.0,0.0,0.37526740477719145,9.635775875113023,0.40149066146304263,9.635775875113023,0.40149066146304263,9.635775875113023,0.40149066146304263,0.6301785968976668,0.0,0.0,0.058062986669096026,0.0,0.0,0.3485472840361769,0.0,626.2946749277415,-0.059674103031901946,0.032
raceline_xy,20260415_212047_eb9da4db,1569,50.23999999999801,392.1555164903685,-149.1282901824673,6.009734196899798,-0.1520027228435723,6.011656173230362,0.2504856738845984,-2.9966938692524687,-0.12569196315715195,1.0226331405690392,5.113165702845196,-0.15982435818430707,0.13682482696094622,0.0,0.0,0.3754201685701166,9.575067538150993,0.398961147422958,9.575067538150993,0.398961147422958,9.575067538150993,0.398961147422958,0.6371007567089726,0.0,0.0,0.05657850958841734,0.0,0.0,0.3432003868976652,0.0,624.5494440926739,-0.05764808333924447,0.032
raceline_xy,20260415_212047_eb9da4db,1570,50.27199999999801,391.9643876847626,-149.15066055631704,6.01174407490248,-0.14723764486264812,6.013546852414952,0.25056445218395634,-3.000592550473959,-0.12182890124517211,1.006505479552681,5.032527397763405,-0.16531922639860852,0.13833263487484437,0.0,0.0,0.37557675061744794,9.516423784863775,0.3965176577026573,9.516423784863775,0.3965176577026573,9.516423784863775,0.3965176577026573,0.6438877499494557,0.0,0.0,0.05515982581753442,0.0,0.0,0.33786780616499373,0.0,622.847832826543,-0.0556440331459013,0.032
raceline_xy,20260415_212047_eb9da4db,1571,50.303999999998005,391.7731344418435,-149.17246630874922,6.013695669212942,-0.14254588763595422,6.015384853190394,0.25064103554959977,-3.0043687025413712,-0.11800065330810852,0.9898818798896096,4.949409399448048,-0.17070499957916452,0.1397904286810041,0.0,0.0,0.3757354324978538,9.460160645291582,0.3941733602204826,9.460160645291582,0.3941733602204826,9.460160645291582,0.3941733602204826,0.6504937080748654,0.0,0.0,0.05381102649631903,0.0,0.0,0.3328761970593815,0.0,621.193632128645,-0.05367094775675796,0.032
raceline_xy,20260415_212047_eb9da4db,1572,50.335999999998,391.5817624683376,-149.19372772005687,6.01558843795025,-0.13791832748816812,6.017169244741074,0.2507153851975447,-3.008023678656299,-0.11421458597395526,0.9726801112333514,4.863400556166757,-0.1759826689699966,0.14114174462586337,0.0,0.0,0.37589356110072863,9.406654021456115,0.39194391756067143,9.406654021456115,0.39194391756067143,9.406654021456115,0.39194391756067143,0.6568635386305974,0.0,0.0,0.05253853548450629,0.0,0.0,0.3282805505866181,0.0,619.5876797330334,-0.05173564821389702,0.032
raceline_xy,20260415_212047_eb9da4db,1573,50.367999999998,391.39027727298225,-149.2144649402013,6.017422656587064,-0.13335214917188254,6.018900084209412,0.25078750350872553,-3.0115589646608756,-0.11047485342926666,0.9549117706358976,4.774558853179488,-0.1811533609675724,0.14238041103757482,0.0,0.0,0.37605117149238315,9.355845968017269,0.38982691533405284,9.355845968017269,0.38982691533405284,9.355845968017269,0.38982691533405284,0.6629925739387694,0.0,0.0,0.051338514148388956,0.0,0.0,0.32393923846348255,0.0,618.0299242115286,-0.049834545347393525,0.032
raceline_xy,20260415_212047_eb9da4db,1574,50.399999999997995,391.1986841415473,-149.23469773587144,6.01919865764182,-0.12885150038037418,6.020577645816668,0.25085740190902783,-3.014976195865124,-0.10678613702855082,0.9364311422740145,4.682155711370072,-0.1857047858974359,0.14126164053856982,0.0,0.0,0.37612979314230177,9.33143650949115,0.38880985456213124,9.33143650949115,0.38880985456213124,9.33143650949115,0.38880985456213124,0.6659654109254536,0.0,0.0,0.05067376983610799,0.0,0.0,0.32962283371209417,0.0,616.5201187649984,-0.019318765855854486,0.032
raceline_xy,20260415_212047_eb9da4db,1575,50.43199999999799,391.00698710195957,-149.25446197884708,6.021015057036977,-0.12379384195332366,6.022287541488828,0.25092864756203453,-3.018296811640134,-0.10376742462325692,0.9171037168394441,4.585518584197221,-0.19068525787778068,0.14235829337430683,0.0,0.0,0.3762866905742811,9.284573313897608,0.38685722141240036,9.284573313897608,0.38685722141240036,9.284573313897608,0.38685722141240036,0.6717251131724646,0.0,0.0,0.04959500112647614,0.0,0.0,0.3177872004479374,0.0,614.9812126600541,-0.046175915536752155,0.032
raceline_xy,20260415_212047_eb9da4db,1576,50.46399999999799,390.8152237317239,-149.27439177435377,6.024029880470159,-0.10132966152962719,6.024882048729504,0.251036752030396,-3.021216006836365,-0.09122120127325353,0.8966383873195923,4.483191936597962,-0.19526642312843423,0.14362432847434548,0.0,0.0,0.37644315470145623,9.240188721320306,0.3850078633883461,9.240188721320306,0.3850078633883461,9.240188721320306,0.3850078633883461,0.6772443671095836,0.0,0.0,0.048638067720392926,0.0,0.0,0.31363439189337156,0.0,612.6461561434462,-0.057217751579859866,0.032
raceline_xy,20260415_212047_eb9da4db,1577,50.495999999997984,390.62333991128054,-149.29369821609396,6.025738998257677,-0.10447838056625869,6.026644688973225,0.2511101953738844,-3.0239779173058823,-0.08630745834942999,0.8758620747462298,4.3793103737311485,-0.19970444216147198,0.14481634020119039,0.0,0.0,0.37659921842492006,9.19820125705493,0.38325838571062204,9.19820125705493,0.38325838571062204,9.19820125705493,0.38325838571062204,0.6825239212827494,0.0,0.0,0.04775125029235549,0.0,0.0,0.31031219258099546,0.0,611.0597799240969,-0.05688164702501969,0.032
raceline_xy,20260415_212047_eb9da4db,1578,50.52799999999798,390.43135123392364,-149.3121518737981,6.026209976412115,-0.11446099387702768,6.027296906485379,0.25113737110355744,-3.026776982566421,-0.08747006517891137,0.8550417391071908,4.275208695535954,-0.20419706536784998,0.14570678693522154,0.0,0.0,0.3767549140665553,9.158799958724801,0.3816166649468667,9.158799958724801,0.3816166649468667,9.158799958724801,0.3816166649468667,0.6875306919697142,0.0,0.0,0.046895483886261254,0.0,0.0,0.30750207847098965,0.0,610.4727841631585,-0.04868846131841857,0.032
raceline_xy,20260415_212047_eb9da4db,1579,50.55999999999798,390.2392874735463,-149.32989658211326,6.026374131588569,-0.11925378419302946,6.027553951556488,0.25114808131485367,-3.029678452169037,-0.09067104051087907,0.8340731405637487,4.170365702818743,-0.20880557452927828,0.1462199284559329,0.0,0.0,0.3769102733892925,9.12200175328518,0.3800834063868825,9.12200175328518,0.3800834063868825,9.12200175328518,0.3800834063868825,0.6922531560841403,0.0,0.0,0.04605137411063608,0.0,0.0,0.30477056658653706,0.0,610.2414435991604,-0.0384313714485113,0.032
raceline_xy,20260415_212047_eb9da4db,1580,50.591999999997974,390.0471649831181,-149.34721048149703,6.027058477696584,-0.1151417584213672,6.028158219398909,0.2511732591416212,-3.032614556770353,-0.0917536292217782,0.8127200820488362,4.063600410244181,-0.2134581340911441,0.14641349970272177,0.0,0.0,0.3770653276187658,9.08781346788855,0.3786588944953562,9.08781346788855,0.3786588944953562,9.08781346788855,0.3786588944953562,0.6966814351761101,0.0,0.0,0.045227635782675475,0.0,0.0,0.30203319671327117,0.0,609.6976025409814,-0.03134851250094347,0.032
raceline_xy,20260415_212047_eb9da4db,1581,50.62399999999797,389.85498322677836,-149.3643135360472,6.028505412872089,-0.104736671191476,6.029415169261473,0.2512256320525614,-3.035460499827863,-0.08893585299733749,0.7908063051630981,3.9540315258154903,-0.2180280712882552,0.14640269784826643,0.0,0.0,0.37722010746629636,9.05623596027712,0.37734316501154663,9.05623596027712,0.37734316501154663,9.05623596027712,0.37734316501154663,0.7008068581669509,0.0,0.0,0.04444773755545868,0.0,0.0,0.2993944903499259,0.0,608.5663476646743,-0.029410541384181955,0.032
raceline_xy,20260415_212047_eb9da4db,1582,50.65599999999797,389.6627350646893,-149.38127255905368,6.030361771713303,-0.09339802645652029,6.03108500098342,0.25129520837430913,-3.038119458643486,-0.08309218316656924,0.7683099479632716,3.8415497398163576,-0.22241757418924957,0.14627515675179126,0.0,0.0,0.3773746431531339,9.027277712212571,0.3761365713421905,9.027277712212571,0.3761365713421905,9.027277712212571,0.3761365713421905,0.7046202362825724,0.0,0.0,0.04373356323767322,0.0,0.0,0.29705180347840643,0.0,607.063499114922,-0.031235787693022654,0.032
raceline_xy,20260415_212047_eb9da4db,1583,50.68799999999796,389.4704137302976,-149.39801981897864,6.03217990611526,-0.08545010727338054,6.032785106447415,0.2513660461019756,-3.040567425207236,-0.07649844691095449,0.7453447846053082,3.7267239230265408,-0.2266036482595135,0.14604607875999953,0.0,0.0,0.37752896443588224,9.000948066544566,0.37503950277269027,9.000948066544566,0.37503950277269027,9.000948066544566,0.37503950277269027,0.7081127640995044,0.0,0.0,0.04309152312474863,0.0,0.0,0.2950888358208679,0.0,605.5334041973261,-0.0338352769868934,0.032
raceline_xy,20260415_212047_eb9da4db,1584,50.71999999999796,389.2780163653121,-149.41443925189083,6.033713318705564,-0.08213683025357654,6.034272356399652,0.2514280148499855,-3.042845538923565,-0.07119060321681941,0.7220740182430319,3.610370091215159,-0.2306291430835108,0.14566587219031568,0.0,0.0,0.3776831006330298,8.97725772583397,0.3740524052430821,8.97725772583397,0.3740524052430821,8.97725772583397,0.3740524052430821,0.7112759897517993,0.0,0.0,0.04251252958656151,0.0,0.0,0.29348755449186237,0.0,604.1948792403131,-0.03470074785529291,0.032
raceline_xy,20260415_212047_eb9da4db,1585,50.751999999997956,389.0855460588817,-149.43045289404643,6.034923688635719,-0.08186091997928419,6.035478865663967,0.2514782860693319,-3.045019554745789,-0.06793772672176773,0.6986115551740278,3.493057775870139,-0.23456092291463726,0.14506631373948764,0.0,0.0,0.37783799162457254,8.956191963109344,0.373174665129556,8.956191963109344,0.373174665129556,8.956191963109344,0.373174665129556,0.7141054578000565,0.0,0.0,0.04198140668740607,0.0,0.0,0.29219051165054805,0.0,603.1090209024296,-0.03301634701853745,0.032
raceline_xy,20260415_212047_eb9da4db,1586,50.78399999999795,388.89301046130964,-149.44606089137534,6.035919252027787,-0.08188844554131397,6.0364747108318815,0.25151977961799504,-3.0471379956699494,-0.0662011581313211,0.6750340868460155,3.3751704342300775,-0.23844743304600113,0.14419508396891167,0.0,0.0,0.3779945184009432,8.937722299600665,0.3724050958166944,8.937722299600665,0.3724050958166944,8.937722299600665,0.3724050958166944,0.7165992515323882,0.0,0.0,0.04148528565189135,0.0,0.0,0.29114053982667404,0.0,602.2127602513062,-0.029595560611623703,0.032
raceline_xy,20260415_212047_eb9da4db,1587,50.81599999999795,388.7004176343499,-149.4613273317174,6.036872259387101,-0.08016308977702846,6.0374044751962845,0.25155851979984517,-3.049211965001901,-0.06481149117959463,0.6513872834218302,3.256936417109151,-0.24229874681092545,0.14302714168083241,0.0,0.0,0.378150921694009,8.921912906584812,0.3717463711077005,8.921912906584812,0.3717463711077005,8.921912906584812,0.3717463711077005,0.7187435835852263,0.0,0.0,0.0410197587387342,0.0,0.0,0.2903353480261339,0.0,601.3759723233435,-0.02596132380862355,0.032
raceline_xy,20260415_212047_eb9da4db,1588,50.847999999997946,388.5077729450659,-149.47633561589328,6.037907146622955,-0.07621485710049425,6.038388147153461,0.2515995061313942,-3.0512210855117834,-0.06278498352990437,0.6276604731491761,3.13830236574588,-0.24609318577789852,0.14158225956947668,0.0,0.0,0.37830721493563446,8.908735241721798,0.37119730173840826,8.908735241721798,0.37119730173840826,8.908735241721798,0.37119730173840826,0.7205378558057571,0.0,0.0,0.04058700431373078,0.0,0.0,0.28973894460595595,0.0,600.4906675618845,-0.02331555257192504,0.032
raceline_xy,20260415_212047_eb9da4db,1589,50.87999999999794,388.3150787565276,-149.49114645148995,6.039037638858508,-0.07094366065077623,6.0394543301970804,0.25164393042487837,-3.053134639290681,-0.05979852532896609,0.6038677890813776,3.0193389454068877,-0.2497990851491747,0.1398907121920665,0.0,0.0,0.37846341119671323,8.898165190004402,0.3707568829168501,8.898165190004402,0.3707568829168501,8.898165190004402,0.3707568829168501,0.7219816306245379,0.0,0.0,0.04019214097364732,0.0,0.0,0.2893760517581076,0.0,599.5311028226272,-0.021986425237601817,0.032
raceline_xy,20260415_212047_eb9da4db,1590,50.91199999999794,388.122335686047,-149.50578040145865,6.0401987928744845,-0.06572820982803823,6.040556402767015,0.25168985011529227,-3.054932026314866,-0.05616833322833349,0.5800657167559553,2.9003285837797765,-0.2533955035399398,0.13797281601546452,0.0,0.0,0.3786195232405677,8.89018296310387,0.3704242901293279,8.89018296310387,0.3704242901293279,8.89018296310387,0.3704242901293279,0.7230746296764252,0.0,0.0,0.039838593356154715,0.0,0.0,0.28927418588882775,0.0,598.5392375096862,-0.02151001228605677,0.032
raceline_xy,20260415_212047_eb9da4db,1591,50.943999999997935,387.9295440093326,-149.52022714840325,6.041317590622423,-0.061540313683926096,6.04163102489487,0.25173462603728625,-3.0566117255454444,-0.05249063795132413,0.5563440236655111,2.7817201183275553,-0.2568810378285913,0.13583280276789722,0.0,0.0,0.37877556357677067,8.88475235949695,0.3701980149790396,8.88475235949695,0.3701980149790396,8.88475235949695,0.3701980149790396,0.7238195682613835,0.0,0.0,0.03952537026499785,0.0,0.0,0.2894361290834889,0.0,597.5720775946166,-0.02111425401428129,0.032
raceline_xy,20260415_212047_eb9da4db,1592,50.97599999999793,387.7367047014262,-149.53446854551643,6.042355748589095,-0.05854038691406155,6.042639321472674,0.2517766383946947,-3.0581873307963354,-0.04923776395173984,0.5328030884623909,2.664015442311954,-0.26026951107946106,0.13348017838407067,0.0,0.0,0.378931544515318,8.881694155821561,0.3700705898258984,8.881694155821561,0.3700705898258984,8.881694155821561,0.3700705898258984,0.724239550167666,0.0,0.0,0.039245961754930836,0.0,0.0,0.2897956472714172,0.0,596.6646106745933,-0.02022560976085943,0.032
raceline_xy,20260415_212047_eb9da4db,1593,51.00799999999793,387.5438198613869,-149.54849893272242,6.043314783356792,-0.056229927984729144,6.043576372938454,0.25181568220576894,-3.059676612780457,-0.04654021738158273,0.5091353239032608,2.545676619516304,-0.2630769156388286,0.13149360537504506,0.0,0.0,0.37900951651616926,8.880980057154295,0.37004083571476226,8.880980057154295,0.37004083571476226,8.880980057154295,0.37004083571476226,0.7243376664350887,0.0,0.0,0.03910767917202083,0.0,0.0,0.29038698032079097,0.0,595.8212643553909,-0.01966356964352809,0.032
raceline_xy,20260415_212047_eb9da4db,1594,51.039999999997924,387.3508924053022,-149.56233169125576,6.0442190567224285,-0.0539473113821522,6.044459803659209,0.2518524918191337,-3.061090663080126,-0.04418926957556387,0.4845945314728409,2.422972657364204,-0.2663170513094393,0.12888743297984018,0.0,0.0,0.37916543113696904,8.881041042503789,0.3700433767709912,8.881041042503789,0.3700433767709912,8.881041042503789,0.3700433767709912,0.7243292863935853,0.0,0.0,0.03889222030788189,0.0,0.0,0.29056452846709424,0.0,595.0261767067113,-0.0181461676847718,0.032
raceline_xy,20260415_212047_eb9da4db,1595,51.07199999999792,387.1579245615236,-149.57597461541775,6.045075495006055,-0.051798958226296765,6.0452974180263475,0.2518873924177645,-3.0624410197205325,-0.042198865879878554,0.46030758632602903,2.301537931630145,-0.2694982332238123,0.12610827480426323,0.0,0.0,0.37932131661984325,8.882893246479279,0.3701205519366366,8.882893246479279,0.3701205519366366,8.882893246479279,0.3701205519366366,0.7240748386662847,0.0,0.0,0.03869304519688092,0.0,0.0,0.2912390462694502,0.0,594.2723237762868,-0.01594303908091016,0.032
raceline_xy,20260415_212047_eb9da4db,1596,51.10399999999792,386.9649191121967,-149.58945682306535,6.045918101485219,-0.049116679431851495,6.046117608686176,0.25192156702859064,-3.0637281539212022,-0.04022318612937449,0.43632159332423187,2.181607966621159,-0.2726224083376061,0.12318768667850755,0.0,0.0,0.37947718500638306,8.886297405066859,0.3702623918777858,8.886297405066859,0.3702623918777858,8.886297405066859,0.3702623918777858,0.7236075180474479,0.0,0.0,0.03850550677136774,0.0,0.0,0.2919852898191101,0.0,593.5341521824413,-0.013820660700956958,0.032
raceline_xy,20260415_212047_eb9da4db,1597,51.135999999997914,386.7718787160015,-149.6028168391382,6.046769737376623,-0.04567007043563737,6.046942203476676,0.2519559251448615,-3.064941778845773,-0.037926063005151396,0.41267740158144456,2.0633870079072225,-0.2756786731653271,0.12016792503655971,0.0,0.0,0.3796330483849504,8.891024481217018,0.3704593533840424,8.891024481217018,0.3704593533840424,8.891024481217018,0.3704593533840424,0.722959291651323,0.0,0.0,0.038328205808874395,0.0,0.0,0.29278367092118723,0.0,592.7920168709912,-0.012207962669456833,0.032
raceline_xy,20260415_212047_eb9da4db,1598,51.16799999999791,386.5788052550728,-149.6160822991677,6.04762479820595,-0.04187181978265292,6.0477697500126,0.251990406250525,-3.066070090001894,-0.03526007478749365,0.3894306381601022,1.9471531908005109,-0.2786547724896149,0.11709267683295543,0.0,0.0,0.3797889189456093,8.896846482832718,0.3707019367846966,8.896846482832718,0.3707019367846966,8.896846482832718,0.3707019367846966,0.7221620396666584,0.0,0.0,0.03816032139563983,0.0,0.0,0.2936193637616215,0.0,592.0472249886594,-0.011139155809468192,0.032
raceline_xy,20260415_212047_eb9da4db,1599,51.19999999999791,386.38569993239224,-149.6292643685433,6.048463967998145,-0.03827192500324861,6.0485850504407495,0.2520243771016979,-3.067107307216931,-0.03241347093989084,0.36665818223328356,1.8332909111664177,-0.2815447226054135,0.11399949506083473,0.0,0.0,0.3799448090349874,8.90353589092642,0.3709806621219342,8.90353589092642,0.3709806621219342,8.90353589092642,0.3709806621219342,0.7212475328478396,0.0,0.0,0.03799967988023492,0.0,0.0,0.29447579185356687,0.0,591.3134546033251,-0.010355728198489851,0.032
raceline_xy,20260415_212047_eb9da4db,1600,51.2319999999979,386.1925636722445,-149.64236356522525,6.049271458667138,-0.035188811557962496,6.0493738050399655,0.25205724187666523,-3.0680557960603396,-0.029640788398654375,0.34445318170010714,1.7222659085005356,-0.28435084398391597,0.11091749268446272,0.0,0.0,0.38010073240143155,8.910879043855127,0.37128662682729696,8.910879043855127,0.37128662682729696,8.910879043855127,0.37128662682729696,0.720245526866865,0.0,0.0,0.03784229516321276,0.0,0.0,0.29533726812066685,0.0,590.6035754640307,-0.009532954295242563,0.032
raceline_xy,20260415_212047_eb9da4db,1601,51.2639999999979,385.9993975421681,-149.65537978282472,6.050042403752095,-0.032595792418943725,6.050130211233627,0.25208875880140114,-3.068923178444864,-0.027106274312274296,0.32289608271428205,1.6144804135714101,-0.2870807214823152,0.10785911963488637,0.0,0.0,0.38025669697580267,8.91872259132316,0.3716134413051317,8.91872259132316,0.3716134413051317,8.91872259132316,0.3716134413051317,0.7191774004458793,0.0,0.0,0.03768397557979649,0.0,0.0,0.2962053772771047,0.0,589.922809889735,-0.00847566753919498,0.032
raceline_xy,20260415_212047_eb9da4db,1602,51.295999999997896,385.80620298278467,-149.66831965109472,6.050781166587131,-0.030233977309821913,6.050856701270448,0.252119029219602,-3.0697174475366014,-0.024821528735960986,0.3020342385854637,1.5101711929273183,-0.2897422096841602,0.10481793327866207,0.0,0.0,0.38041269610401957,8.927054340681261,0.3719605975283859,8.927054340681261,0.3719605975283859,8.927054340681261,0.3719605975283859,0.7180452286588146,0.0,0.0,0.037522782377590616,0.0,0.0,0.2971202098395704,0.0,589.2689688565961,-0.007185436126333829,0.032
raceline_xy,20260415_212047_eb9da4db,1603,51.32799999999789,385.6129817629419,-149.68119796210703,6.051495797783188,-0.02781994857987652,6.051559744406938,0.2521483226836224,-3.070443311788938,-0.02268391406953384,0.2819124199349078,1.4095620996745388,-0.2923397565663963,0.10178903219449964,0.0,0.0,0.3805687250434003,8.93587858056403,0.3723282741901679,8.93587858056403,0.3723282741901679,8.93587858056403,0.3723282741901679,0.7168488637906112,0.0,0.0,0.03735772190422862,0.0,0.0,0.2980854387627642,0.0,588.6362300337554,-0.005801453795718101,0.032
raceline_xy,20260415_212047_eb9da4db,1604,51.35999999999789,385.4197357574109,-149.69403412672065,6.052192658595932,-0.0252060101851172,6.052245147027007,0.2521768811261253,-3.0711013789482084,-0.020565295780613776,0.2625816860572979,1.3129084302864895,-0.2948736412185635,0.0987716078387102,0.0,0.0,0.3807247791040237,8.945199863167403,0.3727166609653085,8.945199863167403,0.3727166609653085,8.945199863167403,0.3727166609653085,0.7155881512221454,0.0,0.0,0.03718867102209933,0.0,0.0,0.299101229392682,0.0,588.0193676756936,-0.00448474617994727,0.032
raceline_xy,20260415_212047_eb9da4db,1605,51.391999999997886,385.22646671586585,-149.70684704431318,6.052873818565083,-0.022419856231634394,6.052915340017907,0.25220480583407945,-3.071689781462563,-0.018388327526873048,0.2441071746158664,1.2205358730793319,-0.2973416760920795,0.0957673193040609,0.0,0.0,0.3808808536502919,8.955023008881147,0.3731259587033811,8.955023008881147,0.3731259587033811,8.955023008881147,0.3731259587033811,0.7142629295815546,0.0,0.0,0.03701593377332094,0.0,0.0,0.30016895694334955,0.0,587.4161939838835,-0.0033247795214435827,0.032
raceline_xy,20260415_212047_eb9da4db,1606,51.42399999999788,385.0331761378377,-149.71965162587088,6.0535379331047885,-0.01959786841687905,6.053569656325521,0.2522320690135634,-3.0722066466197724,-0.0161528458215807,0.22405442261697134,1.1202721130848565,-0.29925323000430604,0.09402099305363976,0.0,0.0,0.38095889717216047,8.96012623852172,0.37333859327173835,8.96012623852172,0.37333859327173835,8.96012623852172,0.37333859327173835,0.7135758230445095,0.0,0.0,0.03693387763845571,0.0,0.0,0.29913938705397364,0.0,586.8273093070311,-0.016547235807847414,0.032
raceline_xy,20260415_212047_eb9da4db,1607,51.45599999999788,384.8398654482272,-149.73244499341018,6.054148678441403,-0.017377217530111677,6.054173617295995,0.2522572340539998,-3.0726383870289684,-0.013492789301428106,0.20362065376332483,1.018103268816624,-0.3015727833006374,0.09108944390573459,0.0,0.0,0.3811149938778689,8.970702298582014,0.37377926244091725,8.970702298582014,0.37377926244091725,8.970702298582014,0.37377926244091725,0.7121547985509693,0.0,0.0,0.03681795506119126,0.0,0.0,0.30185262041288413,0.0,586.2837444336039,-0.0033022934564978894,0.032
raceline_xy,20260415_212047_eb9da4db,1608,51.487999999997875,384.64651968107097,-149.7449385189645,6.054609410842574,-0.023744060808078116,6.054655968615155,0.25227733202563146,-3.0731432058041994,-0.015775795548529117,0.18400132434436184,0.9200066217218091,-0.30397327411032826,0.08803607489877496,0.0,0.0,0.38127109972828405,8.981731077502246,0.37423879489592693,8.981731077502246,0.37423879489592693,8.981731077502246,0.37423879489592693,0.7106771739067597,0.0,0.0,0.036664077058900145,0.0,0.0,0.3030761944051575,0.0,585.8496282463605,0.003994804027063228,0.032
raceline_xy,20260415_212047_eb9da4db,1609,51.51999999999787,384.45315919766546,-149.75749267195766,6.05520770634114,-0.018947342549991475,6.055237350321028,0.2523015562633762,-3.0736284086546926,-0.015162814602638488,0.16487829101046722,0.824391455052336,-0.3063554848377703,0.08495991763672261,0.0,0.0,0.38142721029046683,8.993173021461674,0.37471554256090306,8.993173021461674,0.37471554256090306,8.993173021461674,0.37471554256090306,0.7091487379422885,0.0,0.0,0.036498674042173385,0.0,0.0,0.30424955714715957,0.0,585.3263847110743,0.006766801989051319,0.032
raceline_xy,20260415_212047_eb9da4db,1610,51.55199999999787,384.25979224005783,-149.77025341929647,6.055852207613332,-0.010286732284852829,6.055860944351048,0.2523275393479603,-3.073997173068146,-0.011524544514131426,0.1461590568868841,0.7307952844344204,-0.30861873237971116,0.08196417387815114,0.0,0.0,0.38158332119302585,9.004990239740652,0.3752079266558605,9.004990239740652,0.3752079266558605,9.004990239740652,0.3752079266558605,0.7075750097490427,0.0,0.0,0.03634954952574512,0.0,0.0,0.3054618078213701,0.0,584.7651500840564,0.00551589219510849,0.032
raceline_xy,20260415_212047_eb9da4db,1611,51.583999999997864,384.06641912386044,-149.78320134199902,6.05644010906111,-0.003190705388730619,6.056440949538352,0.2523517062307647,-3.0742073880094356,-0.006570389754636202,0.12793748695811075,0.6396874347905537,-0.31072390870957367,0.0790973781289459,0.0,0.0,0.38173942812776845,9.017126081345186,0.3757135867227161,9.017126081345186,0.3757135867227161,9.017126081345186,0.3757135867227161,0.705963944002626,0.0,0.0,0.03622689887490468,0.0,0.0,0.30671902692926095,0.0,584.2431454154826,0.002692894426293481,0.032
raceline_xy,20260415_212047_eb9da4db,1612,51.61599999999786,383.8730347231683,-149.79623720759264,6.056977016631606,-3.034629127340871e-05,6.056977016707625,0.25237404236281774,-3.074280382471704,-0.002282592638191584,0.11042391515636349,0.5521195757818174,-0.3126937952926174,0.07634467076458584,0.0,0.0,0.3818955268513691,9.029534442059104,0.37623060175246265,9.029534442059104,0.37623060175246265,9.029534442059104,0.37623060175246265,0.7043220143611633,0.0,0.0,0.036122476334803186,0.0,0.0,0.30799327684249794,0.0,583.7606849631368,0.0008354360068684522,0.032
raceline_xy,20260415_212047_eb9da4db,1613,51.64799999999786,383.6796334242364,-149.80927171650092,6.0575010379263485,-0.00016054721231034685,6.05750104005391,0.2523958766689129,-3.07427173505034,0.0002686848999038865,0.09388119013703355,0.46940595068516777,-0.3145852766188266,0.07365698951785049,0.0,0.0,0.38205161318705616,9.042168297521425,0.37675701239672604,9.042168297521425,0.37675701239672604,9.042168297521425,0.37675701239672604,0.7026557415341124,0.0,0.0,0.036017628333689704,0.0,0.0,0.3092663810255453,0.0,583.2890639514808,0.0011867384956720066,0.032
raceline_xy,20260415_212047_eb9da4db,1614,51.679999999997854,383.48621354228356,-149.82227848837508,6.058022086096639,-0.0013059819546017981,6.058022226867737,0.2524175927861557,-3.07423186216068,0.0012447023202332038,0.07861998703570662,0.3930999351785331,-0.3164491302001271,0.07099048171874855,0.0,0.0,0.3822076830263165,9.05497965964746,0.3772908191519775,9.05497965964746,0.3772908191519775,9.05497965964746,0.3772908191519775,0.7009716937375536,0.0,0.0,0.035894382334976827,0.0,0.0,0.31053946563025736,0.0,582.8199958190361,0.0034103840540012607,0.032
raceline_xy,20260415_212047_eb9da4db,1615,51.71199999999785,383.2927777997075,-149.8352957117166,6.058538530984509,-0.0013220353767340876,6.058538675225361,0.2524391114677234,-3.0741809325024008,0.0015904923765891438,0.06510491708013574,0.3255245854006787,-0.3183049175247179,0.06833126966160297,0.0,0.0,0.3823637662494684,9.067931618626595,0.3778304841094415,9.067931618626595,0.3778304841094415,9.067931618626595,0.3778304841094415,0.6992749072234155,0.0,0.0,0.035740855642911816,0.0,0.0,0.3118159984659444,0.0,582.3551922971743,0.006249282777460778,0.032
raceline_xy,20260415_212047_eb9da4db,1616,51.74399999999785,383.0993310139061,-149.84839178009244,6.059048883755789,0.0006683796149258847,6.059048920620594,0.2524603716925247,-3.0741075464404046,0.00229237533637688,0.05417540074285557,0.2708770037142778,-0.32014018099918085,0.06569471096938573,0.0,0.0,0.3825199118238924,9.080992862390579,0.3783747025996074,9.080992862390579,0.3783747025996074,9.080992862390579,0.3783747025996074,0.6975696236936053,0.0,0.0,0.035548619625148783,0.0,0.0,0.31309463722546327,0.0,581.8959714414652,0.008472205759027067,0.032
raceline_xy,20260415_212047_eb9da4db,1617,51.77599999999784,382.9058776375325,-149.8616246406536,6.059543191874414,0.004175843320848083,6.059544630734144,0.2524810262805893,-3.0739848188434564,0.00383421854705976,0.047110244363547965,0.23555122181773983,-0.32192713451252963,0.06310891623383075,0.0,0.0,0.38267603667717665,9.094148733395214,0.37892286389146723,9.094148733395214,0.37892286389146723,9.094148733395214,0.37892286389146723,0.6958578658335415,0.0,0.0,0.03530802556576325,0.0,0.0,0.3143821064419099,0.0,581.4498323392702,0.009532879397589074,0.032
raceline_xy,20260415_212047_eb9da4db,1618,51.80799999999784,382.7124202554768,-149.87501864988,6.060009965189822,0.008011698791159316,6.060015261162094,0.2525006358817539,-3.0737900866420116,0.0060841555834358725,0.045316631147667256,0.22658315573833626,-0.32364271581450854,0.06059663758948286,0.0,0.0,0.3828321429047457,9.10740037624199,0.3794750156767496,9.10740037624199,0.3794750156767496,9.10740037624199,0.3794750156767496,0.6941395845586227,0.0,0.0,0.03500735840504719,0.0,0.0,0.31568519277379326,0.0,581.0262649541153,0.009664228919763068,0.032
raceline_xy,20260415_212047_eb9da4db,1619,51.839999999997836,382.51895925147323,-149.88856633478943,6.060451527753721,0.011137469348518725,6.060461761571959,0.2525192400654983,-3.0735165274947205,0.008547287294943844,0.04902332627185132,0.24511663135925657,-0.3252801797310414,0.05816478626671495,0.0,0.0,0.38298823260020215,9.120748966702786,0.38003120694594944,9.120748966702786,0.38003120694594944,9.120748966702786,0.38003120694594944,0.6924147286950912,0.0,0.0,0.03464759360418335,0.0,0.0,0.31700033644886744,0.0,580.6244145852362,0.009522548106002036,0.032
raceline_xy,20260415_212047_eb9da4db,1620,51.87199999999783,382.325493654519,-149.90224676221465,6.060881790129684,0.013182933590717372,6.060896127113849,0.2525373386297437,-3.073172787372947,0.010740326351120185,0.04611482469651401,0.23057412348257006,-0.3263777016996814,0.0571564490207237,0.0,0.0,0.38306627190212433,9.12745999332702,0.3803108330552925,9.12745999332702,0.3803108330552925,9.12745999332702,0.3803108330552925,0.691549818736072,0.0,0.0,0.03445397229852435,0.0,0.0,0.3155512793433369,0.0,580.2334855975356,-0.014584878511648743,0.032
raceline_xy,20260415_212047_eb9da4db,1621,51.90399999999783,382.1320204655366,-149.9160176289002,6.061317757598299,0.013497806806397838,6.061332786554872,0.25255553277311965,-3.07276222942485,0.01282837418402213,0.045944085482167905,0.2297204274108395,-0.3278820343158455,0.05486417666726462,0.0,0.0,0.38322234072076816,9.140956174746382,0.38087317394776593,9.140956174746382,0.38087317394776593,9.140956174746382,0.38087317394776593,0.6898150138905863,0.0,0.0,0.034182030684908646,0.0,0.0,0.3189638160491901,0.0,579.8404921006147,0.008470801954017088,0.032
raceline_xy,20260415_212047_eb9da4db,1622,51.935999999997826,381.93850711326434,-149.9293825840691,6.061697506901976,-0.0005206070374915162,6.061697529258065,0.2525707303857527,-3.0725514973330927,0.006586164130445406,0.04983931736397413,0.24919658681987064,-0.3295951661635348,0.05237398201372878,0.0,0.0,0.3833783982329,9.154551741278352,0.381439655886598,9.154551741278352,0.381439655886598,9.154551741278352,0.381439655886598,0.6880735793761406,0.0,0.0,0.033793577821052384,0.0,0.0,0.3203271994365015,0.0,579.5122236677414,0.02044260529022713,0.032
raceline_xy,20260415_212047_eb9da4db,1623,51.96799999999782,381.74499475691766,-149.9429853009304,6.062180204893078,0.005769343371525848,6.062182950218545,0.25259095625910605,-3.072365995081512,0.005797640025441635,0.056873057573756255,0.28436528786878124,-0.33133287145873336,0.04986063594255796,0.0,0.0,0.3835344465252242,9.168247293235886,0.3820103038848286,9.168247293235886,0.3820103038848286,9.168247293235886,0.3820103038848286,0.6863255436245601,0.0,0.0,0.03335209740956361,0.0,0.0,0.3216285358952962,0.0,579.0753448033093,0.02402039874393099,0.032
raceline_xy,20260415_212047_eb9da4db,1624,51.99999999999782,381.5515069432087,-149.95707962882892,6.062484451641056,0.019132267130876457,6.062514640809961,0.25260477670041503,-3.072033429105713,0.010391995306907605,0.06611151383499035,0.3305575691749517,-0.33291870175467375,0.047496630983159704,0.0,0.0,0.38369048768232633,9.18204450069185,0.3825851875288271,9.18204450069185,0.3825851875288271,9.18204450069185,0.3825851875288271,0.684570800202053,0.0,0.0,0.03292407546768101,0.0,0.0,0.3230414301484782,0.0,578.7768232710348,0.02046324810728705,0.032
raceline_xy,20260415_212047_eb9da4db,1625,52.031999999997815,381.35804601151904,-149.97160568234955,6.062601216559837,0.02930266099647444,6.062672031124089,0.2526113346301704,-3.071481389301691,0.01724901047493993,0.07668237991365251,0.38341189956826255,-0.33427764794582204,0.045354555665490626,0.0,0.0,0.3838465237866071,9.19595750100045,0.38316489587501873,9.19595750100045,0.38316489587501873,9.19595750100045,0.38316489587501873,0.6828076684822815,0.0,0.0,0.03254346508034318,0.0,0.0,0.3244938896410321,0.0,578.6351719883194,0.014305795846757592,0.032
raceline_xy,20260415_212047_eb9da4db,1626,52.06399999999781,381.16459827363195,-149.98636874553554,6.062733976241291,0.032293071628065995,6.062819979938849,0.25261749916411874,-3.0707512174829628,0.022814702507130524,0.08787197709143875,0.43935988545719373,-0.33545769360644284,0.0433932260839085,0.0,0.0,0.38400255691821805,9.209970882396572,0.38374878676652385,9.209970882396572,0.38374878676652385,9.209970882396572,0.38374878676652385,0.681038217921845,0.0,0.0,0.03220476103948387,0.0,0.0,0.3259008870249901,0.0,578.5020180550351,0.010077343483026746,0.032
raceline_xy,20260415_212047_eb9da4db,1627,52.09599999999781,380.97114610595645,-150.00119942141944,6.0630474253887385,0.029491661629219346,6.063119151115098,0.25262996462979576,-3.0699431718684727,0.025248296903237193,0.09919348588054944,0.4959674294027472,-0.3365616252861403,0.04151252143966566,0.0,0.0,0.3841585891549959,9.224084431039214,0.3843368512933006,9.224084431039214,0.3843368512933006,9.224084431039214,0.3843368512933006,0.6792625810573769,0.0,0.0,0.03188402329354173,0.0,0.0,0.32725255567073575,0.0,578.2327639964117,0.009896309762394744,0.032
raceline_xy,20260415_212047_eb9da4db,1628,52.127999999997805,380.77768121809027,-150.01604477913133,6.063498697537509,0.025083447528343517,6.063550579848326,0.2526479408270136,-3.0691453823344004,0.024928571579288857,0.1104036481315707,0.5520182406578535,-0.3376783552855236,0.03962442882764883,0.0,0.0,0.3843146225723988,9.238298089282976,0.38492908705345735,9.238298089282976,0.38492908705345735,9.238298089282976,0.38492908705345735,0.6774808702990227,0.0,0.0,0.03155974080334812,0.0,0.0,0.328606950156072,0.0,577.8444781365062,0.013048110960796711,0.032
raceline_xy,20260415_212047_eb9da4db,1629,52.1599999999978,380.5842070742108,-150.03096719818555,6.06398051271384,0.022885083960962782,6.064023695999308,0.25266765399997115,-3.068390221047661,0.023597296148870798,0.12145055031437921,0.607252751571896,-0.3388393003015939,0.03769667264772458,0.0,0.0,0.38447065924344176,9.25261195811154,0.3855254982546475,9.25261195811154,0.3855254982546475,9.25261195811154,0.3855254982546475,0.6756931779731445,0.0,0.0,0.0312246900025728,0.0,0.0,0.32999547316085553,0.0,577.4186736006227,0.01721206138337804,0.032
raceline_xy,20260415_212047_eb9da4db,1630,52.1919999999978,380.39073335916964,-150.04608047168705,6.0644229437698565,0.024367740608016053,6.06447190014964,0.2526863291729017,-3.0676537026543063,0.023015084281230665,0.13237680354235823,0.6618840177117911,-0.3400187428652286,0.03575332694071598,0.0,0.0,0.3846266997407722,9.267031891817869,0.38612632882574455,9.267031891817869,0.38612632882574455,9.267031891817869,0.38612632882574455,0.673898881809532,0.0,0.0,0.030886221064335268,0.0,0.0,0.3314196046614033,0.0,577.0152898653233,0.020197669927135578,0.032
raceline_xy,20260415_212047_eb9da4db,1631,52.223999999997794,380.197269728523,-150.06147666900375,6.0647855122493715,0.028549773237093234,6.064852710424365,0.25270219626768187,-3.0668855851085057,0.02400233550032433,0.14322718151452704,0.7161359075726351,-0.34116502655503567,0.03384468000536822,0.0,0.0,0.3847827427150684,9.281562579088165,0.38673177412867354,9.281562579088165,0.38673177412867354,9.281562579088165,0.38673177412867354,0.6720975143657824,0.0,0.0,0.030558661203867986,0.0,0.0,0.33287611355883245,0.0,576.6725606180713,0.021088868821033804,0.032
raceline_xy,20260415_212047_eb9da4db,1632,52.25599999999779,380.00382164305324,-150.07718636606324,6.065062400638716,0.03325607169270339,6.0651535751327765,0.25271473229719904,-3.0660447838081257,0.026273126157430816,0.15400057831294414,0.7700028915647207,-0.342236566686116,0.03201173841308291,0.0,0.0,0.38493879178637536,9.296184121131454,0.3873410050471439,9.296184121131454,0.3873410050471439,9.296184121131454,0.3873410050471439,0.6702916477235386,0.0,0.0,0.030253569299635796,0.0,0.0,0.334347235721018,0.0,576.4017823805008,0.02036435621950177,0.032
raceline_xy,20260415_212047_eb9da4db,1633,52.28799999999779,379.81038896033465,-150.0931839103215,6.065297873314945,0.03664920877276828,6.065408597657908,0.25272535823574616,-3.065119392226781,0.028916007860574414,0.16464865964242653,0.8232432982121326,-0.3432218006827923,0.030266358468655774,0.0,0.0,0.3850948463700541,9.310889025193894,0.38795370938307894,9.310889025193894,0.38795370938307894,9.310889025193894,0.38795370938307894,0.6684822932484447,0.0,0.0,0.029974369036460117,0.0,0.0,0.335818150306472,0.0,576.1722621078826,0.019228036329155686,0.032
raceline_xy,20260415_212047_eb9da4db,1634,52.31999999999778,379.61696777163365,-150.1094215211566,6.065553794301142,0.03812538302128332,6.0656736127483395,0.2527364005311808,-3.0641250161791342,0.03107149067677632,0.17510756562029012,0.8755378281014505,-0.3441370183251218,0.028592884083968872,0.0,0.0,0.38525090587756483,9.32566968154213,0.38856957006425547,9.32566968154213,0.38856957006425547,9.32566968154213,0.38856957006425547,0.6666704624379158,0.0,0.0,0.0297166807306565,0.0,0.0,0.33727574870364924,0.0,575.933748526494,0.018743898839660114,0.032
raceline_xy,20260415_212047_eb9da4db,1635,52.35199999999778,379.42355412728006,-150.1258651995462,6.065860027937438,0.038277851315713374,6.065980800532633,0.25274920002219303,-3.0630887086053837,0.03238190996683061,0.1853317394048074,0.926658697024037,-0.34500975695776326,0.026964211993559584,0.0,0.0,0.3854069697165217,9.340518361528407,0.3891882650636836,9.340518361528407,0.3891882650636836,9.340518361528407,0.3891882650636836,0.6648571668737979,0.0,0.0,0.029472970529943677,0.0,0.0,0.3387234348517012,0.0,575.6572795206301,0.0193019883360518,0.032
raceline_xy,20260415_212047_eb9da4db,1636,52.383999999997776,379.2301468812501,-150.1425124735549,6.06620345606456,0.03822270181380205,6.066323874085818,0.25276349475357573,-3.0620314377072804,0.033037268958964014,0.19483102854506584,0.9741551427253292,-0.34541376244741473,0.02669006017820541,0.0,0.0,0.38548500307413347,9.347965710272288,0.3894985712613453,9.347965710272288,0.3894985712613453,9.347965710272288,0.3894985712613453,0.6639502922598988,0.0,0.0,0.02930250308908422,0.0,0.0,0.337102627779553,0.0,575.3485133227638,-0.011253940326712862,0.032
raceline_xy,20260415_212047_eb9da4db,1637,52.41599999999777,379.0367427606016,-150.15934554930482,6.066611648977122,0.03745338764307926,6.0667272607025,0.2527803025292708,-3.0609492789712283,0.03381530132448143,0.20183997021654834,1.0091998510827416,-0.34624131104625633,0.025111454189208793,0.0,0.0,0.3856410722912557,9.362901643022798,0.3901209017926166,9.362901643022798,0.3901209017926166,9.362901643022798,0.3901209017926166,0.6621366995929048,0.0,0.0,0.029110600092039734,0.0,0.0,0.34086268451653107,0.0,574.9854653677498,0.020086748329684018,0.032
raceline_xy,20260415_212047_eb9da4db,1638,52.44799999999777,378.8432874936494,-150.1757520519216,6.067148023939964,0.019245938827175568,6.067178549421465,0.25279910622589435,-3.0601595152156555,0.02468291369752962,0.2082056167619065,1.0410280838095325,-0.3473700657134242,0.023243114969147438,0.0,0.0,0.38579714434238804,9.377886433639015,0.3907452680682923,9.377886433639015,0.3907452680682923,9.377886433639015,0.3907452680682923,0.6603240881502082,0.0,0.0,0.02884076663409038,0.0,0.0,0.3423017998804283,0.0,574.5793055206811,0.03523499351211029,0.032
raceline_xy,20260415_212047_eb9da4db,1639,52.479999999997766,378.64985266880274,-150.19258089533744,6.06760764596832,0.027877932456931542,6.067671688920825,0.2528196537050344,-3.059405611665408,0.02356164553983589,0.21471682690493377,1.0735841345246688,-0.34853083601054635,0.021341467942004755,0.0,0.0,0.38595321862210935,9.392912421957423,0.3913713509148926,9.392912421957423,0.3913713509148926,9.392912421957423,0.3913713509148926,0.658513410500051,0.0,0.0,0.028558371035848976,0.0,0.0,0.34374034782657564,0.0,574.135479971257,0.03835706429431957,0.032
raceline_xy,20260415_212047_eb9da4db,1640,52.51199999999776,378.45648492489494,-150.2101492623193,6.067461316408174,0.0453355139012821,6.067630685443068,0.2528179452267945,-3.058458487960306,0.029596391481567976,0.22166350735132345,1.1083175367566171,-0.3494858592803669,0.019635490941675826,0.0,0.0,0.3861092945213957,9.40798785471811,0.3919994939465879,9.40798785471811,0.3919994939465879,9.40798785471811,0.3919994939465879,0.6567036990289208,0.0,0.0,0.028331800366309032,0.0,0.0,0.34541924608274305,0.0,574.1723831012384,0.03202184737067802,0.032
raceline_xy,20260415_212047_eb9da4db,1641,52.54399999999776,378.2631873852812,-150.22833944294385,6.066963159074201,0.05748772821013082,6.067235516481817,0.252801479853409,-3.057239661974064,0.0380836413910017,0.22891304937308604,1.1445652468654302,-0.3501612456876728,0.0182035703810679,0.0,0.0,0.3862653714276736,9.423099832320867,0.39262915968003614,9.423099832320867,0.39262915968003614,9.423099832320867,0.39262915968003614,0.6548965249859391,0.0,0.0,0.028182112521273783,0.0,0.0,0.34707655056931863,0.0,574.5280351663647,0.022980114733549026,0.032
raceline_xy,20260415_212047_eb9da4db,1642,52.575999999997755,378.0699293257107,-150.24685923965157,6.066691763945536,0.059252913843711674,6.066981116380993,0.25279087984920806,-3.0558216400666334,0.04430668597073934,0.23615875209583911,1.1807937604791956,-0.35063482176650007,0.016973110988986573,0.0,0.0,0.386421448724874,9.438245613451754,0.3932602338938231,9.438245613451754,0.3932602338938231,9.438245613451754,0.3932602338938231,0.6530922279919347,0.0,0.0,0.02808725177937951,0.0,0.0,0.34856774184491474,0.0,574.7569952571059,0.017266976547787763,0.032
raceline_xy,20260415_212047_eb9da4db,1643,52.60799999999775,377.8766762158228,-150.2654825277144,6.066900312372238,0.05353589169004547,6.067136515025965,0.2527973547927485,-3.0543460018094155,0.04610759845309828,0.24315742633502513,1.2157871316751256,-0.35105162083370844,0.015802451075147772,0.0,0.0,0.3865775257934852,9.453426143024313,0.39389275595934636,9.453426143024313,0.39389275595934636,9.453426143024313,0.39389275595934636,0.6512907059015389,0.0,0.0,0.028007238305904167,0.0,0.0,0.34993802658670753,0.0,574.6171364766315,0.0172707984079455,0.032
raceline_xy,20260415_212047_eb9da4db,1644,52.63999999999775,377.683413027009,-150.28415400633315,6.067417276106908,0.046395969143037674,6.067594662496275,0.2528164442706781,-3.0529264927023405,0.0443554693976079,0.24983673839584403,1.24918369197922,-0.35152627279235915,0.014577769804110297,0.0,0.0,0.38673360201060625,9.468642321821099,0.39452676340921244,9.468642321821099,0.39452676340921244,9.468642321821099,0.39452676340921244,0.6494918633532909,0.0,0.0,0.02791151175095885,0.0,0.0,0.351315603062681,0.0,574.2048037533518,0.0215706192516834,0.032
raceline_xy,20260415_212047_eb9da4db,1645,52.671999999997745,377.49014674454236,-150.3029707141681,6.0679778166000995,0.0428339142255284,6.0681289972246635,0.25283870821769433,-3.0515958815005373,0.041579285813570295,0.25627957404438423,1.281397870221921,-0.35209011699072246,0.013266236489143157,0.0,0.0,0.3868896759876292,9.483894949201806,0.39516228955007526,9.483894949201806,0.39516228955007526,9.483894949201806,0.39516228955007526,0.6476956183919702,0.0,0.0,0.02779198804574159,0.0,0.0,0.352760295699587,0.0,573.7239024978024,0.026823546195427154,0.032
raceline_xy,20260415_212047_eb9da4db,1646,52.70399999999774,377.2968951761878,-150.32208683524172,6.068422788078563,0.04440515397407163,6.06858525132264,0.25285771880511,-3.0503123647500505,0.04010828598396411,0.2626292162120784,1.3131460810603919,-0.3526990414753626,0.011909622408546205,0.0,0.0,0.38704574590090707,9.499206780136134,0.3958002825056723,9.499206780136134,0.3958002825056723,9.499206780136134,0.3958002825056723,0.6458993195883109,0.0,0.0,0.027660761099355006,0.0,0.0,0.3542738991138959,0.0,573.3132738096239,0.030151242989221207,0.032
raceline_xy,20260415_212047_eb9da4db,1647,52.73599999999774,377.1036752707683,-150.34161547776694,6.068682318433036,0.049396434766645236,6.068883347851516,0.25287013949381315,-3.04900457118858,0.04086634281649507,0.2689902282027914,1.344951141013957,-0.35327996173470266,0.010579271054947714,0.0,0.0,0.38720181421813055,9.514552754657686,0.3964396981107369,9.514552754657686,0.3964396981107369,9.514552754657686,0.3964396981107369,0.6441059334046835,0.0,0.0,0.027537707011508882,0.0,0.0,0.35582373314652177,0.0,573.0449869336352,0.030562075781558572,0.032
raceline_xy,20260415_212047_eb9da4db,1648,52.767999999997734,376.9104955158173,-150.36158183498054,6.068779286228655,0.05472581196080106,6.069026028898933,0.2528760845374555,-3.0476193374500706,0.04328509109271357,0.27538053632332915,1.3769026816166456,-0.35377930847798833,0.009328340936225032,0.0,0.0,0.3873578812165372,9.5299269500285,0.39708028958452085,9.5299269500285,0.39708028958452085,9.5299269500285,0.39708028958452085,0.6423161574318179,0.0,0.0,0.027437820382037542,0.0,0.0,0.35738903941788874,0.0,572.9165739909598,0.028930474925313004,0.032
raceline_xy,20260415_212047_eb9da4db,1649,52.79999999999773,376.7173538473363,-150.38193802049773,6.068829550673132,0.05802165841698459,6.069106905300722,0.25287945438753007,-3.0461455300247096,0.04605190378506068,0.2817454443006865,1.4087272215034323,-0.35418664858453575,0.008167960601034974,0.0,0.0,0.3875139471708567,9.545324493561392,0.3977218538983913,9.545324493561392,0.3977218538983913,9.545324493561392,0.3977218538983913,0.6405305569960698,0.0,0.0,0.027364064283056256,0.0,0.0,0.35893199971627593,0.0,572.8437852293498,0.026973636609699925,0.032
raceline_xy,20260415_212047_eb9da4db,1650,52.83199999999773,376.5242417801328,-150.40261311983147,6.068955930112652,0.05869983715245963,6.069239800216437,0.25288499167568484,-3.044608074887382,0.0480404565988318,0.28800754438859827,1.4400377219429912,-0.3545279750878243,0.007073199011227604,0.0,0.0,0.3876700123533235,9.560740402989625,0.39836418345790103,9.560740402989625,0.39836418345790103,9.560740402989625,0.39836418345790103,0.6387497012970913,0.0,0.0,0.027309146826019374,0.0,0.0,0.36043450170970764,0.0,572.7241798052065,0.026073109860020906,0.032
raceline_xy,20260415_212047_eb9da4db,1651,52.86399999999772,376.3311515563331,-150.42356081041433,6.069199137539795,0.05775303430371914,6.069473913288126,0.25289474638700526,-3.043044207742666,0.04886612190816047,0.2941146823526366,1.470573411763183,-0.3548412351686263,0.006006907037527043,0.0,0.0,0.3878260770336908,9.57616878631312,0.39900703276304667,9.57616878631312,0.39900703276304667,9.57616878631312,0.39900703276304667,0.6369742551532926,0.0,0.0,0.027262516441231618,0.0,0.0,0.3619110018831638,0.0,572.5134780406859,0.02662575996009566,0.032
raceline_xy,20260415_212047_eb9da4db,1652,52.89599999999772,376.1380810080868,-150.44477949853027,6.069516671252461,0.056747470733313654,6.069781948146588,0.2529075811727745,-3.04148004442526,0.048876030812826654,0.3000604277040765,1.5003021385203823,-0.35515258479378353,0.00494290753412896,0.0,0.0,0.3879821414792436,9.591604918446528,0.399650204935272,9.591604918446528,0.399650204935272,9.591604918446528,0.399650204935272,0.6352047394926013,0.0,0.0,0.027216984710600564,0.0,0.0,0.36338800445811476,0.0,572.2362466680706,0.028119263899830528,0.032
raceline_xy,20260415_212047_eb9da4db,1653,52.927999999997716,375.94503375101493,-150.4663022218655,6.069838058816945,0.05680496084750597,6.070103859394791,0.25292099414144964,-3.039920059548704,0.04874598864477254,0.3058739713435023,1.5293698567175114,-0.3554660109069627,0.0038766903372589034,0.0,0.0,0.38813820595481163,9.60704374095276,0.400293489206365,9.60704374095276,0.400293489206365,9.60704374095276,0.400293489206365,0.6334417050271797,0.0,0.0,0.02717149083200389,0.0,0.0,0.36488108304237266,0.0,571.9465265446873,0.0296773842760471,0.032
raceline_xy,20260415_212047_eb9da4db,1654,52.95999999999771,375.7520161679441,-150.4881706935783,6.070110829142546,0.058125853860077736,6.0703891220382715,0.252932880084928,-3.0383513663778556,0.04901824669062602,0.3115939318769106,1.557969659384553,-0.355767999364097,0.002821136632558119,0.0,0.0,0.38829427072278383,9.622479818854565,0.4009366591189402,9.622479818854565,0.4009366591189402,9.622479818854565,0.4009366591189402,0.6316857365316917,0.0,0.0,0.027129800747406573,0.0,0.0,0.3663916087530396,0.0,571.6897901655552,0.03064144953359762,0.032
raceline_xy,20260415_212047_eb9da4db,1655,52.99199999999771,375.5590338538058,-150.51041221754832,6.070319661767305,0.060151704272137785,6.070617680563122,0.25294240335679674,-3.0367561250921202,0.04984760541926875,0.3169973240507094,1.584986620253547,-0.35562021117186093,0.003104985223848278,0.0,0.0,0.38837230329775363,9.630206665738353,0.4012586110724314,9.630206665738353,0.4012586110724314,9.630206665738353,0.4012586110724314,0.630809275000288,0.0,0.0,0.02716247623882031,0.0,0.0,0.36474252464451584,0.0,571.48408749319,-0.006266946749873201,0.032
raceline_xy,20260415_212047_eb9da4db,1656,53.023999999997706,375.36607981970326,-150.53297350777595,6.0705933031734425,0.06023398878899355,6.070892124386636,0.2529538385161098,-3.0351173869555366,0.051206695335992806,0.32098947657683247,1.6049473828841623,-0.355842559285823,0.0021223931054894507,0.0,0.0,0.388528368991003,9.645656673011198,0.4019023613754666,9.645656673011198,0.4019023613754666,9.645656673011198,0.4019023613754666,0.629061799114583,0.0,0.0,0.02716424578160746,0.0,0.0,0.36864405389174754,0.0,571.2370880520274,0.02883065143778328,0.032
raceline_xy,20260415_212047_eb9da4db,1657,53.0559999999977,375.1730577133075,-150.5551139797668,6.071367475119124,0.038938651532853696,6.071492340151436,0.25297884750630983,-3.0338008458972388,0.04114712907767416,0.3241677485483954,1.620838742741977,-0.3563958906149809,0.0008195336999268221,0.0,0.0,0.38868443562203553,9.661098291727699,0.4025457621553208,9.661098291727699,0.4025457621553208,9.661098291727699,0.4025457621553208,0.6273219419977392,0.0,0.0,0.027077174120296386,0.0,0.0,0.3700089276284566,0.0,570.6968938637071,0.044750954944355284,0.032
raceline_xy,20260415_212047_eb9da4db,1658,53.0879999999977,374.9800773589508,-150.57776386376693,6.071847587745118,0.04721676784053963,6.072031171854401,0.2530012988272667,-3.0325345057346915,0.03957729870303527,0.3274498742718749,1.6372493713593743,-0.35699436660532546,-0.0005316115720264136,0.0,0.0,0.3888405034448009,9.676531284185723,0.40318880350773845,9.676531284185723,0.40318880350773845,9.676531284185723,0.40318880350773845,0.6255896844140185,0.0,0.0,0.02697493081074255,0.0,0.0,0.37149993635675677,0.0,570.2119453310388,0.04779263376819175,0.032
raceline_xy,20260415_212047_eb9da4db,1659,53.119999999997695,374.78720996172035,-150.6012744840166,6.071368599913013,0.06545173048320929,6.071721387303023,0.25298839113762595,-3.0310706643274905,0.04574306011748116,0.3311845609066583,1.6559228045332914,-0.3573848767748662,-0.0016833579512236518,0.0,0.0,0.3889965727108691,9.691955435593758,0.40383147648307327,9.691955435593758,0.40383147648307327,9.691955435593758,0.40383147648307327,0.6238650045215932,0.0,0.0,0.026932544712499146,0.0,0.0,0.3733200257680997,0.0,570.4907514272792,0.04057635598312571,0.032
raceline_xy,20260415_212047_eb9da4db,1660,53.15199999999769,374.59445907130305,-150.62552028480135,6.070429414442646,0.0781016165629399,6.070931817953503,0.2529554924147293,-3.029326796198392,0.05448769808005613,0.33524681663388134,1.6762340831694067,-0.3574866599105144,-0.002553170679309158,0.0,0.0,0.3891526401749228,9.707370291164,0.40447376213183334,9.707370291164,0.40447376213183334,9.707370291164,0.40447376213183334,0.6221479071537424,0.0,0.0,0.026972750035806882,0.0,0.0,0.3750712916352648,0.0,571.2013638418468,0.030500522661603136,0.032
raceline_xy,20260415_212047_eb9da4db,1661,53.18399999999769,374.4017777453553,-150.65017707642943,6.069873613740122,0.07931543497893356,6.070391801605928,0.25293299173358036,-3.0273840059488526,0.06070093586649002,0.33931066234458124,1.6965533117229061,-0.35738571538910735,-0.003222111849567,0.0,0.0,0.38930869822844566,9.722788697374888,0.4051161957239537,9.722788697374888,0.4051161957239537,9.722788697374888,0.4051161957239537,0.620436923485423,0.0,0.0,0.027069766278937386,0.0,0.0,0.3765742997306465,0.0,571.6873785546643,0.02415735059507973,0.032
raceline_xy,20260415_212047_eb9da4db,1662,53.215999999997685,374.20911583562093,-150.67499920874002,6.070015615458694,0.0724544230902473,6.070448024267873,0.2529353343444947,-3.0253966066953257,0.06209592295312066,0.34312411607873994,1.7156205803936997,-0.35724016174782225,-0.003844612056792762,0.0,0.0,0.3894647580436763,9.738212557979555,0.40575885658248145,9.738212557979555,0.40575885658248145,9.738212557979555,0.40575885658248145,0.6187318140001214,0.0,0.0,0.02717833327073718,0.0,0.0,0.3779110756945572,0.0,571.636778158914,0.024061250224962263,0.032
raceline_xy,20260415_212047_eb9da4db,1663,53.24799999999768,374.01645188956905,-150.69992825026617,6.07059977629725,0.0641718385169997,6.070938944581709,0.2529557893575712,-3.0234867928182467,0.05967490850606587,0.3466233752372893,1.7331168761864464,-0.3571731699024081,-0.004542888968212644,0.0,0.0,0.3896208195218171,9.753629919793173,0.4064012466580489,9.753629919793173,0.4064012466580489,9.753629919793173,0.4064012466580489,0.6170338657464911,0.0,0.0,0.027264342446319468,0.0,0.0,0.37925091951461704,0.0,571.1949498764617,0.028587336402333907,0.032
raceline_xy,20260415_212047_eb9da4db,1664,53.27999999999768,373.8237962874329,-150.72506970589097,6.071240530471893,0.05987298869288371,6.071535749184028,0.25298065621600113,-3.021687922447726,0.05621127529825339,0.34991046364371947,1.7495523182185972,-0.3572165584207432,-0.005350324065246603,0.0,0.0,0.38977688256176046,9.76904230176892,0.4070434292403717,9.76904230176892,0.4070434292403717,9.76904230176892,0.4070434292403717,0.6153428707787105,0.0,0.0,0.027319466329867138,0.0,0.0,0.3806830166351005,0.0,570.6578257343748,0.03407777144335156,0.032
raceline_xy,20260415_212047_eb9da4db,1665,53.311999999997674,373.6311750447942,-150.7505884367144,6.07170006073815,0.06117144404646491,6.072008199363238,0.2530003416401349,-3.0199527777028017,0.05422107550522114,0.35314879090629114,1.7657439545314557,-0.3573206359511891,-0.006219722881568579,0.0,0.0,0.38993294706011683,9.784451237237494,0.40768546821822893,9.784451237237494,0.40768546821822893,9.784451237237494,0.40768546821822893,0.6136586223973546,0.0,0.0,0.027357790889205057,0.0,0.0,0.38219951240247757,0.0,570.2326205730852,0.03742522219783202,0.032
raceline_xy,20260415_212047_eb9da4db,1666,53.34399999999767,373.4386123854326,-150.77660279330428,6.071887235234638,0.06614394251766809,6.072247493188756,0.25301031221619813,-3.018203138765675,0.0546729832719234,0.35645623640876006,1.7822811820438003,-0.3574053769923595,-0.0070728525214316385,0.0,0.0,0.39008901291124226,9.799857937333096,0.4083274140555457,9.799857937333096,0.4083274140555457,9.799857937333096,0.4083274140555457,0.6119809517232953,0.0,0.0,0.027402165074458026,0.0,0.0,0.383773248429691,0.0,570.0172561301196,0.03759578733850664,0.032
raceline_xy,20260415_212047_eb9da4db,1667,53.37599999999767,373.2461195790073,-150.80313537348954,6.071854265223122,0.07142397603852024,6.072274335243869,0.25301143063516124,-3.0163815999044914,0.0569177150816733,0.3598546996265459,1.7992734981327296,-0.3574129999282536,-0.0078523500269303,0.0,0.0,0.3902450800072663,9.815264137268652,0.40896933905286054,9.815264137268652,0.40896933905286054,9.815264137268652,0.40896933905286054,0.6103096353701756,0.0,0.0,0.02746933540335151,0.0,0.0,0.3853620397380919,0.0,569.9930982805173,0.035579010887111746,0.032
raceline_xy,20260415_212047_eb9da4db,1668,53.407999999997664,373.0536925831312,-150.83013054775196,6.071771958550394,0.07445863029431732,6.072228487488279,0.2530095203120116,-3.0144768487399602,0.059516271737452775,0.36328684192036104,1.8164342096018051,-0.35733301440854603,-0.008546935962999047,0.0,0.0,0.3904011482381196,9.830671496912439,0.4096113123713516,9.830671496912439,0.4096113123713516,9.830671496912439,0.4096113123713516,0.6086444611414734,0.0,0.0,0.027562300633502967,0.0,0.0,0.38691498524529705,0.0,570.0343612605485,0.03325530902972504,0.032
raceline_xy,20260415_212047_eb9da4db,1669,53.43999999999766,372.86131862708135,-150.85750929728385,6.071805458063614,0.0746560818833718,6.07226440886209,0.2530110170359204,-3.012516502651671,0.061252995727202254,0.36667101296781546,1.8333550648390773,-0.35719424508367315,-0.009184245959240833,0.0,0.0,0.3905572174915615,9.846081553622097,0.41025339806758737,9.846081553622097,0.41025339806758737,9.846081553622097,0.41025339806758737,0.6069852329091328,0.0,0.0,0.0276725914467588,0.0,0.0,0.3884123146236932,0.0,570.002032024119,0.032113929537215355,0.032
raceline_xy,20260415_212047_eb9da4db,1670,53.47199999999766,372.6689864894772,-150.88522040550865,6.072002714408233,0.07312862928155928,6.072443063561943,0.25301846098174763,-3.010540939699264,0.061729153628922506,0.36995326254057637,1.8497663127028818,-0.3570352802326848,-0.009804675827611575,0.0,0.0,0.39071328765320834,9.861510248326265,0.4108962603469277,9.861510248326265,0.4108962603469277,9.861510248326265,0.4108962603469277,0.6053302150520703,0.0,0.0,0.027789186860876943,0.0,0.0,0.38988328879301615,0.0,569.8412427942509,0.03256093807116858,0.032
raceline_xy,20260415_212047_eb9da4db,1671,53.50399999999765,372.47669312220216,-150.9132613683808,6.072300769410666,0.07158653514040914,6.072722722650753,0.2530301134437814,-3.008577905997482,0.061338831512206975,0.37312904247456613,1.8656452123728307,-0.35688396023311375,-0.010435988937733676,0.0,0.0,0.3908693586065603,9.876958609036391,0.41153994204318295,9.876958609036391,0.41153994204318295,9.876958609036391,0.41153994204318295,0.6036792883756132,0.0,0.0,0.02790418303772772,0.0,0.0,0.39135957200883936,0.0,569.5895496143218,0.03401826654910217,0.032
raceline_xy,20260415_212047_eb9da4db,1672,53.53599999999765,372.2844436186348,-150.94166668574408,6.072602349708982,0.0712337917219017,6.0730201342309185,0.25304250559295494,-3.0066314296548864,0.06082238918060588,0.37623170987250154,1.8811585493625076,-0.35674640819542613,-0.011082230155868178,0.0,0.0,0.3910254302330295,9.892412207257166,0.4121838419690486,9.892412207257166,0.4121838419690486,9.892412207257166,0.4121838419690486,0.6020339778721677,0.0,0.0,0.028015809692568876,0.0,0.0,0.3928561235547891,0.0,569.321879192173,0.03552672125095688,0.032
raceline_xy,20260415_212047_eb9da4db,1673,53.567999999997646,372.0922467451985,-150.9704794756291,6.072837938174664,0.07226376335861673,6.073267874450151,0.2530528281020896,-3.0046868374861777,0.0607637688793382,0.3793038494921506,1.896519247460753,-0.3566072987093225,-0.011728742557527205,0.0,0.0,0.3911815024119679,9.907870876054503,0.4128279531689376,9.907870876054503,0.4128279531689376,9.907870876054503,0.4128279531689376,0.6003942757220377,0.0,0.0,0.028128594276874874,0.0,0.0,0.3943791123394883,0.0,569.0989129948638,0.0363845121513507,0.032
raceline_xy,20260415_212047_eb9da4db,1674,53.59999999999764,371.90010987811803,-150.99972671348397,6.07299019974561,0.07405160452912352,6.073441660734016,0.25306006919725066,-3.002724427413572,0.061320178324006665,0.3823720604448951,1.9118603022244753,-0.35644651240830827,-0.01235583982915811,0.0,0.0,0.3913375750206946,9.923334442046018,0.4134722684185841,9.923334442046018,0.4134722684185841,9.923334442046018,0.4134722684185841,0.5987601746694184,0.0,0.0,0.028248442723704865,0.0,0.0,0.39591744150852903,0.0,568.9425053393853,0.03646378702735263,0.032
raceline_xy,20260415_212047_eb9da4db,1675,53.63199999999764,371.7080361229704,-151.02941064250118,6.0730889083217985,0.07573852450866292,6.07356116396929,0.2530650484987204,-3.000731789350379,0.06226414347573148,0.3854373347804174,1.927186673902087,-0.3562515955467309,-0.012951091341641963,0.0,0.0,0.3914936435812918,9.938802384525776,0.41411676602190733,9.938802384525776,0.41411676602190733,9.938802384525776,0.41411676602190733,0.5971317038324129,0.0,0.0,0.02837901275834392,0.0,0.0,0.39745526809899295,0.0,568.8349524276383,0.03603285926560494,0.032
raceline_xy,20260415_212047_eb9da4db,1676,53.663999999997635,371.51602456534454,-151.05951641053096,6.073183032381906,0.07677440926162094,6.07366828652413,0.2530695119385054,-2.9987082925090958,0.06322798474997024,0.3879846464756953,1.9399232323784765,-0.35563666654557036,-0.01222094482503211,0.0,0.0,0.39157167710137475,9.9465380098352,0.4144390837431333,9.9465380098352,0.4144390837431333,9.9465380098352,0.4144390837431333,0.5963195702428803,0.0,0.0,0.02858705843637925,0.0,0.0,0.3957980097186034,0.0,568.7385421282823,-0.004478231220677958,0.032
raceline_xy,20260415_212047_eb9da4db,1677,53.69599999999763,371.32405559151425,-151.0899500092151,6.073490004447656,0.07469277591405876,6.073949279085177,0.2530812199618824,-2.9966647225328877,0.06385591226407279,0.3897323699862053,1.9486618499310264,-0.355386091329831,-0.01276291340412783,0.0,0.0,0.3917277442896568,9.962037525072748,0.4150848968780312,9.962037525072748,0.4150848968780312,9.962037525072748,0.4150848968780312,0.5946968826305219,0.0,0.0,0.02875178887438861,0.0,0.0,0.39967652468917647,0.0,568.4856488233403,0.034034106518495554,0.032
raceline_xy,20260415_212047_eb9da4db,1678,53.72799999999763,371.13199403362694,-151.1199500786997,6.074489677571033,0.05070582194376072,6.074701303216153,0.25311255430067303,-2.9949915899357276,0.05229598890043742,0.39061497759083086,1.9530748879541542,-0.35551520670745607,-0.01367378691383836,0.0,0.0,0.39188381163004926,9.97754309228862,0.4157309621786925,9.97754309228862,0.4157309621786925,9.97754309228862,0.4157309621786925,0.5930796053671994,0.0,0.0,0.028809449359635038,0.0,0.0,0.40099181933220424,0.0,567.8088271054621,0.05148267698581008,0.032
raceline_xy,20260415_212047_eb9da4db,1679,53.759999999997625,370.94000136019133,-151.15051468169395,6.075038568276065,0.058791494235616026,6.075323040451113,0.25313846001879636,-2.9933979718904142,0.04980964747062066,0.3916330668975021,1.9581653344875105,-0.35571814669927804,-0.014662662989809672,0.0,0.0,0.3920398790663793,9.99305324055082,0.41637721835628416,9.99305324055082,0.41637721835628416,9.99305324055082,0.41637721835628416,0.5914678671463314,0.0,0.0,0.028843307989039193,0.0,0.0,0.40250791825588345,0.0,567.2492635939982,0.055151804994095305,0.032
raceline_xy,20260415_212047_eb9da4db,1680,53.79199999999762,370.7481806460811,-151.18204272847933,6.074319662119586,0.07847267538966995,6.074826525786182,0.2531177719077576,-2.9916051764523823,0.056023154459881146,0.3931917326028215,1.9659586630141073,-0.35570998390284636,-0.015450870207321277,0.0,0.0,0.3921959465405314,10.008567794903849,0.4170236581209937,10.008567794903849,0.4170236581209937,10.008567794903849,0.4170236581209937,0.5898616606071481,0.0,0.0,0.028942280725991698,0.0,0.0,0.40444384471076117,0.0,567.6961267924354,0.047256795512729655,0.032
raceline_xy,20260415_212047_eb9da4db,1681,53.82399999999762,370.5565376498453,-151.2144133446133,6.072969751718957,0.09263793750689464,6.073676266706922,0.25306984444612174,-2.9895140261060806,0.0653357511398473,0.39517326213692344,1.975866310684617,-0.3553931816251219,-0.01593932022922484,0.0,0.0,0.3923520139924715,10.024087239611777,0.41767030165049074,10.024087239611777,0.41767030165049074,10.024087239611777,0.41767030165049074,0.5882609104008405,0.0,0.0,0.029135153073439425,0.0,0.0,0.40629996875107716,0.0,568.7313599637696,0.03586250637568173,0.032
raceline_xy,20260415_212047_eb9da4db,1682,53.855999999997614,370.36500298055194,-151.2472623274342,6.07212081499255,0.09393748409602709,6.072847391692309,0.25303530798717955,-2.987210057714038,0.07198096978273148,0.3972102400251989,1.9860512001259945,-0.35485881247972584,-0.016213517737289074,0.0,0.0,0.3925080813602721,10.03961087784209,0.4183171199100871,10.03961087784209,0.4183171199100871,10.03961087784209,0.4183171199100871,0.5866656632146885,0.0,0.0,0.02939252958790515,0.0,0.0,0.40781974551786776,0.0,569.4773474769214,0.028488928690321796,0.032
raceline_xy,20260415_212047_eb9da4db,1683,53.88799999999761,370.1735045049317,-151.28031194238326,6.0721859627729335,0.08605883258658065,6.072795772061071,0.2530331571692113,-2.9848636195383893,0.07330991851992605,0.3990185851152467,1.9950929255762333,-0.35428158345596206,-0.016443782537067797,0.0,0.0,0.39266414858013665,10.05513803356051,0.41896408473168795,10.05513803356051,0.41896408473168795,10.05513803356051,0.41896408473168795,0.5850759626959885,0.0,0.0,0.029661460722636535,0.0,0.0,0.40912025118521256,0.0,569.5238051450355,0.02804769154108072,0.032
raceline_xy,20260415_212047_eb9da4db,1684,53.91999999999761,369.9820113852594,-151.3134910237591,6.072839584413857,0.07640742758363939,6.073320237976408,0.2530550099156837,-2.982611959240903,0.07035434121220789,0.4005223586321753,2.0026117931608765,-0.353799953357087,-0.016767364003278384,0.0,0.0,0.39282021558642377,10.07066831170485,0.4196111796543687,10.07066831170485,0.4196111796543687,10.07066831170485,0.4196111796543687,0.5834918230136155,0.0,0.0,0.02990162144288746,0.0,0.0,0.4104267756206791,0.0,569.0517858212322,0.03282536678441974,0.032
raceline_xy,20260415_212047_eb9da4db,1685,53.951999999997604,369.7905384180638,-151.346911059986,6.0735739603758345,0.0710809336390279,6.073989887321381,0.2530829119717242,-2.980494385050725,0.06617004917968436,0.40183219934302533,2.0091609967151265,-0.3534515982313753,-0.017223572530495446,0.0,0.0,0.3929762823116723,10.086201310476397,0.42025838793651654,10.086201310476397,0.42025838793651654,10.086201310476397,0.42025838793651654,0.5819132585822149,0.0,0.0,0.030102693227745957,0.0,0.0,0.4118537275881513,0.0,568.4491014107568,0.03877852324884767,0.032
raceline_xy,20260415_212047_eb9da4db,1686,53.9839999999976,369.59912279540356,-151.38075180138057,6.074072996619819,0.07198727828388218,6.074499562638949,0.25310414844328954,-2.9784598258577315,0.06357803791256364,0.4031299670449607,2.0156498352248033,-0.3531787213615627,-0.017761339626191752,0.0,0.0,0.3931323486866256,10.101762975229267,0.4209067906345528,10.101762975229267,0.4209067906345528,10.101762975229267,0.4209067906345528,0.5803376206157909,0.0,0.0,0.03028228198487012,0.0,0.0,0.4134028245449732,0.0,567.9903936249455,0.04241444921548778,0.032
raceline_xy,20260415_212047_eb9da4db,1687,54.0159999999976,369.40779863189874,-151.41514368116324,6.074219765099416,0.07706354693439266,6.074708597537047,0.2531128582307103,-2.9764212935238206,0.06370050170882743,0.4045489935953011,2.0227449679765055,-0.35289611830868006,-0.01829368022180944,0.0,0.0,0.3932884146402558,10.11732839562961,0.4215553498179004,10.11732839562961,0.4215553498179004,10.11732839562961,0.4215553498179004,0.5787674199062653,0.0,0.0,0.03046584558083266,0.0,0.0,0.41501823048061526,0.0,567.8022622166576,0.04252431591507897,0.032
raceline_xy,20260415_212047_eb9da4db,1688,54.04799999999759,369.2165810110256,-151.45011191273963,6.0740845264779635,0.08257623991079666,6.074645806151733,0.25311024192298887,-2.974313848266478,0.06585044350209389,0.40611621329138,2.0305810664568997,-0.3525386162910138,-0.018755658056103464,0.0,0.0,0.393444480099789,10.132895827835013,0.4222039928264589,10.132895827835013,0.4222039928264589,10.132895827835013,0.4222039928264589,0.577202806096397,0.0,0.0,0.030673277421846196,0.0,0.0,0.41665119701874354,0.0,567.8587744634397,0.040177271469086964,0.032
raceline_xy,20260415_212047_eb9da4db,1689,54.07999999999759,369.02546325658835,-151.48559467716424,6.073886598828142,0.08564719938694654,6.074490419630845,0.25310376748461855,-2.9721235565539086,0.06843635620993099,0.40776929369599807,2.0388464684799903,-0.35209318856412386,-0.01913334357014085,0.0,0.0,0.39360054499072916,10.148464905939761,0.42285270441415673,10.148464905939761,0.42285270441415673,10.148464905939761,0.42285270441415673,0.5756437886777843,0.0,0.0,0.030908435252166088,0.0,0.0,0.4182373693400943,0.0,567.9986223322394,0.03749052056251831,0.032
raceline_xy,20260415_212047_eb9da4db,1690,54.111999999997586,368.83442677746325,-151.5215035396087,6.073836182591585,0.08557457876897145,6.074438984917884,0.2531016243715785,-2.9698801594290645,0.07009492033070637,0.4094179349534316,2.047089674767158,-0.35159093379990924,-0.01945655282138592,0.0,0.0,0.39375661768197107,10.164035972800148,0.4235014988666728,10.164035972800148,0.4235014988666728,10.164035972800148,0.4235014988666728,0.5740903061912888,0.0,0.0,0.031161551976205973,0.0,0.0,0.41975213354201535,0.0,568.0449135739041,0.03604267313858255,0.032
raceline_xy,20260415_212047_eb9da4db,1691,54.14399999999758,368.64345572331746,-151.55778079423732,6.073992494529924,0.08358603322393421,6.07456759354573,0.25310698306440543,-2.967627757991055,0.07037740127774235,0.4110019583146962,2.055009791573481,-0.3510768695471542,-0.019769364057629968,0.0,0.0,0.39391269322069217,10.179608390756151,0.4241503496148396,10.179608390756151,0.4241503496148396,10.179608390756151,0.4241503496148396,0.5725423951349127,0.0,0.0,0.031418800282761054,0.0,0.0,0.42122522933888074,0.0,567.9291658088426,0.036341410435212204,0.032
raceline_xy,20260415_212047_eb9da4db,1692,54.17599999999758,368.4525455422148,-151.59442088384364,6.074278472747521,0.08153479863979296,6.07482566728241,0.2531177361367671,-2.9653973428073535,0.0696924067538778,0.4125142353397286,2.062571176698643,-0.3505821068303687,-0.020102761907241806,0.0,0.0,0.39406876786426687,10.195200143183497,0.42480000596597906,10.195200143183497,0.42480000596597906,10.195200143183497,0.42480000596597906,0.5709982504753128,0.0,0.0,0.031670943542833646,0.0,0.0,0.4227088477050405,0.0,567.6968994458302,0.0377828175687581,0.032
raceline_xy,20260415_212047_eb9da4db,1693,54.207999999997575,368.26170293307706,-151.63145901325458,6.074572568981002,0.08076701037065881,6.075109480970747,0.2531295617071145,-2.9631940117015363,0.0688477129657862,0.4139899390897287,2.0699496954486434,-0.35011122497367353,-0.020461868095694946,0.0,0.0,0.3942248414766749,10.210797627425455,0.4254499011427273,10.210797627425455,0.4254499011427273,10.210797627425455,0.4254499011427273,0.5694592043779285,0.0,0.0,0.031916635581317784,0.0,0.0,0.4242186485470228,0.0,567.4414671263272,0.03931776943405572,0.032
raceline_xy,20260415_212047_eb9da4db,1694,54.23999999999757,368.0709396032934,-151.66894069430288,6.074787411098537,0.08153161486298943,6.075334517066812,0.25313893821111716,-2.961001960907174,0.0684957102122638,0.4154754172454448,2.077377086227224,-0.3496477249486514,-0.020830902807354335,0.0,0.0,0.39438091392009117,10.22639715403717,0.42609988141821536,10.22639715403717,0.42609988141821536,10.22639715403717,0.42609988141821536,0.5679255965763623,0.0,0.0,0.03216101645822963,0.0,0.0,0.42575972934620565,0.0,567.2389346398686,0.04015212119963876,0.032
raceline_xy,20260415_212047_eb9da4db,1695,54.27199999999757,367.88026523189177,-151.7068945123981,6.074900613920747,0.08316473923815915,6.075469845441356,0.2531445768933898,-2.9587993336744614,0.0688256420721295,0.41700014758448906,2.0850007379224453,-0.3491693009925254,-0.021188094359247955,0.0,0.0,0.39453698505491336,10.241999818083606,0.42674999242015027,10.241999818083606,0.42674999242015027,10.241999818083606,0.42674999242015027,0.5663972938394961,0.0,0.0,0.032411024811362786,0.0,0.0,0.4273200096890493,0.0,567.1171391027792,0.04010253557982583,0.032
raceline_xy,20260415_212047_eb9da4db,1696,54.303999999997565,367.689683503269,-151.7453220534514,6.074948523149307,0.08471739287279467,6.075539202043643,0.2531474667518185,-2.956571984002439,0.06959720884278757,0.41856605528556223,2.092830276427811,-0.34866177031702117,-0.021519523732318024,0.0,0.0,0.39469305473978805,10.257608181043706,0.42740034087682105,10.257608181043706,0.42740034087682105,10.257608181043706,0.42740034087682105,0.5648740218112933,0.0,0.0,0.0326710711692057,0.0,0.0,0.4288807684078225,0.0,567.0547181607208,0.039516474986212496,0.032
raceline_xy,20260415_212047_eb9da4db,1697,54.33599999999756,367.4991924293794,-151.7842054478192,6.07499276773606,0.08555430274185771,6.075595169756053,0.2531497987398355,-2.9543190149179015,0.07039709036875881,0.4201548960071,2.1007744800354997,-0.34812450591765076,-0.021824019483339896,0.0,0.0,0.3948491228316379,10.273219668819943,0.4280508195341643,10.273219668819943,0.4280508195341643,10.273219668819943,0.4280508195341643,0.5633560083825029,0.0,0.0,0.03294128541662777,0.0,0.0,0.43042592542727126,0.0,567.0043472195522,0.03892796016658054,0.032
raceline_xy,20260415_212047_eb9da4db,1698,54.36799999999756,367.3087876977204,-151.8235232331954,6.075079033424496,0.08560682904041594,6.075682166763849,0.2531534236151604,-2.9520495087259526,0.0709137985331092,0.42101251217206315,2.1050625608603157,-0.34720735085105714,-0.02083275138771068,0.0,0.0,0.3949271562350022,10.281026637812685,0.4283761099088619,10.281026637812685,0.4283761099088619,10.281026637812685,0.4283761099088619,0.5625989607983337,0.0,0.0,0.033285244080935486,0.0,0.0,0.42874159387913024,0.0,566.9260499125352,-0.0025913655736808303,0.032
raceline_xy,20260415_212047_eb9da4db,1699,54.399999999997554,367.11844199340476,-151.86317500601814,6.075436476697158,0.0824266548150554,6.075995600377471,0.2531664833490613,-2.9497816678026707,0.07086365733256887,0.4214379165206812,2.107189582603406,-0.346650226861279,-0.02112039506200203,0.0,0.0,0.3950832216653399,10.296643130599508,0.4290267971083128,10.296643130599508,0.4290267971083128,10.296643130599508,0.4290267971083128,0.561088758606862,0.0,0.0,0.033580553452751016,0.0,0.0,0.43262631148360686,0.0,566.6439596602756,0.03770007035445482,0.032
raceline_xy,20260415_212047_eb9da4db,1700,54.43199999999755,366.92798529237683,-151.90242501299798,6.07656775466607,0.058025432759658546,6.076844792151136,0.25320186633963065,-2.947903115393685,0.05872301940232091,0.42101691431060334,2.1050845715530166,-0.3464914334956495,-0.021796001232912587,0.0,0.0,0.3952392851375933,10.312263166467128,0.42967763193613034,10.312263166467128,0.42967763193613034,10.312263166467128,0.42967763193613034,0.5595837138836086,0.0,0.0,0.033756685864722344,0.0,0.0,0.43392230783664415,0.0,565.879687063977,0.055546190891653566,0.032
raceline_xy,20260415_212047_eb9da4db,1701,54.46399999999755,366.7376314170218,-151.94227350046268,6.077142311846661,0.06613614384358613,6.07750217342285,0.2532292572259521,-2.946115977602184,0.05586386114922441,0.42076478572849074,2.1038239286424534,-0.34641698168185586,-0.022561691389428873,0.0,0.0,0.3953953465028623,10.327894372638179,0.43032893219325746,10.327894372638179,0.43032893219325746,10.327894372638179,0.43032893219325746,0.5580830719659562,0.0,0.0,0.03390450634348532,0.0,0.0,0.43546814800336026,0.0,565.2880439194344,0.05934057868210722,0.032
raceline_xy,20260415_212047_eb9da4db,1702,54.495999999997544,366.54751308076004,-151.9831343284027,6.07625075213436,0.08651070087315471,6.076866569555311,0.2532027737314713,-2.9441265196065185,0.06216944641372726,0.4211097987755716,2.105548993877858,-0.3461254076132434,-0.023123726159492097,0.0,0.0,0.39555140561064334,10.343545705121985,0.4309810710467494,10.343545705121985,0.4309810710467494,10.343545705121985,0.4309810710467494,0.5565859620816993,0.0,0.0,0.03412456349124664,0.0,0.0,0.4374909020308959,0.0,565.8600874002195,0.050951702013111375,0.032
raceline_xy,20260415_212047_eb9da4db,1703,54.52799999999754,366.3576344007439,-152.02488761593776,6.074627571956177,0.1013639455517048,6.075473215102508,0.25314471729593785,-2.941827827118618,0.07181584262342113,0.42193659561392316,2.109682978069616,-0.3455135199051056,-0.023375186769136747,0.0,0.0,0.39570746230885634,10.35920053299298,0.4316333555413742,10.35920053299298,0.4316333555413742,10.35920053299298,0.4316333555413742,0.5550939601119969,0.0,0.0,0.034449025981026324,0.0,0.0,0.43941656144734426,0.0,567.1141064077425,0.038775264450190465,0.032
raceline_xy,20260415_212047_eb9da4db,1704,54.55999999999754,366.1679009572277,-152.06714708634962,6.073595322286983,0.1024813446862658,6.074459857873375,0.2531024940780573,-2.93931082931803,0.07862986758923446,0.4228513143080532,2.114256571540266,-0.34467819620299966,-0.02340699797732082,0.0,0.0,0.39586351644387113,10.374858348361789,0.43228576451507456,10.374858348361789,0.43228576451507456,10.374858348361789,0.43228576451507456,0.5536070906869264,0.0,0.0,0.03484422505963679,0.0,0.0,0.44094919199520943,0.0,568.026127913962,0.030952431914113017,0.032
raceline_xy,20260415_212047_eb9da4db,1705,54.59199999999753,365.9782192973507,-152.1096215830649,6.073619716657817,0.09387276226005836,6.074345113513795,0.25309771306307477,-2.936756078897072,0.07981272050132839,0.42355060731760663,2.117753036588033,-0.34380464496869667,-0.02339993662086437,0.0,0.0,0.3960195956537462,10.390521056370842,0.4329383773487851,10.390521056370842,0.4329383773487851,10.390521056370842,0.4329383773487851,0.552125149979882,0.0,0.0,0.035250253759261954,0.0,0.0,0.44223187220804555,0.0,568.1293978375842,0.03041602062720801,0.032
raceline_xy,20260415_212047_eb9da4db,1706,54.62399999999753,365.7885517555446,-152.1522386606186,6.074316574115919,0.08345438331072219,6.074889832472119,0.25312040968633825,-2.934307920796873,0.07649145604779997,0.4239572995916894,2.119786497958447,-0.34303848716132945,-0.023498239613911842,0.0,0.0,0.3961756848647056,10.406187060303333,0.4335911275126389,10.406187060303333,0.4335911275126389,10.406187060303333,0.4335911275126389,0.5506482664450392,0.0,0.0,0.035621978901029236,0.0,0.0,0.4435238271097176,0.0,567.639150775093,0.03537163823462964,0.032
raceline_xy,20260415_212047_eb9da4db,1707,54.655999999997526,365.59891934809986,-152.19511477693524,6.075102767300051,0.07762553340138312,6.07559868298529,0.2531499451243871,-2.932007267642174,0.0718909529761207,0.424189306616648,2.1209465330832398,-0.34241891599760077,-0.02374273885453171,0.0,0.0,0.3963317710371529,10.421856845917613,0.43424403524656724,10.421856845917613,0.43424403524656724,10.421856845917613,0.43424403524656724,0.5491763712286839,0.0,0.0,0.03594805653616147,0.0,0.0,0.4449548503493966,0.0,567.0011853132387,0.04155243870034465,0.032
raceline_xy,20260415_212047_eb9da4db,1708,54.68799999999752,365.4093710407285,-152.23843631979997,6.075615992830004,0.07837594538169279,6.076121499867015,0.2531717291611256,-2.929799826631129,0.06898136858775793,0.42443817849917137,2.1221908924958566,-0.3418887662664174,-0.02407916624124251,0.0,0.0,0.39648785400877506,10.437542827328967,0.4348976178053736,10.437542827328967,0.4348976178053736,10.437542827328967,0.4348976178053736,0.5477082818865795,0.0,0.0,0.03624689216440118,0.0,0.0,0.44651920033424214,0.0,566.5306501196861,0.045280433553391466,0.032
raceline_xy,20260415_212047_eb9da4db,1709,54.71999999999752,365.21995025434626,-152.28233740934536,6.075726171874683,0.08351607951677531,6.076300144918851,0.2531791727049521,-2.9275936799770452,0.06893829232794266,0.42484378555593694,2.1242189277796846,-0.3413539952374669,-0.024415628735139805,0.0,0.0,0.3966439336155309,10.45323110068478,0.43555129586186586,10.45323110068478,0.43555129586186586,10.45323110068478,0.43555129586186586,0.546245282685677,0.0,0.0,0.03654857826452696,0.0,0.0,0.44816292346581993,0.0,566.3698695730337,0.04529090086921552,0.032
raceline_xy,20260415_212047_eb9da4db,1710,54.751999999997516,365.03067462786646,-152.32684224762883,6.075518462038024,0.08910511338174198,6.076171846137635,0.2531738269224015,-2.925320401413244,0.0710307575096789,0.4254335961542662,2.127167980771331,-0.3407457269350087,-0.024683831818681057,0.0,0.0,0.3968000096916782,10.468923078936232,0.43620512828900965,10.468923078936232,0.43620512828900965,10.468923078936232,0.43620512828900965,0.5447872185998621,0.0,0.0,0.036875559413270184,0.0,0.0,0.44982620861976974,0.0,566.485338476128,0.042709449776011855,0.032
raceline_xy,20260415_212047_eb9da4db,1711,54.78399999999751,364.84153378613837,-152.37188477184802,6.075244022427965,0.09211355369818564,6.075942300484891,0.2531642625202038,-2.9229654441830295,0.07357873390424555,0.42614102257554165,2.130705112877708,-0.34005039228206124,-0.024869659647916542,0.0,0.0,0.3969560820698007,10.484623429566856,0.4368593095652857,10.484623429566856,0.4368593095652857,10.484623429566856,0.4368593095652857,0.5433336358653817,0.0,0.0,0.037232125460045444,0.0,0.0,0.45143752436766715,0.0,566.691929563598,0.03973725605948678,0.032
raceline_xy,20260415_212047_eb9da4db,1712,54.81599999999751,364.65250289819505,-152.4173716637831,6.075139965455529,0.09180353125684104,6.075833563242679,0.2531597318017783,-2.9205603168104046,0.07514522529391485,0.42686949123351897,2.134347456167595,-0.33930095476993527,-0.025004089053950906,0.0,0.0,0.397112150580835,10.50032643062241,0.43751360127593375,10.50032643062241,0.43751360127593375,10.50032643062241,0.43751360127593375,0.5418850437516132,0.0,0.0,0.03760713535328404,0.0,0.0,0.4529659620886449,0.0,566.7897930815881,0.03813876904367964,0.032
raceline_xy,20260415_212047_eb9da4db,1713,54.847999999997505,364.46356128979835,-152.46324130122915,6.075273152665026,0.08945433367868305,6.075931694588603,0.25316382060785847,-2.9181520383566166,0.07524551053390892,0.427553947494999,2.137769737474995,-0.3385454315096812,-0.025134127492869585,0.0,0.0,0.39726821505409793,10.516031942219474,0.4381679975924781,10.516031942219474,0.4381679975924781,10.516031942219474,0.4381679975924781,0.5404414318686426,0.0,0.0,0.037984824184554566,0.0,0.0,0.45444723084393746,0.0,566.7014748702567,0.03841200207167711,0.032
raceline_xy,20260415_212047_eb9da4db,1714,54.8799999999975,364.2747035751526,-152.50948798691596,6.075551866725017,0.08707227173891274,6.076175776405059,0.2531739906835441,-2.9157731438300303,0.07433047463068018,0.4281871170793386,2.1409355853966927,-0.33781648825556143,-0.025292298602298313,0.0,0.0,0.3974242753173134,10.531739821827871,0.4388224925761613,10.531739821827871,0.4388224925761613,10.531739821827871,0.4388224925761613,0.5390027900223004,0.0,0.0,0.03835469086011185,0.0,0.0,0.4559332773068404,0.0,566.4818012354469,0.03989078556570854,0.032
raceline_xy,20260415_212047_eb9da4db,1715,54.9119999999975,364.08593879641285,-152.55614869528915,6.075836842700863,0.08608598658480249,6.07644667023479,0.25318527792644957,-2.9134283589598606,0.07326708538558503,0.428806593673197,2.144032968365985,-0.33711829890557077,-0.025483316976577797,0.0,0.0,0.3975803311966392,10.54744992424104,0.43947708017671,10.54744992424104,0.43947708017671,10.54744992424104,0.43947708017671,0.5375691082137144,0.0,0.0,0.038715549002921526,0.0,0.0,0.4574540748289426,0.0,566.2379967886885,0.04144870758988516,0.032
raceline_xy,20260415_212047_eb9da4db,1716,54.943999999997494,363.8972819131377,-152.6032705117238,6.076030206542351,0.08673957201422611,6.076649308966932,0.2531937212069555,-2.9111002780688366,0.07274582049314435,0.42946129980598985,2.1473064990299493,-0.33643251024368315,-0.02568976604011608,0.0,0.0,0.39773638251669474,10.563164012439428,0.44013183385164284,10.563164012439428,0.44013183385164284,10.563164012439428,0.44013183385164284,0.5361402031900817,0.0,0.0,0.039073535550189734,0.0,0.0,0.4590122836019791,0.0,566.055621929761,0.04224572833639155,0.032
raceline_xy,20260415_212047_eb9da4db,1717,54.97599999999749,363.7087446970648,-152.6508820972307,6.076108853016716,0.08830760628555989,6.0767505319073285,0.253197938829472,-2.908765382985612,0.07295788476112502,0.4301816324309956,2.1509081621549777,-0.3357336788579781,-0.025888116961161334,0.0,0.0,0.39789242910058703,10.578895010324258,0.4407872920968441,10.578895010324258,0.4407872920968441,10.578895010324258,0.4407872920968441,0.5347148846964846,0.0,0.0,0.03943720659451562,0.0,0.0,0.46059660803341146,0.0,565.964521283404,0.042099958556797025,0.032
raceline_xy,20260415_212047_eb9da4db,1718,55.00799999999749,363.5203309295821,-152.6989835592089,6.0761157731099,0.0897739161733162,6.076778936596264,0.25319912235817765,-2.9064086744127753,0.07363808254247069,0.43096842530324914,2.1548421265162454,-0.3350084727803946,-0.02606336002035503,0.0,0.0,0.3980484707699382,10.594627469991966,0.4414428112496653,10.594627469991966,0.4414428112496653,10.594627469991966,0.4414428112496653,0.5332945361872525,0.0,0.0,0.039810796132968694,0.0,0.0,0.4621745219870411,0.0,565.9389570633623,0.04147533305909876,0.032
raceline_xy,20260415_212047_eb9da4db,1719,55.039999999997484,363.3320372237964,-152.7475549156696,6.076121320208828,0.09047206131449936,6.076794837064583,0.25319978487769096,-2.904029463555757,0.07434026919535301,0.43180310675838884,2.159015533791944,-0.3342565068776504,-0.026214902956334107,0.0,0.0,0.3982045204957629,10.610361933620617,0.442098413900859,10.610361933620617,0.442098413900859,10.610361933620617,0.442098413900859,0.5318790853492792,0.0,0.0,0.04019432595356574,0.0,0.0,0.46373519354665094,0.0,565.9246466418753,0.04082309900442505,0.032
raceline_xy,20260415_212047_eb9da4db,1720,55.07199999999748,363.1438580913817,-152.79657454787608,6.076171853777581,0.09039146888718719,6.076844165706939,0.25320184023778913,-2.9016367337187834,0.0747626314928444,0.43219764081106204,2.16098820405531,-0.33314949822187856,-0.02508732018958648,0.0,0.0,0.3982825755416925,10.618232199237443,0.44242634163489347,10.618232199237443,0.44242634163489347,10.618232199237443,0.44242634163489347,0.5311729847952669,0.0,0.0,0.04064100652625231,0.0,0.0,0.46204145812404185,0.0,565.8802508637543,-0.0011090881113698867,0.032
raceline_xy,20260415_212047_eb9da4db,1721,55.10399999999748,362.9557572142948,-152.84593126350282,6.076523939690157,0.08671719313306614,6.0771426724417505,0.2532142780184063,-2.899252513166598,0.07449970160185548,0.43193866891288235,2.1596933445644115,-0.3323872564598389,-0.025232425311883855,0.0,0.0,0.3984386815652168,10.633972811346748,0.4430822004727812,10.633972811346748,0.4430822004727812,10.633972811346748,0.4430822004727812,0.5297645574995347,0.0,0.0,0.04105035062419607,0.0,0.0,0.4659518416811239,0.0,565.6115948024241,0.03960159167955378,0.032
raceline_xy,20260415_212047_eb9da4db,1722,55.13599999999747,362.7675302727962,-152.89491874302416,6.077715874457866,0.06246025925405152,6.078036815833154,0.25325153399304806,-2.8972599516440285,0.062294025707457054,0.43086211010768144,2.154310550538407,-0.3320255187250907,-0.025767920349103246,0.0,0.0,0.39859478198914194,10.64971332061922,0.4437380550258008,10.64971332061922,0.4437380550258008,10.64971332061922,0.4437380550258008,0.5283611602283824,0.0,0.0,0.04133226809048585,0.0,0.0,0.4672354633116546,0.0,564.806865750161,0.05730521293307573,0.032
raceline_xy,20260415_212047_eb9da4db,1723,55.16799999999747,362.5794388238014,-152.94450713437195,6.078293992375123,0.07019594680723595,6.078699312245315,0.25327913801022145,-2.8953664146108276,0.05919631935007923,0.42996577276211423,2.149828863810571,-0.3317567256566454,-0.02640119741092306,0.0,0.0,0.3987508766017513,10.665456083262859,0.44439400346928576,10.665456083262859,0.44439400346928576,10.665456083262859,0.44439400346928576,0.5269625593915981,0.0,0.0,0.041581094868102395,0.0,0.0,0.4688015035280734,0.0,564.210618979216,0.06121586575445066,0.032
raceline_xy,20260415_212047_eb9da4db,1724,55.199999999997466,362.39164128719483,-152.99511167545126,6.077329000217388,0.09051677548363579,6.078003048989629,0.25325012704123456,-2.8932742033850634,0.06538139030710534,0.4296876948954438,2.148438474477219,-0.33127642185203765,-0.026834584512694715,0.0,0.0,0.39890696518960056,10.681202937430463,0.44505012239293595,10.681202937430463,0.44505012239293595,10.681202937430463,0.44505012239293595,0.5255685703030539,0.0,0.0,0.041905295779298184,0.0,0.0,0.4708552631504208,0.0,564.8372559093334,0.05277095789697054,0.032
raceline_xy,20260415_212047_eb9da4db,1725,55.23199999999746,362.20414026947464,-153.0466218276398,6.0755738940983255,0.10562575537025998,6.076491993152516,0.2531871663813548,-2.8908709688751664,0.0750768361918678,0.4299228480641807,2.1496142403209033,-0.33047370682217947,-0.026955919566813424,0.0,0.0,0.39906304753754623,10.696951479554203,0.44570631164809177,10.696951479554203,0.44570631164809177,10.696951479554203,0.44570631164809177,0.5241793842145626,0.0,0.0,0.042342001720755904,0.0,0.0,0.4728191135165337,0.0,566.1972061627355,0.0402876655179097,0.032
raceline_xy,20260415_212047_eb9da4db,1726,55.26399999999746,362.0168187181701,-153.0986480099456,6.074442554171558,0.10670887131697748,6.075379751682032,0.25314082298675133,-2.888248431387744,0.0819191147215856,0.43026847469625834,2.1513423734812918,-0.32944640432385075,-0.026857597615590922,0.0,0.0,0.3992191234287735,10.712709329012961,0.44636288870887336,10.712709329012961,0.44636288870887336,10.712709329012961,0.44636288870887336,0.5227943100628814,0.0,0.0,0.04285469232219529,0.0,0.0,0.4743675315711501,0.0,567.1982234861707,0.032153716863231166,0.032
raceline_xy,20260415_212047_eb9da4db,1727,55.295999999997456,361.8295644420201,-153.15089684882426,6.074432764083026,0.09782663334946773,6.075220445017435,0.2531341852090598,-2.8855904949299918,0.08302990398183188,0.43041460302809376,2.1520730151404686,-0.32838321315183316,-0.026722687570590598,0.0,0.0,0.3993751926448252,10.728466943602516,0.4470194559834382,10.728466943602516,0.4470194559834382,10.728466943602516,0.4470194559834382,0.5214141668401826,0.0,0.0,0.043377964743477965,0.0,0.0,0.4756454412518455,0.0,567.341599484308,0.031525458086085346,0.032
raceline_xy,20260415_212047_eb9da4db,1728,55.32799999999745,361.6423333486878,-153.2032935158263,6.075142816876845,0.08701747213662081,6.075765983471333,0.25315691597797224,-2.8830453729073575,0.079518178464024,0.43027761115165375,2.1513880557582685,-0.3274337049355056,-0.02669938398329208,0.0,0.0,0.39953125496562963,10.744224012815318,0.44767600053397155,10.744224012815318,0.44767600053397155,10.744224012815318,0.44767600053397155,0.5200389575210447,0.0,0.0,0.0438624464097531,0.0,0.0,0.4769309482672117,0.0,566.8506148757996,0.03654957215790085,0.032
raceline_xy,20260415_212047_eb9da4db,1729,55.35999999999745,361.45515252983193,-153.25595482136424,6.075949088842612,0.0808921161070022,6.076487543363817,0.2531869809734924,-2.880655232890015,0.07468755041134481,0.4299762796599905,2.1498813982999523,-0.32663830206292976,-0.026829835303914695,0.0,0.0,0.39968731016952896,10.759980217835594,0.4483325090764831,10.759980217835594,0.4483325090764831,10.759980217835594,0.4483325090764831,0.5186686855695464,0.0,0.0,0.044295717575869815,0.0,0.0,0.47836410137514085,0.0,566.2012109725641,0.042845790514385515,0.032
raceline_xy,20260415_212047_eb9da4db,1730,55.391999999997445,361.2680821735304,-153.30906846547967,6.076463469194961,0.08151964274253709,6.077010263658745,0.25320876098578105,-2.878364372901718,0.07158958054232684,0.4297065762930977,2.1485328814654885,-0.3259383573554451,-0.027058320172621997,0.0,0.0,0.3998433580333074,10.775735231464644,0.4489889679776935,10.775735231464644,0.4489889679776935,10.775735231464644,0.4489889679776935,0.5173033549365216,0.0,0.0,0.044697752935686626,0.0,0.0,0.47993386347969724,0.0,565.7307627071291,0.04663051052183866,0.032
raceline_xy,20260415_212047_eb9da4db,1731,55.42399999999744,361.08117421271317,-153.36276892357972,6.07654890250169,0.0866553615200516,6.077166750729707,0.25321528128040444,-2.8760783254136664,0.07143553762117634,0.42961151305086315,2.1480575652543155,-0.32523722628165697,-0.027290351415292236,0.0,0.0,0.3999993983322197,10.791488718040835,0.44964536325170146,10.791488718040835,0.44964536325170146,10.791488718040835,0.44964536325170146,0.5159429700572948,0.0,0.0,0.04510164069356402,0.0,0.0,0.4815919371091858,0.0,565.5899243432634,0.04659994279143447,0.032
raceline_xy,20260415_212047_eb9da4db,1732,55.45599999999744,360.89444853603334,-153.41708025305596,6.076295214820243,0.0922812814959657,6.076995916780094,0.25320816319917056,-2.8737265813128623,0.07348111267285516,0.42971963744721686,2.148598187236084,-0.32446366639363466,-0.02745540001407676,0.0,0.0,0.400155430840019,10.807243072894897,0.45030179470395404,10.807243072894897,0.45030179470395404,10.807243072894897,0.45030179470395404,0.5145873005262405,0.0,0.0,0.04553220393746128,0.0,0.0,0.48327108995651397,0.0,565.7436748979152,0.043900167294880735,0.032
raceline_xy,20260415_212047_eb9da4db,1733,55.487999999997434,360.707890910041,-153.47193462669188,6.075972159537511,0.09525649848384976,6.076718809026655,0.2531966170427773,-2.8712940525534094,0.07599954571272616,0.4299619684753153,2.1498098423765764,-0.3236034209867129,-0.02753835776092739,0.0,0.0,0.40031145532898516,10.822999752432343,0.4509583230180143,10.822999752432343,0.4509583230180143,10.822999752432343,0.4509583230180143,0.5132361993566144,0.0,0.0,0.04599422671838349,0.0,0.0,0.4848923719255647,0.0,565.99307187601,0.04088090079390828,0.032
raceline_xy,20260415_212047_eb9da4db,1734,55.51999999999743,360.52147057077485,-153.52723715625854,6.075831244172407,0.09482503596701197,6.076571162679473,0.2531904651116447,-2.868813122771635,0.07751037148547242,0.4302396191913596,2.151198095956798,-0.32269083889777495,-0.027571747772126898,0.0,0.0,0.40046749140376375,10.838755156231542,0.4516147981763143,10.838755156231542,0.4516147981763143,10.838755156231542,0.4516147981763143,0.5118899527771519,0.0,0.0,0.04647529259519887,0.0,0.0,0.486425918532399,0.0,566.125953588474,0.039229809584083064,0.032
raceline_xy,20260415_212047_eb9da4db,1735,55.55199999999743,360.33516325160275,-153.5829269422884,6.075938197981137,0.09235153080871705,6.076640008337583,0.25319333368073266,-2.8663312613774075,0.07754197505307672,0.4304924077446379,2.1524620387231894,-0.3217743991486808,-0.02760368861438911,0.0,0.0,0.40062362053357814,10.854516323418048,0.452271513475752,10.854516323418048,0.452271513475752,10.854516323418048,0.452271513475752,0.5105479384967664,0.0,0.0,0.046958358341269255,0.0,0.0,0.48791360567058956,0.0,566.0639924961746,0.03944076288238583,0.032
raceline_xy,20260415_212047_eb9da4db,1736,55.583999999997424,360.1489629995598,-153.63899826213697,6.07619730339565,0.08984888109879763,6.076861565909435,0.2532025652462265,-2.8638813057774817,0.07654923610026042,0.4307096487428713,2.1535482437143565,-0.32088707629003643,-0.02766621957525839,0.0,0.0,0.40077974099016517,10.870273305204694,0.45292805438352896,10.870273305204694,0.45292805438352896,10.870273305204694,0.45292805438352896,0.5092109816298005,0.0,0.0,0.04743207448887414,0.0,0.0,0.48940258225735406,0.0,565.8645906815082,0.04087152761060173,0.032
raceline_xy,20260415_212047_eb9da4db,1737,55.61599999999742,359.9628805589078,-153.6954869912301,6.07646467249992,0.08874011736762166,6.0771126141095975,0.2532130255878999,-2.861468285929541,0.07539839916283493,0.4309283262562078,2.154641631281039,-0.32003335628418084,-0.027764395813824283,0.0,0.0,0.4009358525830683,10.88602576724181,0.45358440696840874,10.88602576724181,0.45358440696840874,10.88602576724181,0.45358440696840874,0.5078790841005052,0.0,0.0,0.04789504754455588,0.0,0.0,0.4909265939841367,0.0,565.6386473013619,0.04239718799523988,0.032
raceline_xy,20260415_212047_eb9da4db,1738,55.64799999999742,359.77693332427924,-153.75243906258223,6.076638469592521,0.08927989509931367,6.077294298435834,0.25322059576815975,-2.8590749062227383,0.07478565463917722,0.43119706489923754,2.1559853244961875,-0.31919521347849233,-0.027880946973823484,0.0,0.0,0.40109195512000767,10.901772929005888,0.45424053870857867,10.901772929005888,0.45424053870857867,10.901772929005888,0.45424053870857867,0.5065522851418409,0.0,0.0,0.048353663402788,0.0,0.0,0.4924875961257612,0.0,565.4751314077494,0.043170003391813254,0.032
raceline_xy,20260415_212047_eb9da4db,1739,55.67999999999741,359.59113467627634,-153.80988241221021,6.0766941106597185,0.09075027069024677,6.077371712027895,0.2532238213344956,-2.8566775230826584,0.0749096359960022,0.43154622099450496,2.1577311049725245,-0.318348542226186,-0.02799225478796208,0.0,0.0,0.4012480484069067,10.91751133109415,0.4548963054622563,10.91751133109415,0.4548963054622563,10.91751133109415,0.4548963054622563,0.5052308477822112,0.0,0.0,0.04881638534162665,0.0,0.0,0.49406788119262207,0.0,565.4054591748943,0.042998775968932174,0.032
raceline_xy,20260415_212047_eb9da4db,1740,55.71199999999741,359.40548850776764,-153.86781688398165,6.07667545560367,0.09213353625179987,6.077373872096263,0.2532239113373443,-2.854260876389228,0.07550971169468432,0.4319765774518843,2.159882887259421,-0.317478064972315,-0.02808399098197878,0.0,0.0,0.40140413224791927,10.933255390094482,0.4555523079206034,10.933255390094482,0.4555523079206034,10.933255390094482,0.4555523079206034,0.5039135381124922,0.0,0.0,0.049288719931321515,0.0,0.0,0.495651613698062,0.0,565.4035151133626,0.042260139857349534,0.032
raceline_xy,20260415_212047_eb9da4db,1741,55.743999999997406,359.21999037028843,-153.92622238796267,6.076654706400835,0.0927527207209522,6.077362543737584,0.2532234393223993,-2.8518239473512175,0.07614223271565042,0.4324673791413206,2.162336895706603,-0.31658307430562216,-0.028154677350680224,0.0,0.0,0.40156020644545687,10.948999415861119,0.4562083089942133,10.948999415861119,0.4562083089942133,10.948999415861119,0.4562083089942133,0.5026008127400905,0.0,0.0,0.04977077967980938,0.0,0.0,0.49721559850439123,0.0,565.4137106361742,0.04152754544990011,0.032
raceline_xy,20260415_212047_eb9da4db,1742,55.7759999999974,359.03463286643205,-153.98507548259803,6.076684397357248,0.09253967034905441,6.077388983410008,0.25322454097541697,-2.8493763705093826,0.07647495277720336,0.432844162270593,2.164220811352965,-0.3153515070927888,-0.026960446414557193,0.0,0.0,0.4016382398657063,10.956869250665513,0.4565362187777297,10.956869250665513,0.4565362187777297,10.956869250665513,0.4565362187777297,0.5019463422715442,0.0,0.0,0.05030191475869592,0.0,0.0,0.49551960743703566,0.0,565.3899149309927,-0.0002007525676124694,0.032
raceline_xy,20260415_212047_eb9da4db,1743,55.8079999999974,358.84937044515567,-154.04425756753736,6.077033918501722,0.08845524539919158,6.077677646688661,0.25323656861202753,-2.846943311420233,0.07602564533813042,0.43225926758793376,2.161296337939669,-0.31445520429166374,-0.02703314618848429,0.0,0.0,0.4017942992238071,10.97260427091866,0.45719184462161083,10.97260427091866,0.45719184462161083,10.97260427091866,0.45719184462161083,0.5006411933316937,0.0,0.0,0.0508114223568595,0.0,0.0,0.4994247223532993,0.0,565.1301179802044,0.040463051567737926,0.032
raceline_xy,20260415_212047_eb9da4db,1744,55.839999999997396,358.66396968934373,-154.10310101390183,6.07824217227597,0.06465425163412264,6.078586026132102,0.25327441775550424,-2.8449000662752084,0.06388705527681052,0.43088438026113085,2.1544219013056543,-0.3139574079554146,-0.027494404177706322,0.0,0.0,0.4019503484370148,10.988332706440348,0.4578471961016812,10.988332706440348,0.4578471961016812,10.988332706440348,0.4578471961016812,0.49934110977061374,0.0,0.0,0.05118644620876682,0.0,0.0,0.5006961888749683,0.0,564.3125764811075,0.05792957882398348,0.032
raceline_xy,20260415_212047_eb9da4db,1745,55.87199999999739,358.47873844669806,-154.162542183644,6.078789055105616,0.07226076928507164,6.079218534914623,0.25330077228810927,-2.842958053535769,0.06071932337504106,0.4296979256361076,2.148489628180538,-0.3135548366287484,-0.028055625494174397,0.0,0.0,0.4021063873018541,11.004054101089624,0.45850225421206764,11.004054101089624,0.45850225421206764,11.004054101089624,0.45850225421206764,0.4980461020064042,0.0,0.0,0.051525217453819994,0.0,0.0,0.5022739978846862,0.0,563.7433185768391,0.061818466179507314,0.032
raceline_xy,20260415_212047_eb9da4db,1746,55.90399999999739,358.2938535782048,-154.22297923928366,6.077811137742574,0.09221018778279144,6.07851058605631,0.2532712744190129,-2.8408225120930988,0.06673680625176016,0.42912902791851804,2.14564513959259,-0.31294609335320134,-0.02842203660302367,0.0,0.0,0.4022624156132283,11.019768006432804,0.45915700026803347,11.019768006432804,0.45915700026803347,11.019768006432804,0.45915700026803347,0.4967561794940427,0.0,0.0,0.05194194108397975,0.0,0.0,0.5043163140552394,0.0,564.3804725493208,0.05349514115215454,0.032
raceline_xy,20260415_212047_eb9da4db,1747,55.935999999997385,358.1093168483469,-154.2843130871859,6.076003319714756,0.10734394689000792,6.076951461392354,0.2532063108913481,-2.838377429560815,0.07637866141360039,0.4290848278372792,2.145424139186396,-0.31201643935282464,-0.02847761361497314,0.0,0.0,0.40241843316444675,11.03547398195578,0.45981141591482416,11.03547398195578,0.45981141591482416,11.03547398195578,0.45981141591482416,0.49547135072406157,0.0,0.0,0.05247810974903685,0.0,0.0,0.5062890733441956,0.0,565.7836847468811,0.040960848613694985,0.032
raceline_xy,20260415_212047_eb9da4db,1748,55.96799999999738,357.92499077826074,-154.34616038717368,6.074821928783034,0.10844121481592905,6.0757897399016345,0.25315790582923475,-2.835713614795071,0.08320000578068326,0.4291621794354997,2.1458108971774985,-0.3108630376631414,-0.028313154806867136,0.0,0.0,0.4025744397472511,11.0511689745749,0.4604653739406208,11.0511689745749,0.4604653739406208,11.0511689745749,0.4604653739406208,0.49419183650324205,0.0,0.0,0.05309468281667373,0.0,0.0,0.5078302673919779,0.0,566.8292340885286,0.032788743416839065,0.032
raceline_xy,20260415_212047_eb9da4db,1749,55.99999999999738,357.7407467496884,-154.40823239020713,6.07478232950301,0.09951730895618693,6.075597422939072,0.25314989262246135,-2.8330151877848477,0.08428774962748437,0.4290477171314225,2.145238585657112,-0.3096747653185363,-0.028112998847234394,0.0,0.0,0.4027304636578568,11.06685604482294,0.4611190018676225,11.06685604482294,0.4611190018676225,11.06685604482294,0.4611190018676225,0.4929173585812139,0.0,0.0,0.053722000779525214,0.0,0.0,0.5090969120698161,0.0,567.0023193548345,0.03210368343921124,0.032
raceline_xy,20260415_212047_eb9da4db,1750,56.031999999997375,357.55653599935374,-154.47045586591784,6.075478475970255,0.08864135341149004,6.0761250811279774,0.2531718783803324,-2.8304306926394753,0.08074512317456631,0.42865332060403144,2.143266603020157,-0.3086013997519901,-0.028026590377522087,0.0,0.0,0.40288661696495354,11.082547337462907,0.46177280572762114,11.082547337462907,0.46177280572762114,11.082547337462907,0.46177280572762114,0.49164690807824396,0.0,0.0,0.05430772560622325,0.0,0.0,0.5103744391431151,0.0,566.52742698482,0.03706997062583193,0.032
raceline_xy,20260415_212047_eb9da4db,1751,56.06399999999737,357.37239124644213,-154.53294514750226,6.076276275375513,0.08242775448331852,6.076835336702853,0.25320147236261886,-2.8280027512597723,0.0758689266987783,0.4281063190369117,2.1405315951845583,-0.3076838264958517,-0.02809545064802954,0.0,0.0,0.4030427585021871,11.098228632671425,0.46242619302797605,11.098228632671425,0.46242619302797605,11.098228632671425,0.46242619302797605,0.4903816134022416,0.0,0.0,0.054838074641389664,0.0,0.0,0.5117963861864019,0.0,565.8881969674318,0.04332258051728294,0.032
raceline_xy,20260415_212047_eb9da4db,1752,56.09599999999737,357.18838235647223,-154.59588377775583,6.076778730036505,0.08295633105945566,6.077344937280335,0.253222705720014,-2.8256760740609,0.0727102040259678,0.42760185393092337,2.1380092696546167,-0.30686381265014795,-0.028264321871926068,0.0,0.0,0.40319888793256603,11.113899622269578,0.4630791509278991,11.113899622269578,0.4630791509278991,11.113899622269578,0.4630791509278991,0.48912147064550826,0.0,0.0,0.05533404635802263,0.0,0.0,0.5133568478828947,0.0,565.4295564476979,0.04707584089446474,0.032
raceline_xy,20260415_212047_eb9da4db,1753,56.127999999997364,357.00456845516237,-154.6594031107696,6.076845411004791,0.08800226683335621,6.077482583127474,0.2532284409636448,-2.8233563900009706,0.07248699768137688,0.42728272115036,2.1364136057518,-0.30604490699311926,-0.02843896485741393,0.0,0.0,0.40335500491723547,11.129559995393727,0.4637316664747386,11.129559995393727,0.4637316664747386,11.129559995393727,0.4637316664747386,0.48786647598269406,0.0,0.0,0.05583073363896933,0.0,0.0,0.5150065160884246,0.0,565.3056751852729,0.0470163302344255,0.032
raceline_xy,20260415_212047_eb9da4db,1754,56.15999999999736,356.8209706962922,-154.7235257614846,6.076569453005897,0.09354145718238405,6.077289389309694,0.25322039122123724,-2.820973217578457,0.0744615591898326,0.42717706511000847,2.135885325550042,-0.30515616899486453,-0.028548930005004802,0.0,0.0,0.40351110911550947,11.145203481134397,0.46438347838059985,11.145203481134397,0.46438347838059985,11.145203481134397,0.46438347838059985,0.48661710064803554,0.0,0.0,0.056354381612674254,0.0,0.0,0.5166724574526611,0.0,565.4795496212748,0.044285018828200344,0.032
raceline_xy,20260415_212047_eb9da4db,1755,56.19199999999736,356.63757131791226,-154.7881847091184,6.0762235787703585,0.0964422038073458,6.0769888989432985,0.2532078707893041,-2.8185113993204656,0.07691158948962397,0.42721581134629877,2.136079056731494,-0.30418346627038506,-0.028580324522851974,0.0,0.0,0.4036672001849023,11.160840453529579,0.4650350188970658,11.160840453529579,0.4650350188970658,11.160840453529579,0.4650350188970658,0.48537248670367017,0.0,0.0,0.056910179333300163,0.0,0.0,0.5182817610170347,0.0,565.7499909510309,0.0411442060880553,0.032
raceline_xy,20260415_212047_eb9da4db,1756,56.22399999999735,356.4543344024125,-154.85328647281654,6.076062453611012,0.09593646353969665,6.076819788772577,0.25320082453219067,-2.816003197758697,0.07835902928964333,0.4272987437110588,2.1364937185552937,-0.30316058258105016,-0.028564713460168978,0.0,0.0,0.40382327778116095,11.176472367950991,0.4656863486646246,11.176472367950991,0.4656863486646246,11.176472367950991,0.4656863486646246,0.4841324939064826,0.0,0.0,0.05748521889921598,0.0,0.0,0.5198034255237051,0.0,565.9021901046807,0.039411211835268946,0.032
raceline_xy,20260415_212047_eb9da4db,1757,56.25599999999735,356.27123149459925,-154.91876935896278,6.0761573705866905,0.09333214556002378,6.076874137377686,0.2532030890574036,-2.8134969267731345,0.07830208919772931,0.4273577734756424,2.136788867378212,-0.3021368822625248,-0.02854980504158,0.0,0.0,0.40397934155829623,11.192091094017606,0.46633712891740026,11.192091094017606,0.46633712891740026,11.192091094017606,0.46633712891740026,0.4828977402690522,0.0,0.0,0.05806099786096993,0.0,0.0,0.5212703466640723,0.0,565.853276360082,0.0396023848581212,0.032
raceline_xy,20260415_212047_eb9da4db,1758,56.287999999997346,356.08825587760026,-154.98462712551856,6.076409408632701,0.09069036296788835,6.0770861474275035,0.2532119228094793,-2.81102605911551,0.07720143933758167,0.4273841216324567,2.1369206081622836,-0.3011459915667509,-0.028569022026061486,0.0,0.0,0.4041353911686158,11.207695462600194,0.4669873109416747,11.207695462600194,0.4669873109416747,11.207695462600194,0.4669873109416747,0.4816682877532963,0.0,0.0,0.05862522685087371,0.0,0.0,0.5227404342435873,0.0,565.6624673152464,0.04103459346818379,0.032
raceline_xy,20260415_212047_eb9da4db,1759,56.31999999999734,355.9054203853937,-155.05089561127664,6.076668996580091,0.08948207668549601,6.077327795671848,0.253221991486327,-2.80859546184831,0.07594743865409,0.42741518282082763,2.137075914104138,-0.3001922241537964,-0.02862717888942612,0.0,0.0,0.4042914262627547,11.223284263504729,0.46763684431269703,11.223284263504729,0.46763684431269703,11.223284263504729,0.46763684431269703,0.48044420052359005,0.0,0.0,0.059176464195123936,0.0,0.0,0.5242456755217648,0.0,565.4449838953365,0.04254878178223745,0.032
raceline_xy,20260415_212047_eb9da4db,1760,56.35199999999734,355.72274514191474,-155.11762038481783,6.076831522499957,0.08996046767642185,6.0774973663995695,0.2532290569333154,-2.8061872147855382,0.07525031573860534,0.4275000604029771,2.1375003020148853,-0.2992569189707348,-0.028706300272627328,0.0,0.0,0.4044474464897078,11.238856245119848,0.4682856768799937,11.238856245119848,0.4682856768799937,11.238856245119848,0.4682856768799937,0.4792255449354643,0.0,0.0,0.05972170629565665,0.0,0.0,0.5257877823956193,0.0,565.2923702403871,0.04327961778810402,0.032
raceline_xy,20260415_212047_eb9da4db,1761,56.383999999997336,355.54024505133486,-155.18482852677832,6.076872809048128,0.0913799954272756,6.0775598261895185,0.25323165942456327,-2.803777105786362,0.07530708772846217,0.42766880879961106,2.138344043998055,-0.2983154038987821,-0.028782116283127657,0.0,0.0,0.4046034514968618,11.254410114070984,0.4689337547529577,11.254410114070984,0.4689337547529577,11.254410114070984,0.4689337547529577,0.478012389524165,0.0,0.0,0.06027017945934076,0.0,0.0,0.5273492438631359,0.0,565.236156429433,0.043039602475857766,0.032
raceline_xy,20260415_212047_eb9da4db,1762,56.41599999999733,355.3579236932891,-155.2525187716824,6.076839192445388,0.09269473985016008,6.077546123694678,0.25323108848727827,-2.8013497076820464,0.07584499922963941,0.42792102649253194,2.1396051324626595,-0.2973522512584843,-0.0288391394297971,0.0,0.0,0.40475944093002625,11.269944534884086,0.4695810222868369,11.269944534884086,0.4695810222868369,11.269944534884086,0.4695810222868369,0.47680480499287814,0.0,0.0,0.060827637848924684,0.0,0.0,0.5289062312414833,0.0,565.2484886747891,0.04222557600596314,0.032
raceline_xy,20260415_212047_eb9da4db,1763,56.44799999999733,355.17577502837884,-155.32067000936073,6.076805549085991,0.09321568569534922,6.077520452080926,0.25323001883670526,-2.798904265147123,0.07640734280331901,0.42823432285712676,2.141171614285634,-0.29636751562614494,-0.028876551502589276,0.0,0.0,0.40491541443346607,11.285451861566667,0.4702271608986111,11.285451861566667,0.4702271608986111,11.285451861566667,0.4702271608986111,0.4756033490214864,0.0,0.0,0.061393893854008424,0.0,0.0,0.5304392715066925,0.0,565.2715931271659,0.0414266768405954,0.032
raceline_xy,20260415_212047_eb9da4db,1764,56.479999999997325,354.9937899154186,-155.38925812949358,6.076825444537196,0.09288315708727013,6.077535254052023,0.25323063558550096,-2.7964508515737556,0.07665654675408229,0.428604780627664,2.14302390313832,-0.29537204752758184,-0.02890559831405204,0.0,0.0,0.40507152666866825,11.300941494012216,0.470872562250509,11.300941494012216,0.470872562250509,11.300941494012216,0.470872562250509,0.47440725761918934,0.0,0.0,0.06196422383991511,0.0,0.0,0.5319531022793255,0.0,565.2582713531788,0.04104095483378354,0.032
raceline_xy,20260415_212047_eb9da4db,1765,56.51199999999732,354.8119624937429,-155.45826944796715,6.076906413560397,0.0921129471211346,6.077604491425781,0.2532335204760742,-2.794001779575342,0.07652231713813851,0.4282174518518,2.141087259259,-0.2940656707182283,-0.027697417457315687,0.0,0.0,0.4051496116133083,11.308681189662185,0.4711950495692577,11.308681189662185,0.4711950495692577,11.308681189662185,0.4711950495692577,0.47381109710131186,0.0,0.0,0.06259119317406595,0.0,0.0,0.5302736113367198,0.0,565.1959577167968,0.0005464197560213074,0.032
raceline_xy,20260415_212047_eb9da4db,1766,56.54399999999732,354.6302456076635,-155.5275986232598,6.077273242705755,0.0878942059269523,6.077908806320052,0.2532462002633355,-2.791577232495408,0.07576192642528298,0.4274686793673454,2.137343396836727,-0.2930944503105417,-0.027753426082714583,0.0,0.0,0.4053057691835405,11.324142743608368,0.471839280983682,11.324142743608368,0.471839280983682,11.324142743608368,0.471839280983682,0.47262311128256806,0.0,0.0,0.06318635388454268,0.0,0.0,0.5341137969952657,0.0,564.9220743119524,0.04068628421518156,0.032
raceline_xy,20260415_212047_eb9da4db,1767,56.575999999997315,354.44838397082304,-155.59662831325312,6.07845876435803,0.06514614831336085,6.078807857684022,0.2532836607368342,-2.789536321834669,0.0638253157349978,0.42597052409254116,2.1298526204627057,-0.29251532240484934,-0.028191447885467014,0.0,0.0,0.4054619103387012,11.339579994229362,0.47248249975955675,11.339579994229362,0.47248249975955675,11.339579994229362,0.47248249975955675,0.4714409154776913,0.0,0.0,0.0636412874984455,0.0,0.0,0.535359628785809,0.0,564.11292808438,0.05762364915295105,0.032
raceline_xy,20260415_212047_eb9da4db,1768,56.60799999999731,354.2667249219997,-155.66624289780577,6.0789714227348055,0.07269258248962918,6.079406037597376,0.25330858489989067,-2.7875962460691106,0.060668554050042914,0.4246665676608384,2.123332838304192,-0.2920312523683122,-0.028728696044864943,0.0,0.0,0.405618035089195,11.354992312981857,0.4731246797075774,11.354992312981857,0.4731246797075774,11.354992312981857,0.4731246797075774,0.4702645213937964,0.0,0.0,0.06405691558357862,0.0,0.0,0.5369124596502947,0.0,563.5745661623608,0.06130545295615564,0.032
raceline_xy,20260415_212047_eb9da4db,1769,56.63999999999731,354.0854610940796,-155.73681752494855,6.077996539251117,0.09217429063444937,6.078695421799197,0.2532789759082999,-2.785467099186076,0.06653947676664534,0.4239725191797231,2.1198625958986153,-0.29134589746042483,-0.029075279330017967,0.0,0.0,0.40577414344317336,11.37037906638095,0.4737657944325396,11.37037906638095,0.4737657944325396,11.37037906638095,0.4737657944325396,0.4690939407819066,0.0,0.0,0.06455271506829907,0.0,0.0,0.5389071086877414,0.0,564.2141203807222,0.05299139954225871,0.032
raceline_xy,20260415_212047_eb9da4db,1770,56.671999999997304,353.90459113295316,-155.80826007059508,6.0761954321061875,0.10708883612073028,6.077139043001221,0.25321412679171756,-2.783031746613256,0.0760695001167049,0.4238027917613255,2.1190139588066272,-0.2903433059085785,-0.02911531584811211,0.0,0.0,0.40593023540655393,11.38573692216692,0.47440570509028834,11.38573692216692,0.47440570509028834,11.38573692216692,0.47440570509028834,0.46792938937003425,0.0,0.0,0.06517361340849061,0.0,0.0,0.5408368883448873,0.0,565.6148612989006,0.04039157334009868,0.032
raceline_xy,20260415_212047_eb9da4db,1771,56.7039999999973,353.7239564066182,-155.88019521656162,6.075021411974468,0.1079859154359395,6.0759810824163045,0.25316587843401267,-2.7803819167084507,0.08275498707205173,0.42375358580857636,2.118767929042882,-0.2891213665331107,-0.028939840240636894,0.0,0.0,0.4060863109830388,11.401064030896373,0.47504433462068224,11.401064030896373,0.47504433462068224,11.401064030896373,0.47504433462068224,0.46677096800792084,0.0,0.0,0.0658779197754948,0.0,0.0,0.5423347960602674,0.0,566.6570258253255,0.03213670612008838,0.032
raceline_xy,20260415_212047_eb9da4db,1772,56.7359999999973,353.54341259261764,-155.95234180799778,6.074985757984109,0.09889161326458584,6.075790607886667,0.2531579419952778,-2.777702077463717,0.08370094740140761,0.423512684635665,2.117563423178325,-0.28786939743594386,-0.028732981418619463,0.0,0.0,0.40624237017413384,11.416366000605521,0.4756819166918967,11.416366000605521,0.4756819166918967,11.416366000605521,0.4756819166918967,0.46561821517593094,0.0,0.0,0.06659146439667867,0.0,0.0,0.5435583527037869,0.0,566.8284529019995,0.0314079939317895,0.032
raceline_xy,20260415_212047_eb9da4db,1773,56.76799999999729,353.3629068411734,-156.02462872299338,6.075679826957827,0.08785315289788675,6.076314963542985,0.2531797901476244,-2.7751410343298177,0.08001090536580646,0.42299450611875394,2.1149725305937697,-0.2867375913041674,-0.028643655502333942,0.0,0.0,0.4063984129791671,11.431643651327782,0.4763184854719909,11.431643651327782,0.4763184854719909,11.431643651327782,0.4763184854719909,0.4644710341141498,0.0,0.0,0.0672583504657042,0.0,0.0,0.5447879447988022,0.0,566.3565328113132,0.036353400749268655,0.032
raceline_xy,20260415_212047_eb9da4db,1774,56.79999999999729,353.18247823794866,-156.0971682553719,6.076470681801297,0.08150444706526994,6.077017271793962,0.2532090529914151,-2.77274113239695,0.0749952305246881,0.4223166966604294,2.111583483302147,-0.28576654960456693,-0.028714313152703674,0.0,0.0,0.4065544393953083,11.446897756918736,0.4769540732049473,11.446897756918736,0.4769540732049473,11.446897756918736,0.4769540732049473,0.46332933259897136,0.0,0.0,0.06786437012480359,0.0,0.0,0.5461656046960951,0.0,565.7244553854337,0.042575827733234775,0.032
raceline_xy,20260415_212047_eb9da4db,1775,56.83199999999729,353.00220670556047,-156.17013999560757,6.076966045179129,0.0819274217057746,6.077518277774854,0.2532299282406189,-2.770446393841162,0.0717159212464406,0.421674604975908,2.1083730248795396,-0.2848973399306609,-0.028889077017143716,0.0,0.0,0.40671044941758744,11.462129044168732,0.47758871017369714,11.462129044168732,0.47758871017369714,11.462129044168732,0.47758871017369714,0.46219302293872433,0.0,0.0,0.06843183186236981,0.0,0.0,0.5476796787695889,0.0,565.2735500026308,0.04627363176402216,0.032
raceline_xy,20260415_212047_eb9da4db,1776,56.86399999999728,352.822158300818,-156.2436716923319,6.077028876621702,0.08688074924951739,6.07764989382279,0.25323541224261625,-2.768161888071358,0.07139028453224441,0.4212108270670378,2.1060541353351887,-0.28403285185757854,-0.029073111874764024,0.0,0.0,0.4068664430389135,11.477338191898662,0.47822242466244425,11.477338191898662,0.47822242466244425,11.477338191898662,0.47822242466244425,0.46106202197057256,0.0,0.0,0.068998159142637,0.0,0.0,0.5492808701601345,0.0,565.1550955594885,0.04613478477468822,0.032
raceline_xy,20260415_212047_eb9da4db,1777,56.89599999999728,352.64235465983114,-156.3177835568196,6.076754440961322,0.0923023728055834,6.07745541026577,0.25322730876107374,-2.7658169242546906,0.07326797890466272,0.42095210479299205,2.10476052396496,-0.2831019610860972,-0.029195817160029947,0.0,0.0,0.4070224202500938,11.492525830060108,0.4788552429191712,11.492525830060108,0.4788552429191712,11.492525830060108,0.4788552429191712,0.4599362510570715,0.0,0.0,0.0695914799755866,0.0,0.0,0.5508988845966601,0.0,565.3301307608064,0.04330775769248433,0.032
raceline_xy,20260415_212047_eb9da4db,1778,56.927999999997276,352.4627737068284,-156.39240847262246,6.076412875219396,0.09506321843473264,6.077156444064215,0.25321485183600895,-2.7633965008424717,0.07561681405372678,0.4208279927416482,2.104139963708241,-0.2820907198727194,-0.02924227648550337,0.0,0.0,0.4071783810398523,11.507692538810794,0.4794871891171164,11.507692538810794,0.4794871891171164,11.507692538810794,0.4794871891171164,0.45881563608452014,0.0,0.0,0.07021728927793006,0.0,0.0,0.5524560968024864,0.0,565.5992003422059,0.04007582058264006,0.032
raceline_xy,20260415_212047_eb9da4db,1779,56.95999999999727,352.28337378027663,-156.467453718368,6.076256651984252,0.09439266118844003,6.076989787326379,0.2532079078052658,-2.760933344333356,0.07694991158732775,0.42074429008658587,2.1037214504329294,-0.28103475427662383,-0.029246518999092252,0.0,0.0,0.4073344808489374,11.52283543818287,0.4801181432576196,11.52283543818287,0.4801181432576196,11.52283543818287,0.4801181432576196,0.4577003581634629,0.0,0.0,0.07086093052082816,0.0,0.0,0.5539229557191402,0.0,565.7491914062581,0.03828803728319841,0.032
raceline_xy,20260415_212047_eb9da4db,1780,56.99199999999727,352.1041226422192,-156.54285825099734,6.076354744269519,0.09161424895306247,6.077045346944346,0.25321022278934774,-2.7584762411321035,0.07676505919207333,0.42063194768519996,2.1031597384259997,-0.27998333647457585,-0.02925656806463195,0.0,0.0,0.4074906220523111,11.537951960367216,0.480747998348634,11.537951960367216,0.480747998348634,11.537951960367216,0.480747998348634,0.4565905730645423,0.0,0.0,0.07150293057442118,0.0,0.0,0.5553363055308578,0.0,565.6991877500881,0.038445272688255726,0.032
raceline_xy,20260415_212047_eb9da4db,1781,57.023999999997265,351.92501321256316,-156.61861605191353,6.07660663309703,0.0888187348746663,6.077255708053065,0.25321898783554436,-2.75605869414054,0.07553595120700203,0.42047994336621924,2.102399716831096,-0.27896936200822964,-0.029305454455524238,0.0,0.0,0.40764674801286566,11.553046252152928,0.48137692717303865,11.553046252152928,0.48137692717303865,11.553046252152928,0.48137692717303865,0.4554859438214325,0.0,0.0,0.07213069096954565,0.0,0.0,0.5567544922024465,0.0,565.509862752241,0.03984570696291166,0.032
raceline_xy,20260415_212047_eb9da4db,1782,57.05599999999726,351.7460603147448,-156.69476231734288,6.076863937825095,0.08748373752144945,6.077493621812354,0.2532289009088481,-2.7536852300438497,0.07416373783725155,0.4203258029420364,2.101629014710182,-0.27799680216999967,-0.02939768599070902,0.0,0.0,0.4078028594461971,11.568117308980955,0.4820048878742065,11.568117308980955,0.4820048878742065,11.568117308980955,0.4820048878742065,0.4543865127791,0.0,0.0,0.07274275412064433,0.0,0.0,0.5582071022386723,0.0,565.295740368881,0.04131595781886187,0.032
raceline_xy,20260415_212047_eb9da4db,1783,57.08799999999726,351.5672864099477,-156.77134134674822,6.077024426074913,0.08785153112686084,6.07765939870214,0.25323580827925585,-2.7513374836403734,0.07336157668099749,0.42021857495469267,2.1010928747734634,-0.27704655334499106,-0.02951487865258695,0.0,0.0,0.4079589570668819,11.5831641162832,0.48263183817846667,11.5831641162832,0.48263183817846667,11.5831641162832,0.48263183817846667,0.4532923223268903,0.0,0.0,0.07334665141034945,0.0,0.0,0.5596952890444181,0.0,565.1465411680733,0.04198740803137559,0.032
raceline_xy,20260415_212047_eb9da4db,1784,57.119999999997255,351.3887074934853,-156.8483788514488,6.07706561240238,0.08915991868822903,6.077719633920604,0.25323831808002517,-2.7489909479601318,0.07332195138839169,0.4201878617810039,2.1009393089050197,-0.2760936599933461,-0.029632737422746303,0.0,0.0,0.4081150415884669,11.598188837262107,0.4832578682192545,11.598188837262107,0.4832578682192545,11.598188837262107,0.4832578682192545,0.4522031841812475,0.0,0.0,0.07395231112591187,0.0,0.0,0.5612028529309474,0.0,565.092329471456,0.04167911507222533,0.032
raceline_xy,20260415_212047_eb9da4db,1785,57.15199999999725,351.2103265504425,-156.92587254271876,6.077034068539447,0.09035174069965057,6.077705694358404,0.2532377372649335,-2.7466301544013465,0.07376460685118395,0.42023254364921,2.1011627182460497,-0.27512267140007163,-0.029735788069070512,0.0,0.0,0.40827111372346236,11.613170811801403,0.4838821171583918,11.613170811801403,0.4838821171583918,11.613170811801403,0.4838821171583918,0.45112055894159564,0.0,0.0,0.07456562163569351,0.0,0.0,0.5626972697835746,0.0,565.1048750774364,0.04079454210738518,0.032
raceline_xy,20260415_212047_eb9da4db,1786,57.18399999999725,351.0321358766375,-157.0038007777688,6.077003663820677,0.0907369472705728,6.077681031749685,0.25323670965623685,-2.744254491111784,0.0742274290366724,0.42032953873744994,2.1016476936872497,-0.2741333315891623,-0.02982195842612434,0.0,0.0,0.4084271741833322,11.628085960776616,0.4845035816990257,11.628085960776616,0.4845035816990257,11.628085960776616,0.4845035816990257,0.4500461347029936,0.0,0.0,0.07518634337789493,0.0,0.0,0.5641587790936449,0.0,565.1270714252834,0.03993091985354271,0.032
raceline_xy,20260415_212047_eb9da4db,1787,57.215999999997244,350.8541245873296,-157.08213918094356,6.077026702458323,0.09026080683335724,6.077696977938411,0.25323737408076713,-2.7418742442727595,0.07437082343908719,0.41987464166139477,2.099373208306974,-0.2728290747787394,-0.028671579603364084,0.0,0.0,0.40850520025713954,11.635522271800927,0.4848134279917053,11.635522271800927,0.4848134279917053,11.635522271800927,0.4848134279917053,0.4495117067393495,0.0,0.0,0.07586179042621821,0.0,0.0,0.5625435681035091,0.0,565.11271985543,0.000959937063344421,0.032
raceline_xy,20260415_212047_eb9da4db,1788,57.24799999999724,350.67623426511796,-157.16077188281565,6.07734306216783,0.08586139835517548,6.077949561736011,0.25324789840566714,-2.7395142291934684,0.0737451687577533,0.41883508167762534,2.0941754083881268,-0.27185138111720075,-0.02876861451637991,0.0,0.0,0.408661244536008,11.65034327981143,0.4854309699921429,11.65034327981143,0.4854309699921429,11.65034327981143,0.4854309699921429,0.44844903701461236,0.0,0.0,0.07651859481796068,0.0,0.0,0.5662196106559989,0.0,564.8853944375899,0.038868266144148136,0.032
raceline_xy,20260415_212047_eb9da4db,1789,57.27999999999724,350.498189312295,-157.2391224525967,6.078478490800582,0.06377040406709256,6.078812994948948,0.2532838747895395,-2.737525798408276,0.06219243208089492,0.4170582950089944,2.0852914750449716,-0.27125386689405895,-0.0292328695170343,0.0,0.0,0.40881727891378095,11.665083267861668,0.48604513616090284,11.665083267861668,0.48604513616090284,11.665083267861668,0.48604513616090284,0.4473954365401691,0.0,0.0,0.07703213777661395,0.0,0.0,0.5673771804050156,0.0,564.1083045459462,0.0550782239496719,0.032
raceline_xy,20260415_212047_eb9da4db,1790,57.311999999997234,350.32036553311974,-157.31801695785373,6.078950330204905,0.07065974433791355,6.07936097929447,0.2533067074706029,-2.735641044881219,0.058946750059581283,0.41544523483346457,2.077226174167323,-0.27075497272270654,-0.029795500347874704,0.0,0.0,0.4089733040981965,11.679727495194857,0.4866553122997857,11.679727495194857,0.4866553122997857,11.679727495194857,0.4866553122997857,0.44635188697023365,0.0,0.0,0.07750203597741809,0.0,0.0,0.5688413610077845,0.0,563.6151186349767,0.05871131299472561,0.032
raceline_xy,20260415_212047_eb9da4db,1791,57.34399999999723,350.1429608945245,-157.39780105942793,6.07809032022832,0.08887308152738083,6.078740031081554,0.25328083462839807,-2.733584521964808,0.06427290905794418,0.4143889190179382,2.0719445950896906,-0.270073166413781,-0.03018012567890116,0.0,0.0,0.4091293207959097,11.694261111215479,0.4872608796339783,11.694261111215479,0.4872608796339783,11.694261111215479,0.4872608796339783,0.44531936585485354,0.0,0.0,0.07804688253136227,0.0,0.0,0.5706723882562389,0.0,564.173972026601,0.05096428200339482,0.032
raceline_xy,20260415_212047_eb9da4db,1792,57.37599999999723,349.96597273002317,-157.4783959533754,6.076455514441533,0.10304846752350239,6.077329232948125,0.25322205137283854,-2.7312400051625136,0.07322898821491482,0.4138172343077414,2.0690861715387068,-0.2690932294941959,-0.030269588940614156,0.0,0.0,0.4092853297124842,11.708669159882444,0.4878612149951018,11.708669159882444,0.4878612149951018,11.708669159882444,0.4878612149951018,0.44429884655722196,0.0,0.0,0.07871457475566032,0.0,0.0,0.5724460423916206,0.0,565.4436903466867,0.03890949315180731,0.032
raceline_xy,20260415_212047_eb9da4db,1793,57.40799999999722,349.7892344648196,-157.55945556512597,6.075372699432798,0.10399989616818894,6.076262783604438,0.25317761598351823,-2.728691830021443,0.07957420016828567,0.41334984928260254,2.0667492464130124,-0.2679053243680136,-0.03014729628147128,0.0,0.0,0.40944133155238394,11.722936584530707,0.4884556910221128,11.722936584530707,0.4884556910221128,11.722936584530707,0.4884556910221128,0.44329129817624713,0.0,0.0,0.07946498838786223,0.0,0.0,0.5738125419141853,0.0,566.4034947560053,0.030868449487199766,0.032
raceline_xy,20260415_212047_eb9da4db,1794,57.43999999999722,349.61259500993685,-157.64071628272802,6.075332000107795,0.09534148254618469,6.076080061176604,0.25317000254902516,-2.7261151478602095,0.08047411503419644,0.41268287733666764,2.063414386683338,-0.26668927422096544,-0.029988175742726053,0.0,0.0,0.40959740766837405,11.737058237554766,0.4890440932314486,11.737058237554766,0.4890440932314486,11.737058237554766,0.4890440932314486,0.4422969820869991,0.0,0.0,0.08022394769412672,0.0,0.0,0.5749069567901546,0.0,566.5679449410557,0.03001367367849255,0.032
raceline_xy,20260415_212047_eb9da4db,1795,57.471999999997216,349.43599905082704,-157.7221082180899,6.075970386463917,0.08468362660575623,6.076560495362617,0.25319002064010904,-2.72365324491333,0.07691223503757527,0.4117369509173729,2.0586847545868645,-0.26559236732222447,-0.029934776048668787,0.0,0.0,0.40975349909521985,11.750978567416116,0.4896241069756715,11.750978567416116,0.4896241069756715,11.750978567416116,0.4896241069756715,0.44131969064605103,0.0,0.0,0.08093225894182444,0.0,0.0,0.5759673565318391,0.0,566.135554173644,0.03463504783289909,0.032
raceline_xy,20260415_212047_eb9da4db,1796,57.50399999999721,349.25948797515645,-157.80373366637653,6.07670480825252,0.07842293332129291,6.077210830891917,0.2532171179538299,-2.721348257038602,0.07203104706457046,0.4106247032155475,2.0531235160777372,-0.2646525898344887,-0.030029063500957687,0.0,0.0,0.4099095849868216,11.764734602054272,0.4901972750855947,11.764734602054272,0.4901972750855947,11.764734602054272,0.4901972750855947,0.4403567017473802,0.0,0.0,0.08157600602132828,0.0,0.0,0.5771603843165908,0.0,565.5502521972743,0.040548368219315005,0.032
raceline_xy,20260415_212047_eb9da4db,1797,57.53599999999721,349.0831460585766,-157.8857594934381,6.077170906060823,0.07863032426499261,6.077679569487532,0.25323664872864715,-2.719147780170265,0.06877308923775036,0.40953407783814083,2.047670389190704,-0.26381464567060453,-0.030218632011466795,0.0,0.0,0.4100656657193027,11.778325844084232,0.490763576836843,11.778325844084232,0.490763576836843,11.778325844084232,0.490763576836843,0.43940794094999314,0.0,0.0,0.08217674549142107,0.0,0.0,0.5784647635083064,0.0,565.1283874612211,0.04409358134502413,0.032
raceline_xy,20260415_212047_eb9da4db,1798,57.567999999997205,348.9070424067209,-157.9683054658209,6.07724042332328,0.0832200971307211,6.077810193436528,0.25324209139318865,-2.7169611407438605,0.06833425560711495,0.4086044412916773,2.043022206458386,-0.26298576634926585,-0.030412806428128825,0.0,0.0,0.41022174165818037,11.791750524807576,0.491322938533649,11.791750524807576,0.491322938533649,11.791750524807576,0.491322938533649,0.4384734237856014,0.0,0.0,0.08277187249710526,0.0,0.0,0.5798344855477173,0.0,565.0108259071247,0.04397406169322498,0.032
raceline_xy,20260415_212047_eb9da4db,1799,57.5999999999972,348.73119879994033,-158.05139122761977,6.076998445539068,0.08831951955074313,6.07764020361669,0.25323500848402875,-2.7147200484836187,0.07002301287681852,0.40786492243669037,2.0393246121834516,-0.2620972351254274,-0.030543343874584128,0.0,0.0,0.41037781315840816,11.805007590960933,0.4918753162900389,11.805007590960933,0.4918753162900389,11.805007590960933,0.4918753162900389,0.43755311680449216,0.0,0.0,0.083390037605829,0.0,0.0,0.5812053263387035,0.0,565.1638167449784,0.04126901776089953,0.032
raceline_xy,20260415_212047_eb9da4db,1800,57.6319999999972,348.55559110175045,-158.13495441679848,6.076691244856202,0.09091099538405745,6.077371248689168,0.25322380202871536,-2.7124092788488285,0.07219010078379955,0.40725111494073907,2.036255574703695,-0.2611348350454574,-0.030594982223139056,0.0,0.0,0.41053388056442014,11.81809477701865,0.49242061570911044,11.81809477701865,0.49242061570911044,11.81809477701865,0.49242061570911044,0.4366470715482098,0.0,0.0,0.08403725327760507,0.0,0.0,0.5825054233625061,0.0,565.4058761797482,0.03814827915466855,0.032
raceline_xy,20260415_212047_eb9da4db,1801,57.663999999997195,348.38017519534475,-158.2189082873894,6.076550547895912,0.09022803708919724,6.0772203892742835,0.2532175162197618,-2.7100594570458263,0.07340785142348015,0.40666789857785596,2.03333949288928,-0.26013068560494457,-0.03059807876559928,0.0,0.0,0.4106899442101742,11.830962185786696,0.4929567577411123,11.830962185786696,0.4929567577411123,11.830962185786696,0.4929567577411123,0.4357586242621885,0.0,0.0,0.08469924130929975,0.0,0.0,0.5836886466618944,0.0,565.5416496531444,0.036370491038623776,0.032
raceline_xy,20260415_212047_eb9da4db,1802,57.69599999999719,348.20491724094876,-158.30319517690916,6.0766415229245485,0.08751132386197602,6.077271627131277,0.2532196511304699,-2.7077169925859845,0.07318262148897386,0.40605058397185706,2.030252919859285,-0.25913223946470776,-0.030598854593471447,0.0,0.0,0.4108460044191961,11.84364309191556,0.493485128829815,11.84364309191556,0.493485128829815,11.84364309191556,0.493485128829815,0.4348853570946365,0.0,0.0,0.08535669987741312,0.0,0.0,0.5848175463486035,0.0,565.4955355818502,0.03644640008892436,0.032
raceline_xy,20260415_212047_eb9da4db,1803,57.72799999999719,348.02980964658906,-158.3878082645638,6.076874727155242,0.08474246768842564,6.077465568423076,0.25322773201762816,-2.7054142331061772,0.07194955441477799,0.4053915405217862,2.026957702608931,-0.2581720199531108,-0.030629468047904673,0.0,0.0,0.4110020615046234,11.856140404917607,0.4940058502049003,11.856140404917607,0.4940058502049003,11.856140404917607,0.4940058502049003,0.4340269616201118,0.0,0.0,0.08599620777047143,0.0,0.0,0.5859336124724112,0.0,565.3209884192313,0.037727093651623925,0.032
raceline_xy,20260415_212047_eb9da4db,1804,57.759999999997184,347.85486764336184,-158.472779391463,6.077115208487765,0.08334660437184072,6.077686723885462,0.2532369468285609,-2.703156014412979,0.07056360028053546,0.4047278944288045,2.0236394721440223,-0.2572543518434234,-0.030694564784841116,0.0,0.0,0.41115811576925004,11.868450416703467,0.4945187673626445,11.868450416703467,0.4945187673626445,11.868450416703467,0.4945187673626445,0.4331835864607121,0.0,0.0,0.08661579404990835,0.0,0.0,0.5870633731900683,0.0,565.121948503084,0.03909726315101428,0.032
raceline_xy,20260415_212047_eb9da4db,1805,57.79199999999718,347.6801143559309,-158.5581494052431,6.077269001413581,0.08357886340100862,6.0778436917997345,0.2532434871583223,-2.7009251195849924,0.06971145028252106,0.4041084295635854,2.0205421478179266,-0.2563613226080861,-0.030776736898617596,0.0,0.0,0.4113141675055709,11.880569412191882,0.49502372550799506,11.880569412191882,0.49502372550799506,11.880569412191882,0.49502372550799506,0.4323553803250797,0.0,0.0,0.08722263397885469,0.0,0.0,0.5882079799357419,0.0,564.9806773802386,0.03971879513533834,0.032
raceline_xy,20260415_212047_eb9da4db,1806,57.82399999999718,347.5055660641103,-158.64394222414523,6.077314412416682,0.08472790697351895,6.077905007943743,0.25324604199765594,-2.6986981361267564,0.06958729661430765,0.4035638498098378,2.0178192490491886,-0.2554690943964575,-0.030852380097084797,0.0,0.0,0.4114702169958266,11.892493670942972,0.49552056962262386,11.892493670942972,0.49552056962262386,11.892493670942972,0.49552056962262386,0.43154249198107797,0.0,0.0,0.08782648091374225,0.0,0.0,0.5893514472016369,0.0,564.925492850631,0.03940029435723808,0.032
raceline_xy,20260415_212047_eb9da4db,1807,57.855999999997174,347.33122542945824,-158.73015575113854,6.077292750918598,0.08578617703027946,6.077898193334371,0.2532457580555988,-2.6964600328826975,0.06993161654642598,0.403095606569095,2.0154780328454747,-0.2545626555439995,-0.03090627063694562,0.0,0.0,0.4116262645120485,11.90421946882751,0.4960091445344796,11.90421946882751,0.4960091445344796,11.90421946882751,0.4960091445344796,0.43074507022846653,0.0,0.0,0.0884335068232623,0.0,0.0,0.5904722476781673,0.0,564.9316259990658,0.03844235086370442,0.032
raceline_xy,20260415_212047_eb9da4db,1808,57.88799999999717,347.15708392006314,-158.81676951410572,6.077270934114285,0.08607960266888082,6.077880527340592,0.2532450219725247,-2.6942098915802717,0.07030575784053272,0.4026847439758567,2.0134237198792833,-0.25364143652092563,-0.030937347122382608,0.0,0.0,0.41178231695390655,11.915743821046448,0.49648932587693534,11.915743821046448,0.49648932587693534,11.915743821046448,0.49648932587693534,0.4299632136372611,0.0,0.0,0.08904380683252147,0.0,0.0,0.5915553467683538,0.0,564.9475253934668,0.03757694657381722,0.032
raceline_xy,20260415_212047_eb9da4db,1809,57.91999999999717,346.98312892164137,-158.90375882470036,6.077301029664785,0.08549806367891355,6.077902411527968,0.25324593381366534,-2.6919582254049974,0.07035372018170444,0.40178856812752284,2.008942840637614,-0.25240833259748996,-0.02982222996199102,0.0,0.0,0.4118603484716023,11.921429908936506,0.4967262462056878,11.921429908936506,0.4967262462056878,11.921429908936506,0.4967262462056878,0.4295781270241932,0.0,0.0,0.08972825107473553,0.0,0.0,0.5902792859005336,0.0,564.9278296248283,0.001449394738299227,0.032
raceline_xy,20260415_212047_eb9da4db,1810,57.95199999999716,346.8093030245184,-158.99102106712348,6.077571544922833,0.08135926591498244,6.078116090846401,0.25325483711860003,-2.6897247853009034,0.0697907469160688,0.40018745439447023,2.000937271972351,-0.2515019980573987,-0.029853670639576002,0.0,0.0,0.4120164106836641,11.932628291788983,0.4971928454912076,11.932628291788983,0.4971928454912076,11.932628291788983,0.4971928454912076,0.42882103334213095,0.0,0.0,0.09037818531336526,0.0,0.0,0.5930294277477044,0.0,564.7355182382386,0.03645898193586551,0.032
raceline_xy,20260415_212047_eb9da4db,1811,57.98399999999716,346.6353199394196,-159.0780266423607,6.078613014399464,0.06056868131799886,6.078914766961545,0.2532881152900644,-2.6878444197738833,0.05882079596629875,0.39790185959642105,1.9895092979821052,-0.2509592496602666,-0.03022722575863579,0.0,0.0,0.41217247215502145,11.943586202201892,0.49764942509174553,11.943586202201892,0.49764942509174553,11.943586202201892,0.49764942509174553,0.4280818745224644,0.0,0.0,0.09088137939157157,0.0,0.0,0.5937772328068459,0.0,564.016709734609,0.051704779640054106,0.032
raceline_xy,20260415_212047_eb9da4db,1812,58.015999999997156,346.4615705343782,-159.16553205644377,6.079025101653017,0.06699161641060769,6.079394218439596,0.25330809243498315,-2.686064936512583,0.0556621132792047,0.395779487904985,1.978897439524925,-0.2505131793866009,-0.030690698871677302,0.0,0.0,0.4123285333038084,11.954335339173788,0.4980973057989078,11.954335339173788,0.4980973057989078,11.954335339173788,0.4980973057989078,0.42735840527712865,0.0,0.0,0.09133667818793151,0.0,0.0,0.5948284476695115,0.0,563.5852034043633,0.05512560391864241,0.032
raceline_xy,20260415_212047_eb9da4db,1813,58.04799999999715,346.2882534884805,-159.25385228870823,6.078268045345992,0.08402015419396314,6.078848724666947,0.25328536352778946,-2.6841265097801124,0.06058441061011805,0.39419089520778544,1.970954476038927,-0.24989826871983745,-0.030984260589062895,0.0,0.0,0.4124845945363833,11.96487407615923,0.49853641983996794,11.96487407615923,0.49853641983996794,11.96487407615923,0.49853641983996794,0.42665063736297837,0.0,0.0,0.09186037402852891,0.0,0.0,0.5961803319096395,0.0,564.0761477997476,0.04782704295320469,0.032
raceline_xy,20260415_212047_eb9da4db,1814,58.07999999999715,346.1153584281445,-159.34290943921297,6.076837220417126,0.0970973391205745,6.077612894608477,0.2532338706086866,-2.681920061719877,0.06891352713560729,0.39306569243092576,1.9653284621546288,-0.24900649026702215,-0.030998661694287666,0.0,0.0,0.41264065624738466,11.97519830365962,0.49896659598581755,11.97519830365962,0.49896659598581755,11.97519830365962,0.49896659598581755,0.4259587501977289,0.0,0.0,0.09250037719027637,0.0,0.0,0.597473473483207,0.0,565.18839485237,0.036538726443031015,0.032
raceline_xy,20260415_212047_eb9da4db,1815,58.111999999997145,345.9427159846642,-159.4323901584733,6.075886824358212,0.09790644283018013,6.076675602165824,0.2531948167569093,-2.6795243510150595,0.07480783479148638,0.3920538636654742,1.9602693183273707,-0.2479220254205443,-0.030812645846212128,0.0,0.0,0.41279671881978797,11.98530625437601,0.4993877605990004,11.98530625437601,0.4993877605990004,11.98530625437601,0.4993877605990004,0.4252827668160202,0.0,0.0,0.09321838371951113,0.0,0.0,0.5984060730560091,0.0,566.0319580507582,0.028988506917521882,0.032
raceline_xy,20260415_212047_eb9da4db,1816,58.14399999999714,345.7701746910343,-159.5220547535447,6.075854095295722,0.08974896972977664,6.076516918835112,0.253188204951463,-2.6771032209869414,0.07561199875686857,0.390877958688177,1.954389793440885,-0.2468130854102033,-0.030590352083220917,0.0,0.0,0.4129527826249622,11.9951822777732,0.4997992615738833,11.9951822777732,0.4997992615738833,11.9951822777732,0.4997992615738833,0.4246236373520764,0.0,0.0,0.09394149501151451,0.0,0.0,0.59908371638734,0.0,566.174773048399,0.02812928116150521,0.032
raceline_xy,20260415_212047_eb9da4db,1817,58.17599999999714,345.59768053640005,-159.611839563168,6.0764205351031375,0.0797166779645373,6.076943414922407,0.25320597562176694,-2.6747908239083147,0.0722405585863067,0.3894596507434152,1.947298253717076,-0.2458151322052804,-0.030466009027636076,0.0,0.0,0.4131088480227272,12.004807019961223,0.5002002924983843,12.004807019961223,0.5002002924983843,12.004807019961223,0.5002002924983843,0.4239825525954317,0.0,0.0,0.09461318244715818,0.0,0.0,0.5997329488053207,0.0,565.7909265698336,0.03239709441898731,0.032
raceline_xy,20260415_212047_eb9da4db,1818,58.207999999997135,345.4252764816548,-159.70183723225406,6.077073567052785,0.07377432656043537,6.077521352544234,0.25323005635600976,-2.6726269788363304,0.0676219565370538,0.38790305258025937,1.9395152629012968,-0.24496647815623085,-0.030479511647759416,0.0,0.0,0.41326491536141047,12.01421273358677,0.5005921972327821,12.01421273358677,0.5005921972327821,12.01421273358677,0.5005921972327821,0.42335726872071655,0.0,0.0,0.09521808197846354,0.0,0.0,0.6004911267243737,0.0,565.2707827101892,0.03789157436083267,0.032
raceline_xy,20260415_212047_eb9da4db,1819,58.23999999999713,345.25304804221383,-159.79219940148724,6.077491657301745,0.07387208980512217,6.077940599432054,0.25324752497633557,-2.670563031134227,0.06450860339301594,0.3863843751349378,1.9319218756746888,-0.24421584188121903,-0.030582280776871862,0.0,0.0,0.4134209849779054,12.023395818081557,0.5009748257533982,12.023395818081557,0.5009748257533982,12.023395818081557,0.5009748257533982,0.4227479377110406,0.0,0.0,0.09577657387999472,0.0,0.0,0.6013387658984777,0.0,564.8934605111509,0.0411873338982453,0.032
raceline_xy,20260415_212047_eb9da4db,1820,58.27199999999713,345.08106441197435,-159.88303503257697,6.0775615298726935,0.07807706344393717,6.078063028401774,0.2532526261834072,-2.668514284255078,0.06402681241703757,0.3850349321573128,1.925174660786564,-0.24347656901371462,-0.030689694895190467,0.0,0.0,0.4135770571977286,12.032352722732178,0.5013480301138408,12.032352722732178,0.5013480301138408,12.032352722732178,0.5013480301138408,0.4221547088940296,0.0,0.0,0.09632493541335223,0.0,0.0,0.6022354533889915,0.0,564.7832744384034,0.04106124408417011,0.032
raceline_xy,20260415_212047_eb9da4db,1821,58.303999999997124,344.90934628025053,-159.97436191262275,6.077357535367247,0.08277542799421012,6.077921222273671,0.2532467175947363,-2.666416732869263,0.0655383748581758,0.38388319448099967,1.9194159724049982,-0.24268425759060452,-0.030737823255280627,0.0,0.0,0.41373313233507847,12.041079948953467,0.5017116645397278,12.041079948953467,0.5017116645397278,12.041079948953467,0.5017116645397278,0.42157772891288126,0.0,0.0,0.09689124197649715,0.0,0.0,0.6031242865504847,0.0,564.9108999536953,0.03850190727913493,0.032
raceline_xy,20260415_212047_eb9da4db,1822,58.33599999999712,344.73786812369605,-160.06612302109212,6.077095337863253,0.08514112496286108,6.077691729319547,0.2532371553883144,-2.6642558885788317,0.06750543082046065,0.38287005664696594,1.9143502832348296,-0.24182536641391783,-0.03071225159458324,0.0,0.0,0.41388921069289303,12.049574052593691,0.5020655855247371,12.049574052593691,0.5020655855247371,12.049574052593691,0.5020655855247371,0.4210171416952586,0.0,0.0,0.0974816340843295,0.0,0.0,0.6039424739398742,0.0,565.1174436124076,0.03545159387852088,0.032
raceline_xy,20260415_212047_eb9da4db,1823,58.36799999999712,344.566584791024,-160.15823872859661,6.07697855394267,0.08443788729863311,6.077565145836826,0.25323188107653444,-2.662060214601482,0.06859114316423208,0.3819057170071837,1.9095285850359183,-0.24092976803092148,-0.03064135138945634,0.0,0.0,0.41404526853684553,12.057829133314467,0.5024095472214362,12.057829133314467,0.5024095472214362,12.057829133314467,0.5024095472214362,0.42047325384809264,0.0,0.0,0.09808307670005702,0.0,0.0,0.6046654048238791,0.0,565.2313687468561,0.033754008867969004,0.032
raceline_xy,20260415_212047_eb9da4db,1824,58.399999999997114,344.39546104653476,-160.2506542292293,6.077069494042233,0.08176590146293616,6.077619542062564,0.25323414758594015,-2.6598741377258754,0.06829640131769574,0.38092636101008814,1.9046318050504407,-0.24004290637242942,-0.030569540782162008,0.0,0.0,0.4142012989755927,12.06584060473893,0.5027433585307888,12.06584060473893,0.5027433585307888,12.06584060473893,0.5027433585307888,0.41994628564882674,0.0,0.0,0.09867580126078263,0.0,0.0,0.6053204712045621,0.0,565.182412143692,0.0338378370438673,0.032
raceline_xy,20260415_212047_eb9da4db,1825,58.43199999999711,344.2244897201015,-160.34336350555736,6.077285482148032,0.07906689717467019,6.077799799743001,0.2532416583226251,-2.6577281651316147,0.06705142241704522,0.3799272174935123,1.8996360874675615,-0.23919644951517238,-0.03052753983553469,0.0,0.0,0.4143573336809469,12.073588030286839,0.5030661679286182,12.073588030286839,0.5030661679286182,12.073588030286839,0.5030661679286182,0.41943749821640397,0.0,0.0,0.09924558888097494,0.0,0.0,0.6059477747824246,0.0,565.0201802312984,0.03505964894872537,0.032
raceline_xy,20260415_212047_eb9da4db,1826,58.46399999999711,344.0536870148626,-160.43639660768585,6.077505374850746,0.07770226242362943,6.078002074935929,0.2532500864556637,-2.6556263103412228,0.06567899195673353,0.37894506916650755,1.8947253458325377,-0.23839485746010158,-0.030519358133453522,0.0,0.0,0.4145133730564606,12.081049750935705,0.5033770729556544,12.081049750935705,0.5033770729556544,12.081049750935705,0.5033770729556544,0.4189482273473608,0.0,0.0,0.09978980231375166,0.0,0.0,0.6065702966289586,0.0,564.8381325576634,0.036345354262987094,0.032
raceline_xy,20260415_212047_eb9da4db,1827,58.4959999999971,343.8830766173326,-160.52979146620413,6.077646310272817,0.0778963758408997,6.078145483463022,0.2532560618109592,-2.6535516609654364,0.06483050200372459,0.3780272804366759,1.8901364021833793,-0.23761862822587076,-0.030528079757380144,0.0,0.0,0.41466941749542996,12.088261757916946,0.5036775732465394,12.088261757916946,0.5036775732465394,12.088261757916946,0.5036775732465394,0.41847603187839066,0.0,0.0,0.1003171828953373,0.0,0.0,0.6072104481878601,0.0,564.70906488328,0.03690050792235775,0.032
raceline_xy,20260415_212047_eb9da4db,1828,58.5279999999971,343.7126745691865,-160.62356975671315,6.077690403525527,0.07895238280903927,6.078203198302728,0.25325846659594703,-2.651481717269375,0.06468126922189948,0.3772034001583716,1.886017000791858,-0.23684487451587222,-0.03053120035900081,0.0,0.0,0.4148254673809443,12.095223037864407,0.5039676265776837,12.095223037864407,0.5039676265776837,12.095223037864407,0.5039676265776837,0.41802090508804124,0.0,0.0,0.10083744723659986,0.0,0.0,0.6078423282127796,0.0,564.6571215275442,0.03656053254384561,0.032
raceline_xy,20260415_212047_eb9da4db,1829,58.559999999997096,343.5424826905374,-160.7177287775807,6.077675645512644,0.0799032758552749,6.078200867489486,0.2532583694787286,-2.6494022831680315,0.06497440680516653,0.37647486475459585,1.882374323772979,-0.2360594413526358,-0.0305136985236647,0.0,0.0,0.41498152308593395,12.101920039643591,0.504246668318483,12.101920039643591,0.504246668318483,12.101920039643591,0.504246668318483,0.4175836606804477,0.0,0.0,0.10135647169356331,0.0,0.0,0.6084417394783895,0.0,564.6592192594619,0.035695656126635444,0.032
raceline_xy,20260415_212047_eb9da4db,1830,58.59199999999709,343.3724915823412,-160.81224906205307,6.0776619090210335,0.08011841196434766,6.078189964150584,0.253257915172941,-2.647312773510942,0.06528709100657418,0.3758230498818774,1.879115249409387,-0.2352620937339358,-0.030475880161668467,0.0,0.0,0.4151375849732198,12.108365529153346,0.5045152303813895,12.108365529153346,0.5045152303813895,12.108365529153346,0.5045152303813895,0.4171633956764085,0.0,0.0,0.10187452543024811,0.0,0.0,0.6090050037004787,0.0,564.6690322644737,0.03485280385658154,0.032
raceline_xy,20260415_212047_eb9da4db,1831,58.62399999999709,343.20268890414854,-160.9071088786169,6.077691345672077,0.07954884973356702,6.0782119173940625,0.2532588298914193,-2.6452225662339544,0.06530907270504457,0.3739725876703949,1.8698629383519743,-0.23414687102818332,-0.029407696362727442,0.0,0.0,0.4152156183458531,12.111493980981653,0.5046455825409022,12.111493980981653,0.5046455825409022,12.111493980981653,0.5046455825409022,0.41695960845119195,0.0,0.0,0.10254561022887083,0.0,0.0,0.6082657051029302,0.0,564.6492743453433,0.0018102057132753507,0.032
raceline_xy,20260415_212047_eb9da4db,1832,58.655999999997086,343.03302190698406,-161.0022217613342,6.077900065181109,0.07589284849489397,6.0783738719151845,0.25326557799646604,-2.6431446525661038,0.06493057268827108,0.37206225291077144,1.860311264553857,-0.2333594568557409,-0.02936622152888768,0.0,0.0,0.4153716901648783,12.117528004409817,0.5048970001837424,12.117528004409817,0.5048970001837424,12.117528004409817,0.5048970001837424,0.41656691570528714,0.0,0.0,0.10311242579744094,0.0,0.0,0.6097112806504192,0.0,564.5035152763336,0.03351814299614659,0.032
raceline_xy,20260415_212047_eb9da4db,1833,58.68799999999708,342.8631953756756,-161.0970970066119,6.078836406704724,0.05637511007786378,6.0790978123826145,0.2532957421826089,-2.641398943496341,0.054615423327546084,0.36953119868930384,1.847655993446519,-0.23291311414509064,-0.02964685518951704,0.0,0.0,0.41552776902934546,12.123317663518481,0.5051382359799367,12.123317663518481,0.5051382359799367,12.123317663518481,0.5051382359799367,0.41619057533816717,0.0,0.0,0.10353453948999979,0.0,0.0,0.6099608023378366,0.0,563.8519688556465,0.04775800906125198,0.032
raceline_xy,20260415_212047_eb9da4db,1834,58.71999999999708,342.693607814796,-161.1924251964394,6.079183031201892,0.062349010769894075,6.079502753186071,0.2533126147160863,-2.639749352306172,0.05160551200692668,0.36717390740861633,1.8358695370430815,-0.23255968701078267,-0.030013568019519266,0.0,0.0,0.41568385526708046,12.128881881930422,0.5053700784137676,12.128881881930422,0.5053700784137676,12.128881881930422,0.5053700784137676,0.41582930300615795,0.0,0.0,0.1039064600250795,0.0,0.0,0.6105008079983423,0.0,563.4875221325361,0.050929460471769064,0.032
raceline_xy,20260415_212047_eb9da4db,1835,58.751999999997075,342.52445411190905,-161.2884908541558,6.078532935875489,0.07815794037468349,6.079035393560948,0.25329314139837283,-2.6379532843326725,0.05613667343066612,0.3653350138392283,1.8266750691961413,-0.23205131400679235,-0.03022382243095123,0.0,0.0,0.4158399491960223,12.134235077876106,0.5055931282448377,12.134235077876106,0.5055931282448377,12.134235077876106,0.5055931282448377,0.4154821142038081,0.0,0.0,0.10433948458567432,0.0,0.0,0.6112836923630779,0.0,563.9081457951468,0.044104606782294435,0.032
raceline_xy,20260415_212047_eb9da4db,1836,58.78399999999707,342.35571309117336,-161.3852124802324,6.0773273216474015,0.08993006239693324,6.077992661279272,0.2532496942199697,-2.635911970255595,0.06375337370060571,0.3639377307257855,1.8196886536289274,-0.23129041627890334,-0.030178905859028937,0.0,0.0,0.41599605112427396,12.139391958054848,0.5058079982522853,12.139391958054848,0.5058079982522853,12.139391958054848,0.5058079982522853,0.4151480117530775,0.0,0.0,0.10487955908703209,0.0,0.0,0.6120159092746623,0.0,564.8466048486546,0.033700664936439896,0.032
raceline_xy,20260415_212047_eb9da4db,1837,58.81599999999707,342.18721897825435,-161.48231283281555,6.076525550483057,0.09056854066808473,6.077200459605735,0.25321668581690565,-2.633697989158028,0.06912897585752203,0.3626652993245844,1.813326496622922,-0.2303545118907402,-0.029951453821488006,0.0,0.0,0.41615216135015215,12.14436751170469,0.5060153129876954,12.14436751170469,0.5060153129876954,12.14436751170469,0.5060153129876954,0.41482598586892694,0.0,0.0,0.10549138933235945,0.0,0.0,0.6124519616963526,0.0,565.559586354838,0.02661468128516651,0.032
raceline_xy,20260415_212047_eb9da4db,1838,58.847999999997064,342.0188245962634,-161.5795778116104,6.076505121162717,0.08299324192049617,6.077071857870466,0.25321132741126945,-2.6314620972731353,0.06982395763988263,0.36126651758181977,1.8063325879090988,-0.22939837215375114,-0.02969186943080926,0.0,0.0,0.4163082160502793,12.149170672068333,0.5062154446695138,12.149170672068333,0.5062154446695138,12.149170672068333,0.5062154446695138,0.4145154234986168,0.0,0.0,0.10610612333926496,0.0,0.0,0.6126789582614988,0.0,565.6753279165799,0.025797981484486462,0.032
raceline_xy,20260415_212047_eb9da4db,1839,58.87999999999706,341.85047741193296,-161.67694838502,6.077000146667961,0.07363041724369879,6.077446192352994,0.25322692468137475,-2.629328989644355,0.06663920504751561,0.35966412631627737,1.7983206315813867,-0.22854794007236068,-0.029524882592656176,0.0,0.0,0.41646421600598105,12.15381663243953,0.5064090263516471,12.15381663243953,0.5064090263516471,12.15381663243953,0.5064090263516471,0.4142153109292477,0.0,0.0,0.10666996024965975,0.0,0.0,0.6128955566587757,0.0,565.3384268823049,0.02975427857870061,0.032
raceline_xy,20260415_212047_eb9da4db,1840,58.91199999999706,341.6822211681088,-161.77450816981175,6.077568996842969,0.06806219084725518,6.077950096307947,0.2532479206794978,-2.6273355623760004,0.06229838535764367,0.35795127820444145,1.7897563910222072,-0.2278387219235869,-0.029487794118923993,0.0,0.0,0.4166202252640264,12.158326587174148,0.5065969411322562,12.158326587174148,0.5065969411322562,12.158326587174148,0.5065969411322562,0.41392425211238093,0.0,0.0,0.10716782509387604,0.0,0.0,0.6132091634643996,0.0,564.8849133228474,0.034849961684494286,0.032
raceline_xy,20260415_212047_eb9da4db,1841,58.943999999997054,341.51414109926566,-161.87239450715674,6.077935538459528,0.06811207657242813,6.078317173745075,0.2532632155727115,-2.625436367409237,0.059362156794826544,0.3562923000061789,1.7814615000308944,-0.22722464059750536,-0.029535152682720334,0.0,0.0,0.4167762442060966,12.162677605350204,0.5067782335562585,12.162677605350204,0.5067782335562585,12.162677605350204,0.5067782335562585,0.41364370074869194,0.0,0.0,0.10761774558554818,0.0,0.0,0.6135966642098226,0.0,564.5545436294317,0.037895873042094,0.032
raceline_xy,20260415_212047_eb9da4db,1842,58.97599999999705,341.34630518398893,-161.97070596164247,6.078002767501959,0.071981646993581,6.078428991052324,0.2532678746271802,-2.623552464299948,0.0588772475215707,0.3548097384496815,1.7740486922484073,-0.22662337739007166,-0.029588014918752847,0.0,0.0,0.4169322732048662,12.166905823473282,0.5069544093113868,12.166905823473282,0.5069544093113868,12.166905823473282,0.5069544093113868,0.41337130256459753,0.0,0.0,0.10805588649186547,0.0,0.0,0.6140455816646215,0.0,564.4539080529077,0.03775508835274074,0.032
raceline_xy,20260415_212047_eb9da4db,1843,59.00799999999705,341.17873257988856,-162.0694582916069,6.077834625219135,0.07630666938233155,6.0783136180444695,0.25326306741851956,-2.621624254782584,0.06024786296303574,0.35353034952620355,1.7676517476310176,-0.225974726141132,-0.02958671101055188,0.0,0.0,0.4170883126240455,12.171016407704421,0.5071256836543508,12.171016407704421,0.5071256836543508,12.171016407704421,0.5071256836543508,0.4131067047040813,0.0,0.0,0.10850955892747219,0.0,0.0,0.6144981878135208,0.0,564.5577437599771,0.03536060015053802,0.032
raceline_xy,20260415_212047_eb9da4db,1844,59.03999999999704,341.01139679383897,-162.16859940842895,6.07761651214663,0.07845782356363173,6.078122909155071,0.2532551212147946,-2.6196383058932895,0.06204112690484468,0.3523993723964758,1.761996861982379,-0.22526613961913222,-0.029516752920042855,0.0,0.0,0.41724436281842464,12.17499432470792,0.5072914301961634,12.17499432470792,0.5072914301961634,12.17499432470792,0.5072914301961634,0.41285085466965077,0.0,0.0,0.10898464296267905,0.0,0.0,0.614892965731263,0.0,564.7293817604359,0.0325997123762866,0.032
raceline_xy,20260415_212047_eb9da4db,1845,59.07199999999704,340.8442527718522,-162.2680570757176,6.0775230521048105,0.07776153238786243,6.0780205087499235,0.2532508545312468,-2.6176211596509535,0.0630132892960294,0.3513351385290467,1.7566756926452334,-0.22452546797026685,-0.029405866595715757,0.0,0.0,0.4174004241339167,12.178859351616808,0.5074524729840336,12.178859351616808,0.5074524729840336,12.178859351616808,0.5074524729840336,0.4126024612494845,0.0,0.0,0.1094692051378654,0.0,0.0,0.6152228664794572,0.0,564.8215421250685,0.031005764501410307,0.032
raceline_xy,20260415_212047_eb9da4db,1846,59.103999999997036,340.6772669169802,-162.36778315142507,6.07760347922633,0.07529337851527096,6.078069853461066,0.2532529105608778,-2.6156131770139517,0.06273198200990034,0.35028237369906934,1.7514118684953466,-0.22379398426460684,-0.02929445971055067,0.0,0.0,0.41755649690760177,12.182613616012016,0.5076089006671674,12.182613616012016,0.5076089006671674,12.182613616012016,0.5076089006671674,0.41236137076130186,0.0,0.0,0.10994488139662083,0.0,0.0,0.6155076198938145,0.0,564.7771318850398,0.031026637894172628,0.032
raceline_xy,20260415_212047_eb9da4db,1847,59.13599999999703,340.5104321905782,-162.46777159170796,6.077790639822069,0.07277802560044888,6.0782263615728445,0.25325943173220183,-2.613642512816222,0.061573993053288464,0.349235468988912,1.74617734494456,-0.22309999701673888,-0.029210733539453138,0.0,0.0,0.4177125814677705,12.18627370426092,0.507761404344205,12.18627370426092,0.507761404344205,12.18627370426092,0.507761404344205,0.4121265029701453,0.0,0.0,0.11039921816028579,0.0,0.0,0.6157915557189712,0.0,564.6362745844395,0.03209902064662272,0.032
raceline_xy,20260415_212047_eb9da4db,1848,59.16799999999703,340.3437640047092,-162.56804837348565,6.077983283378865,0.07145835672415357,6.078403333917439,0.2532668055798933,-2.6117133557249987,0.06028316454402733,0.34822779530941655,1.7411389765470826,-0.22244724875645838,-0.029158922916793006,0.0,0.0,0.41786867813396833,12.189859657775006,0.5079108190739586,12.189859657775006,0.5079108190739586,12.189859657775006,0.5079108190739586,0.4118965597168298,0.0,0.0,0.11083051013344944,0.0,0.0,0.6160994826773653,0.0,564.4769994743043,0.03325146261653257,0.032
raceline_xy,20260415_212047_eb9da4db,1849,59.199999999997026,340.1772850213091,-162.66864693490342,6.078111066618513,0.07155875457955085,6.078532289418837,0.2532721787257849,-2.6098106600627364,0.05945800208929364,0.34730286906851526,1.7365143453425762,-0.22182008696711053,-0.029124028057553986,0.0,0.0,0.41802478721704023,12.193406392440806,0.5080585996850336,12.193406392440806,0.5080585996850336,12.193406392440806,0.5080585996850336,0.4116692940404607,0.0,0.0,0.11124592155290687,0.0,0.0,0.6164405921880506,0.0,564.360939523046,0.033752881514920625,0.032
raceline_xy,20260415_212047_eb9da4db,1850,59.23199999999702,340.01101053657965,-162.76958668434588,6.078157805189499,0.07246068909811987,6.078589709484479,0.25327457122852,-2.607913964705028,0.05926839550191597,0.34648845492899716,1.7324422746449857,-0.2211976804061817,-0.029085633455250726,0.0,0.0,0.41818090901917393,12.19694910298005,0.5082062126241688,12.19694910298005,0.5082062126241688,12.19694910298005,0.5082062126241688,0.41144244762622995,0.0,0.0,0.11165517257932185,0.0,0.0,0.6168067332290619,0.0,564.3092614639684,0.033440190577551265,0.032
raceline_xy,20260415_212047_eb9da4db,1851,59.26399999999702,339.84494210600747,-162.87086547957844,6.078154388702759,0.07328641541342096,6.078596192509481,0.25327484135456174,-2.6060101159212774,0.05948854887002205,0.3455508514675097,1.7277542573375484,-0.2202409530277074,-0.02810738671175894,0.0,0.0,0.41825897478196683,12.198729942859583,0.5082804142858159,12.198729942859583,0.5082804142858159,12.198729942859583,0.5082804142858159,0.4113284779778521,0.0,0.0,0.11220340028368139,0.0,0.0,0.616447727801701,0.0,564.3034267414664,0.0029279421473655774,0.032
raceline_xy,20260415_212047_eb9da4db,1852,59.295999999997015,339.67903351712005,-162.9724087855739,6.078225098381159,0.07129151338084361,6.078643173148987,0.2532767988812078,-2.604092991048418,0.059903471257693276,0.3434430457759932,1.717215228879966,-0.21959645839854947,-0.02803439745465619,0.0,0.0,0.4184151162104699,12.202332567006813,0.5084305236252838,12.202332567006813,0.5084305236252838,12.202332567006813,0.5084305236252838,0.411098042771016,0.0,0.0,0.11269365713592867,0.0,0.0,0.6173563885880888,0.0,564.2611441659111,0.030616238205659813,0.032
raceline_xy,20260415_212047_eb9da4db,1853,59.32799999999701,339.5129701977722,-163.0737376797513,6.0790423500546655,0.053202402769391366,6.079275153290776,0.25330313138711563,-2.602471356252458,0.050734340602779794,0.3407985987470887,1.7039929937354432,-0.21925631610593932,-0.028246859469223118,0.0,0.0,0.4185711609938167,12.206008867679198,0.5085837028199666,12.206008867679198,0.5085837028199666,12.206008867679198,0.5085837028199666,0.4108630665291573,0.0,0.0,0.11305459440976305,0.0,0.0,0.6174979878902653,0.0,563.6923620383016,0.0432872119612129,0.032
raceline_xy,20260415_212047_eb9da4db,1854,59.35999999999701,339.3471408990532,-163.1754688639121,6.079317411676151,0.05840642831361542,6.079597972134108,0.2533165821722545,-2.600935180913396,0.048058054823067534,0.33833418827576733,1.6916709413788367,-0.21899941547591206,-0.02853490345124232,0.0,0.0,0.41872713202077366,12.20979576640271,0.5087414902667796,12.20979576640271,0.5087414902667796,12.20979576640271,0.5087414902667796,0.41062120224731924,0.0,0.0,0.11337370935930179,0.0,0.0,0.6179721065951475,0.0,563.4018250793024,0.04603313781021651,0.032
raceline_xy,20260415_212047_eb9da4db,1855,59.391999999997005,339.1817245242468,-163.27784725023315,6.078792575863582,0.07226952756556271,6.079222159535605,0.2533009233139835,-2.5992705409861703,0.05202859431145357,0.3363390260249945,1.6816951301249723,-0.21860718270125945,-0.02868512243572674,0.0,0.0,0.4188831171611326,12.213735748423261,0.5089056561843025,12.213735748423261,0.5089056561843025,12.213735748423261,0.5089056561843025,0.4103697555017689,0.0,0.0,0.11375106049531392,0.0,0.0,0.6186655311183323,0.0,563.7400564179552,0.03996525935488897,0.032
raceline_xy,20260415_212047_eb9da4db,1856,59.423999999997,339.0166896563849,-163.38079057899557,6.077857881261487,0.08214176042663102,6.078412925560286,0.2532672052316786,-2.597394471952475,0.05859198438962116,0.33473176665275334,1.6736588332637665,-0.21799769126878443,-0.028614549131309452,0.0,0.0,0.41903911678298317,12.217866942655089,0.5090777892772954,12.217866942655089,0.5090777892772954,12.217866942655089,0.5090777892772954,0.41010631882194515,0.0,0.0,0.11422732274208096,0.0,0.0,0.6193498315071188,0.0,564.4683669957419,0.030961040250577297,0.032
raceline_xy,20260415_212047_eb9da4db,1857,59.455999999997,338.8518875927459,-163.48406912419887,6.077236799473637,0.08256878740368734,6.077797686788355,0.25324157028284816,-2.5953702016407707,0.06320469814467124,0.33324546937329474,1.6662273468664737,-0.21723828486525454,-0.028386408891937,0.0,0.0,0.41919513124646113,12.22220822262507,0.5092586759427112,12.22220822262507,0.5092586759427112,12.22220822262507,0.5092586759427112,0.4098297202532959,0.0,0.0,0.1147724686549834,0.0,0.0,0.6198455551546824,0.0,565.0220818904797,0.024912631843357548,0.032
raceline_xy,20260415_212047_eb9da4db,1858,59.487999999996994,338.6871865889319,-163.58750331663043,6.077232625336488,0.07595692659853581,6.07770728458952,0.2532378035245633,-2.5933283533721525,0.06376385583552882,0.33166361062822414,1.6583180531411206,-0.21646321611591324,-0.028131181140774508,0.0,0.0,0.41935116090378655,12.226754402722044,0.5094481001134185,12.226754402722044,0.5094481001134185,12.226754402722044,0.5094481001134185,0.40954032437062216,0.0,0.0,0.11532567630368773,0.0,0.0,0.62020459666256,0.0,565.1034438694314,0.02418609042010547,0.032
raceline_xy,20260415_212047_eb9da4db,1859,59.51999999999699,338.5225416629795,-163.69104520814952,6.077635331739837,0.06787599198651595,6.078014344825171,0.2532505977010488,-2.5913758252449224,0.06099783515033753,0.3299255792530064,1.649627896265032,-0.2157803430520655,-0.027954558366695803,0.0,0.0,0.4195072060993033,12.231487741351486,0.5096453225563119,12.231487741351486,0.5096453225563119,12.231487741351486,0.5096453225563119,0.40923929424996075,0.0,0.0,0.11583892846948012,0.0,0.0,0.6205770782541653,0.0,564.827089657346,0.027543188796248987,0.032
raceline_xy,20260415_212047_eb9da4db,1860,59.55199999999699,338.35799308495166,-163.79476490498953,6.078099804663159,0.0630546471286122,6.07842686259947,0.2532677859416446,-2.5895443138354786,0.057238352571271606,0.3281153697381935,1.6405768486909673,-0.2152200881549673,-0.027889638321675125,0.0,0.0,0.4196632671695185,12.23643146766953,0.5098513111528971,12.23643146766953,0.5098513111528971,12.23643146766953,0.5098513111528971,0.4089251881794005,0.0,0.0,0.11629845154582433,0.0,0.0,0.6210584585718556,0.0,564.4558236604762,0.031878298535117325,0.032
raceline_xy,20260415_212047_eb9da4db,1861,59.58399999999698,338.1936176965024,-163.8987771084734,6.078404929932325,0.06304286521707203,6.07873184924951,0.25328049371872957,-2.587794975944874,0.054678318093294986,0.3263743839807849,1.6318719199039244,-0.21474144530987616,-0.027897613850484948,0.0,0.0,0.4198193444431419,12.241587376186647,0.5100661406744437,12.241587376186647,0.5100661406744437,12.241587376186647,0.5100661406744437,0.40859793155758517,0.0,0.0,0.1167208363795132,0.0,0.0,0.6216386102502385,0.0,564.1813356754404,0.03446124333104921,0.032
raceline_xy,20260415_212047_eb9da4db,1862,59.61599999999698,338.02947613355263,-164.00316404841195,6.0784730106705425,0.06630150950315272,6.078834594855548,0.2532847747856478,-2.5860602354217015,0.0542157368858631,0.32480832867787757,1.6240416433893878,-0.2142752136803865,-0.02791094462153776,0.0,0.0,0.4199754382411252,12.246977023413198,0.5102907093088832,12.246977023413198,0.5102907093088832,12.246977023413198,0.5102907093088832,0.4082561995046441,0.0,0.0,0.11713681513929115,0.0,0.0,0.6222982571836178,0.0,564.0888646300068,0.034316711951416626,0.032
raceline_xy,20260415_212047_eb9da4db,1863,59.647999999996976,337.86558467478943,-164.10793871455624,6.078356184185265,0.06995199824788578,6.07875868774885,0.2532816119895354,-2.5842890340771794,0.055342372040011356,0.3234409804857438,1.617204902428719,-0.21376995970799761,-0.027878608042182673,0.0,0.0,0.42013154887670223,12.25259401906505,0.5105247507943771,12.25259401906505,0.5105247507943771,12.25259401906505,0.5105247507943771,0.4079004438857874,0.0,0.0,0.11757008972313579,0.0,0.0,0.6229887299123505,0.0,564.1571810260342,0.032241838600528365,0.032
raceline_xy,20260415_212047_eb9da4db,1864,59.67999999999697,337.70191870858685,-164.21305730978287,6.078200882375737,0.07174309198290496,6.078624271803649,0.25327601132515204,-2.5824698323373534,0.056832282867679725,0.32222633204473466,1.6111316602236732,-0.213214840082391,-0.027789099911078807,0.0,0.0,0.42028767665542877,12.258416306858773,0.5107673461191156,12.258416306858773,0.5107673461191156,12.258416306858773,0.5107673461191156,0.4075321071115088,0.0,0.0,0.11802589943600096,0.0,0.0,0.6236608813888712,0.0,564.2781553767152,0.02985214532744828,0.032
raceline_xy,20260415_212047_eb9da4db,1865,59.71199999999697,337.5384374610169,-164.31845911878378,6.078143574825054,0.07109675949096772,6.078559374177174,0.25327330725738223,-2.5806253363860794,0.05762029943906014,0.321095311338626,1.60547655669313,-0.21263361816597603,-0.027665161561304608,0.0,0.0,0.4204438218752222,12.264438290150672,0.5110182620896113,12.264438290150672,0.5110182620896113,12.264438290150672,0.5110182620896113,0.4071515872426481,0.0,0.0,0.118493654507336,0.0,0.0,0.624304162968368,0.0,564.336563240543,0.02846118286184627,0.032
raceline_xy,20260415_212047_eb9da4db,1866,59.743999999996966,337.375110834981,-164.42410356368083,6.078222795152783,0.06893286224459239,6.078613664892032,0.25327556937050133,-2.5787901069883477,0.057335440623352024,0.3200014224044477,1.6000071120222383,-0.21206157183737284,-0.027541388684230395,0.0,0.0,0.4205999848264021,12.27065422085871,0.5112772592024463,12.27065422085871,0.5112772592024463,12.27065422085871,0.5112772592024463,0.4067592915854341,0.0,0.0,0.11895722554851106,0.0,0.0,0.6249375275385698,0.0,564.2877015971709,0.028365940972160636,0.032
raceline_xy,20260415_212047_eb9da4db,1867,59.77599999999696,337.21193261512826,-164.52998524781333,6.078386163999211,0.0667248962214968,6.078752386014157,0.25328134941725655,-2.5769881785186968,0.05630235965015674,0.3189376608917798,1.5946883044588989,-0.21152280377604704,-0.02744171314960875,0.0,0.0,0.42075614075997053,12.277056023499078,0.5115440009791282,12.277056023499078,0.5115440009791282,12.277056023499078,0.5115440009791282,0.40635577355455466,0.0,0.0,0.11940541405962864,0.0,0.0,0.6255892730854583,0.0,564.162852587258,0.029177410303220512,0.032
raceline_xy,20260415_212047_eb9da4db,1868,59.80799999999696,337.0489155026604,-164.63612406102197,6.0785574471991195,0.06548323573351444,6.078910156686148,0.25328792319525617,-2.5752239600633082,0.05512989755796272,0.3179002188993087,1.5895010944965433,-0.21102130666321095,-0.027369397065717838,0.0,0.0,0.4209120743299587,12.28361886466562,0.5118174526944008,12.28361886466562,0.5118174526944008,12.28361886466562,0.5118174526944008,0.4059426393830714,0.0,0.0,0.11983713602050565,0.0,0.0,0.6262677466195148,0.0,564.0208589824663,0.030169161659662568,0.032
raceline_xy,20260415_212047_eb9da4db,1869,59.839999999996955,336.8860788673485,-164.74254677467545,6.078681507130581,0.06542900855133826,6.079033625527278,0.25329306773030325,-2.57348556775435,0.054324836304383214,0.31694908970839897,1.5847454485419947,-0.21054463214783814,-0.027313884472661254,0.0,0.0,0.4210680265064203,12.290357061191752,0.5120982108829897,12.290357061191752,0.5120982108829897,12.290357061191752,0.5120982108829897,0.40551902844387433,0.0,0.0,0.12025657237020954,0.0,0.0,0.6269881225323463,0.0,563.9097370254495,0.030646599246967103,0.032
raceline_xy,20260415_212047_eb9da4db,1870,59.87199999999695,336.7234369344584,-164.84927073539887,6.078741372864496,0.06611988344031605,6.079100962902384,0.253295873454266,-2.571755254872854,0.05407067824686267,0.316110151091788,1.58055075545894,-0.2100746291128086,-0.027257426239635674,0.0,0.0,0.4212239976518021,12.29726369471991,0.5123859872799962,12.29726369471991,0.5123859872799962,12.29726369471991,0.5123859872799962,0.4050854181502639,0.0,0.0,0.12067164242268039,0.0,0.0,0.6277353904977634,0.0,563.849133387854,0.0304164997559064,0.032
raceline_xy,20260415_212047_eb9da4db,1871,59.90399999999695,336.5609918642076,-164.95629554423326,6.078758589257552,0.06681115162223694,6.079125736193779,0.2532969056747408,-2.570020731602181,0.054199137146236434,0.3153879025458193,1.5769395127290964,-0.20959769340273038,-0.027187730400584975,0.0,0.0,0.4213799881214706,12.304350290617506,0.5126812621090627,12.304350290617506,0.5126812621090627,12.304350290617506,0.5126812621090627,0.4046411289576115,0.0,0.0,0.12108886883008797,0.0,0.0,0.6285040504523871,0.0,563.8268374255983,0.0297280999678739,0.032
raceline_xy,20260415_212047_eb9da4db,1872,59.935999999996945,336.3987356287813,-165.06360730755188,6.078772147691303,0.06696542347642831,6.079140991249414,0.2532975413020589,-2.568280241551472,0.054383412232459696,0.313693166780279,1.5684658339013948,-0.20878018262757214,-0.026276268258357494,0.0,0.0,0.42145799071203716,12.307960346378952,0.512831681099123,12.307960346378952,0.512831681099123,12.307960346378952,0.512831681099123,0.40441503986042315,0.0,0.0,0.12166511422627409,0.0,0.0,0.6277764913783901,0.0,563.8131078755271,0.002427436442465184,0.032
raceline_xy,20260415_212047_eb9da4db,1873,59.96799999999694,336.2366290222121,-165.17114787283577,6.078845109947031,0.06486351439271765,6.079191158881772,0.25329963162007385,-2.5665290641538556,0.05471797281297949,0.31154803542379284,1.557740177118964,-0.20828389109018497,-0.02617618846551828,0.0,0.0,0.42161401081904876,12.315295725803384,0.5131373219084744,12.315295725803384,0.5131373219084744,12.315295725803384,0.5131373219084744,0.40395614263617885,0.0,0.0,0.1221777822505259,0.0,0.0,0.6296509808102627,0.0,563.7679570064045,0.027333504829215816,0.032
raceline_xy,20260415_212047_eb9da4db,1874,59.99999999999694,336.0743689508598,-165.27848901783562,6.079557569679261,0.04805870640917753,6.0797475179735985,0.25332281324889994,-2.565054126993834,0.0461499690307063,0.30890296647145166,1.5445148323572582,-0.20807153688223545,-0.0263417805685493,0.0,0.0,0.42177005110802357,12.322764403268451,0.5134485168028521,12.322764403268451,0.5134485168028521,12.322764403268451,0.5134485168028521,0.4034895936609697,0.0,0.0,0.12256862745134019,0.0,0.0,0.630218771135828,0.0,563.267233823761,0.03909767478248807,0.032
raceline_xy,20260415_212047_eb9da4db,1875,60.031999999996934,335.91233765426836,-165.38619128532022,6.079795399089483,0.052951421397492204,6.080025982495277,0.2533344159373032,-2.563661736194299,0.04356496894675697,0.30643340306384376,1.5321670153192186,-0.20793903194433838,-0.02658093791521443,0.0,0.0,0.42192611190983076,12.330392105045576,0.5137663377102323,12.330392105045576,0.5137663377102323,12.330392105045576,0.5137663377102323,0.403013825190377,0.0,0.0,0.12291850888076761,0.0,0.0,0.6310828827748064,0.0,563.0166157542502,0.04168988555035051,0.032
raceline_xy,20260415_212047_eb9da4db,1876,60.06399999999693,335.7506999093642,-165.49446711226267,6.0793913990052,0.06552920874419765,6.07974455544779,0.2533226898103246,-2.5621560456417036,0.04706304458402391,0.30441021034500015,1.5220510517250008,-0.2076863443109933,-0.026697842261006244,0.0,0.0,0.42208219354842136,12.338179666790658,0.5140908194496108,12.338179666790658,0.5140908194496108,12.338179666790658,0.5140908194496108,0.4025288288305311,0.0,0.0,0.123319308765817,0.0,0.0,0.6321066350206223,0.0,563.2699000969887,0.03625291171621659,0.032
raceline_xy,20260415_212047_eb9da4db,1877,60.09599999999693,335.5894205392787,-165.60323968573303,6.078654803282305,0.07434814832860193,6.079109463122616,0.253296227630109,-2.560461130277055,0.052934206403303596,0.3027561767007918,1.513780883503959,-0.2072387248633185,-0.026616596257407643,0.0,0.0,0.4222382963408649,12.346130317127404,0.5144220965469751,12.346130317127404,0.5144220965469751,12.346130317127404,0.5144220965469751,0.4020344485883869,0.0,0.0,0.12380980454886484,0.0,0.0,0.6331181091283239,0.0,563.8414831896455,0.028151667665177897,0.032
raceline_xy,20260415_212047_eb9da4db,1878,60.12799999999692,335.42836214726447,-165.71231111546658,6.078156878086853,0.07482556598765511,6.078617433262263,0.2532757263859276,-2.5586316602063954,0.05712075850638066,0.3012375865751615,1.5061879328758072,-0.20665446300474688,-0.02639189756273641,0.0,0.0,0.4223944205973858,12.354271769894943,0.5147613237456227,12.354271769894943,0.5147613237456227,12.354271769894943,0.5147613237456227,0.4015290116482655,0.0,0.0,0.12436464668878186,0.0,0.0,0.6339877426478516,0.0,564.284310063963,0.022608462227927038,0.032
raceline_xy,20260415_212047_eb9da4db,1879,60.15999999999692,335.2674012641056,-165.8215225572319,6.078159325462403,0.06892924399543299,6.078550158251831,0.25327292326049294,-2.5567846174308944,0.05767892373548341,0.2996597494536347,1.4982987472681735,-0.20605357677489522,-0.026140755572447993,0.0,0.0,0.42255056662140006,12.362576355910694,0.5151073481629456,12.362576355910694,0.5151073481629456,12.362576355910694,0.5151073481629456,0.4010142871411779,0.0,0.0,0.12492763570517375,0.0,0.0,0.6347348001389094,0.0,564.3448575733516,0.02183259552059323,0.032
raceline_xy,20260415_212047_eb9da4db,1880,60.191999999996916,335.1064949386519,-165.93082920933617,6.078498599611639,0.06160840168139048,6.078810806452064,0.25328378360216935,-2.555017238615367,0.05521339333461109,0.29796611669541034,1.4898305834770516,-0.20553420687629353,-0.02596043418792071,0.0,0.0,0.42270673470955167,12.37104651971772,0.5154602716549049,12.37104651971772,0.5154602716549049,12.37104651971772,0.5154602716549049,0.4004901719656835,0.0,0.0,0.12545365409196899,0.0,0.0,0.6354968092404226,0.0,564.110274193142,0.024775978611300833,0.032
raceline_xy,20260415_212047_eb9da4db,1881,60.22399999999691,334.9456803195563,-166.04029072340393,6.078893589528814,0.05714910182326527,6.079162219636331,0.25329842581818046,-2.553359678337391,0.05180297751914288,0.29623107132041615,1.4811553566020808,-0.2051253918266296,-0.02588111506612334,0.0,0.0,0.42286292515174967,12.37968474816319,0.5158201978401329,12.37968474816319,0.5158201978401329,12.37968474816319,0.5158201978401329,0.3999565621989385,0.0,0.0,0.12592808942016553,0.0,0.0,0.6363413600932851,0.0,563.794002327302,0.028589766794731825,0.032
raceline_xy,20260415_212047_eb9da4db,1882,60.25599999999691,334.7850294352404,-166.15000753070774,6.07916153314162,0.05701053801149403,6.079428850432673,0.2533095354346947,-2.5517780677346966,0.04943732370512985,0.29458198559596904,1.4729099279798452,-0.2047913200649063,-0.02586877693997014,0.0,0.0,0.4230191027504868,12.388490660320961,0.5161871108467068,12.388490660320961,0.5161871108467068,12.388490660320961,0.5161871108467068,0.39941353245094824,0.0,0.0,0.12636528321820092,0.0,0.0,0.6372656446043874,0.0,563.554034610594,0.030843725986834575,0.032
raceline_xy,20260415_212047_eb9da4db,1883,60.287999999996906,334.6245984199622,-166.26005150752923,6.079239285460836,0.0598111901813021,6.0795335074626635,0.25331389614427763,-2.5502124602515686,0.04893144668624773,0.2931022472422373,1.4655112362111866,-0.20447058992753364,-0.02586218117360284,0.0,0.0,0.4231750060339619,12.397445370183256,0.5165602237576357,12.397445370183256,0.5165602237576357,12.397445370183256,0.5165602237576357,0.3988622960840784,0.0,0.0,0.1267930741662896,0.0,0.0,0.6382389159194336,0.0,563.4598432836025,0.030774257014136434,0.032
raceline_xy,20260415_212047_eb9da4db,1884,60.3199999999969,334.4644016016116,-166.37043399175136,6.079169233359767,0.06297734731821736,6.079495432525895,0.25331230968857893,-2.5486175078973785,0.049836687442618086,0.2918122486984413,1.4590612434922063,-0.20411751817940216,-0.02581749163274738,0.0,0.0,0.42333093250111753,12.40657555453955,0.5169406481058146,12.40657555453955,0.5169406481058146,12.40657555453955,0.5169406481058146,0.3983012616289727,0.0,0.0,0.12723399230323257,0.0,0.0,0.6392460131084342,0.0,563.4941107266943,0.028993886791172062,0.032
raceline_xy,20260415_212047_eb9da4db,1885,60.3519999999969,334.30441671066444,-166.4811184703374,6.079064718510349,0.06456166482118153,6.079407541891051,0.2533086475787938,-2.5469819011699473,0.05109761783853987,0.2906738136749409,1.4533690683747043,-0.20372138326465805,-0.0257233970842492,0.0,0.0,0.4234868825034688,12.415883410196372,0.5173284754248488,12.415883410196372,0.5173284754248488,12.415883410196372,0.5173284754248488,0.3977303503374148,0.0,0.0,0.12769402218294568,0.0,0.0,0.6402472816783722,0.0,563.5732122980538,0.026891605859504106,0.032
raceline_xy,20260415_212047_eb9da4db,1886,60.383999999996895,334.14460662991496,-166.59205313687866,6.07903370850279,0.06402312359060636,6.079370838291367,0.2533071182621403,-2.5453245144677865,0.05177572104517104,0.2896276944300362,1.448138472150181,-0.20330179600736642,-0.025598770425231177,0.0,0.0,0.42364285638622595,12.425373346531522,0.5177238894388134,12.425373346531522,0.5177238894388134,12.425373346531522,0.5177238894388134,0.3971493499709968,0.0,0.0,0.12816454307898004,0.0,0.0,0.641231323295411,0.0,563.6062455377694,0.02562613082550333,0.032
raceline_xy,20260415_212047_eb9da4db,1887,60.41599999999689,333.98494358991485,-166.70320245278413,6.079109165561312,0.06212794094818497,6.079426628215692,0.2533094428423205,-2.5436752725022007,0.05152531458647953,0.2886332716914121,1.4431663584570604,-0.20288726560495407,-0.02547353509145589,0.0,0.0,0.42379885448832777,12.435071415665305,0.5181279756527211,12.435071415665305,0.5181279756527211,12.435071415665305,0.5181279756527211,0.39655672993235047,0.0,0.0,0.128632807943389,0.0,0.0,0.6422220462104676,0.0,563.5560346058771,0.025561232252632314,0.032
raceline_xy,20260415_212047_eb9da4db,1888,60.44799999999689,333.8254213706565,-166.81456066655625,6.079252181024456,0.060154388806935355,6.079549788510934,0.2533145745212889,-2.54205560578594,0.0506079642211248,0.2876866259783008,1.4384331298915038,-0.20250153342725286,-0.02536799484884744,0.0,0.0,0.423954877142475,12.444932827611161,0.5185388678171318,12.444932827611161,0.5185388678171318,12.444932827611161,0.5185388678171318,0.3959552892838527,0.0,0.0,0.12908623547813372,0.0,0.0,0.6432161245117394,0.0,563.445190340159,0.026300058518694217,0.032
raceline_xy,20260415_212047_eb9da4db,1889,60.479999999996885,333.6660520484525,-166.9261452725538,6.079400775670241,0.059047349030634244,6.0796875232735,0.25332031346972916,-2.540469253724874,0.049572218946640906,0.28681328305052506,1.4340664152526252,-0.20214795958809573,-0.025286256197673662,0.0,0.0,0.42411092467516476,12.454964287878127,0.5189568453282553,12.454964287878127,0.5189568453282553,12.454964287878127,0.5189568453282553,0.3953446752476797,0.0,0.0,0.12952268315730028,0.0,0.0,0.644244188915983,0.0,563.3212290538497,0.027123907536528432,0.032
raceline_xy,20260415_212047_eb9da4db,1890,60.51199999999688,333.50685368454424,-167.03797974084384,6.079510635211934,0.059000876500173494,6.079796926467429,0.2533248719361429,-2.538905394640569,0.04887089812973734,0.2860469939312418,1.4302349696562089,-0.20181521257097534,-0.025218311646227676,0.0,0.0,0.4242669974067234,12.465179932684453,0.5193824971951856,12.465179932684453,0.5193824971951856,12.465179932684453,0.5193824971951856,0.39472408802232417,0.0,0.0,0.12994714548091518,0.0,0.0,0.6453111181193595,0.0,563.2227661793136,0.027477867681072365,0.032
raceline_xy,20260415_212047_eb9da4db,1891,60.54399999999688,333.3478383955661,-167.15007801125725,6.079570683688489,0.05957189410839758,6.079862540266202,0.2533276058444251,-2.5373487899154528,0.048642517398242394,0.285410254291393,1.427051271456965,-0.20148771294261536,-0.02514894345302965,0.0,0.0,0.4244230956513413,12.475580925938704,0.5198158719141127,12.475580925938704,0.5198158719141127,12.475580925938704,0.5198158719141127,0.39409352117631524,0.0,0.0,0.13036671416169232,0.0,0.0,0.6464059262614146,0.0,563.1637137604179,0.027225058774262966,0.032
raceline_xy,20260415_212047_eb9da4db,1892,60.575999999996874,333.18900712745113,-167.26243873806175,6.07959916369275,0.060107962049495534,6.079896295026366,0.2533290122927652,-2.5357893653975214,0.04872780621705987,0.2838075493153711,1.4190377465768556,-0.2008272909826152,-0.024329889410114713,0.0,0.0,0.42450115443756214,12.480851297151712,0.5200354707146547,12.480851297151712,0.5200354707146547,12.480851297151712,0.5200354707146547,0.3937744934640399,0.0,0.0,0.13091486284044526,0.0,0.0,0.6453309878519232,0.0,563.1333344762704,0.0028630499335455944,0.032
raceline_xy,20260415_212047_eb9da4db,1893,60.60799999999687,333.0303350599843,-167.37502470840178,6.079618646828822,0.059112458919222455,6.079906016845013,0.2533294173685422,-2.5342078962225143,0.04941357010748361,0.2815839887705682,1.4079199438528411,-0.20047185333043682,-0.024222678394734132,0.0,0.0,0.42465729152753556,12.491544789553977,0.5204810328980823,12.491544789553977,0.5204810328980823,12.491544789553977,0.5204810328980823,0.39312820602582477,0.0,0.0,0.13145218652310434,0.0,0.0,0.648090916805568,0.0,563.1245848394881,0.024522476342250337,0.032
raceline_xy,20260415_212047_eb9da4db,1894,60.63999999999687,332.87152137753895,-167.48743685266183,6.0802167022904365,0.043989883757335146,6.08037583186143,0.25334899299422625,-2.532869720034478,0.041870976919490654,0.27893453041070354,1.3946726520535175,-0.2003658839771547,-0.02435013353199711,0.0,0.0,0.4248134548894205,12.50243534380391,0.5209348059918296,12.50243534380391,0.5209348059918296,12.50243534380391,0.5209348059918296,0.3924714019788982,0.0,0.0,0.13187906500670787,0.0,0.0,0.6490403726927793,0.0,562.701751324713,0.03485908365719719,0.032
raceline_xy,20260415_212047_eb9da4db,1895,60.67199999999686,332.7129254111073,-167.60016829526376,6.080406923790857,0.04836823369755905,6.080599299815341,0.25335830415897254,-2.5316036958240975,0.03961105642305519,0.276466725281106,1.38233362640553,-0.20032887417751244,-0.024541133875536136,0.0,0.0,0.42496964481619853,12.513512508119156,0.5213963545049648,12.513512508119156,0.5213963545049648,12.513512508119156,0.5213963545049648,0.3918047817407113,0.0,0.0,0.132268333099171,0.0,0.0,0.6502501877349949,0.0,562.5006301661929,0.03704693523117278,0.032
raceline_xy,20260415_212047_eb9da4db,1896,60.70399999999686,332.5546888775088,-167.71339264158664,6.0801104651930755,0.059141745306739324,6.080398096752242,0.2533499206980101,-2.530240828695912,0.04259887590116003,0.27440841621751694,1.3720420810875846,-0.20018832833260358,-0.02462670436534431,0.0,0.0,0.42512586159486837,12.524776202235287,0.521865675093137,12.524776202235287,0.521865675093137,12.524776202235287,0.521865675093137,0.3911284190225319,0.0,0.0,0.13270138182777919,0.0,0.0,0.6515762128113307,0.0,562.6817129229814,0.032283974176813654,0.032
raceline_xy,20260415_212047_eb9da4db,1897,60.73599999999686,332.39677654174466,-167.8270428982434,6.0795623288792555,0.06658724200618593,6.079926970903988,0.2533302904543328,-2.528716281614626,0.04761345917667746,0.2726956081926152,1.3634780409630758,-0.19988046736352416,-0.02454186424580973,0.0,0.0,0.42528207029109594,12.53622360845102,0.5223426503521259,12.53622360845102,0.5223426503521259,12.53622360845102,0.5223426503521259,0.39044255212849555,0.0,0.0,0.13321308739613733,0.0,0.0,0.6528979083871526,0.0,563.1057261864106,0.025177759264523685,0.032
raceline_xy,20260415_212047_eb9da4db,1898,60.76799999999685,332.2390667853688,-167.9409542186354,6.079194622608481,0.06693608699205278,6.079563117469354,0.2533151298945564,-2.5270768912086536,0.05118593119189553,0.27115382269938804,1.35576911349694,-0.1994551983987547,-0.024331951072262825,0.0,0.0,0.425437942146289,12.547829182107844,0.5228262159211602,12.547829182107844,0.5228262159211602,12.547829182107844,0.5228262159211602,0.3897487756835565,0.0,0.0,0.13377951120052084,0.0,0.0,0.6540987863652907,0.0,563.4331942775814,0.020381623978584416,0.032
raceline_xy,20260415_212047_eb9da4db,1899,60.79999999999685,332.08144890970937,-168.05499080810952,6.079216012488748,0.06174511665274496,6.079529569459306,0.25331373206080443,-2.5254245381778544,0.051599623570917116,0.26957035744986624,1.3478517872493312,-0.19901703712773733,-0.02410054541753448,0.0,0.0,0.42559384165505876,12.559620836939583,0.5233175348724827,12.559620836939583,0.5233175348724827,12.559620836939583,0.5233175348724827,0.38904548626687596,0.0,0.0,0.13435385391823582,0.0,0.0,0.6552244113686058,0.0,563.4633874866239,0.019739483728646687,0.032
raceline_xy,20260415_212047_eb9da4db,1900,60.831999999996846,331.9238858225335,-168.16911508773902,6.079497538035356,0.05535744238353102,6.079749564036762,0.2533228985015317,-2.5238432258923496,0.04940157357558756,0.26789811934670005,1.3394905967335002,-0.19865074591000287,-0.02393164891773436,0.0,0.0,0.42574976918765656,12.57159811239925,0.5238165880166354,12.57159811239925,0.5238165880166354,12.57159811239925,0.5238165880166354,0.38833278289817175,0.0,0.0,0.13489511706563143,0.0,0.0,0.6563671565635777,0.0,563.2653923669139,0.022309532841393708,0.032
raceline_xy,20260415_212047_eb9da4db,1901,60.86399999999684,331.7664120834416,-168.2833783744772,6.079820632505147,0.05148816920898991,6.080038647492611,0.25333494364552545,-2.5223583669846548,0.04640678734148595,0.2662037044326978,1.331018522163489,-0.19838074386273563,-0.02385067268334673,0.0,0.0,0.42590572510871183,12.583760546684857,0.5243233561118691,12.583760546684857,0.5243233561118691,12.583760546684857,0.5243233561118691,0.3876107651526688,0.0,0.0,0.13538970400883762,0.0,0.0,0.6575788901543317,0.0,563.00521725665,0.025670702149218842,0.032
raceline_xy,20260415_212047_eb9da4db,1902,60.89599999999684,331.6090927300019,-168.39786616448438,6.080042887738827,0.05137777716714487,6.0802599609498715,0.25334416503957796,-2.5209399983930574,0.04433584174998256,0.2645995371761709,1.3229976858808545,-0.1981741598207476,-0.023827652339521332,0.0,0.0,0.42606170977726326,12.596118519877894,0.5248382716615789,12.596118519877894,0.5248382716615789,12.596118519877894,0.5248382716615789,0.3868788917483279,0.0,0.0,0.13585121044133877,0.0,0.0,0.6588627035013044,0.0,562.8060351451152,0.02767844735021034,0.032
raceline_xy,20260415_212047_eb9da4db,1903,60.927999999996835,331.45197847287443,-168.512640260385,6.08011389979672,0.05384295265913552,6.080352300488215,0.2533480125203423,-2.5195353021177613,0.04390300796937679,0.26317075085643793,1.3158537542821895,-0.19797710584340988,-0.023808677276476953,0.0,0.0,0.42621772354679044,12.608651229995033,0.5253604679164597,12.608651229995033,0.5253604679164597,12.608651229995033,0.5253604679164597,0.3861384680601718,0.0,0.0,0.13630415534907556,0.0,0.0,0.6601892098270484,0.0,562.722929560606,0.027554309400859657,0.032
raceline_xy,20260415_212047_eb9da4db,1904,60.95999999999683,331.295082057167,-168.62771078538847,6.080066687059238,0.05663616711556063,6.08033046589682,0.2533471027457008,-2.5181040909676984,0.04472046655224912,0.2619384915113487,1.3096924575567432,-0.19775009246884556,-0.023753722046122583,0.0,0.0,0.4263737667652453,12.621353031420377,0.5258897096425157,12.621353031420377,0.5258897096425157,12.621353031420377,0.5258897096425157,0.38538989598576556,0.0,0.0,0.13676813252630318,0.0,0.0,0.6615373702420632,0.0,562.7425806928618,0.02591048489666778,0.032
raceline_xy,20260415_212047_eb9da4db,1905,60.99199999999683,331.1383818032037,-168.7430450596826,6.079993997637871,0.0579870126097668,6.080270512480834,0.25334460468670145,-2.51663702480438,0.04583211283329811,0.2608690426842621,1.3043452134213103,-0.19748431506123332,-0.02365442899109338,0.0,0.0,0.4265298397750846,12.634241493940603,0.5264267289141918,12.634241493940603,0.5264267289141918,12.634241493940603,0.5264267289141918,0.38463221159175554,0.0,0.0,0.13724881508820092,0.0,0.0,0.6628895071445835,0.0,562.7965387672488,0.024008566327572266,0.032
raceline_xy,20260415_212047_eb9da4db,1906,61.023999999996825,330.98184288491683,-168.85859730234455,6.07998236380558,0.057429978852817865,6.080253592298426,0.2533438996791011,-2.5151516770015405,0.04640126072481749,0.25991030317353936,1.2995515158676967,-0.19719816901600984,-0.023528389609827727,0.0,0.0,0.4266859429133009,12.647317914634922,0.526971579776455,12.647317914634922,0.526971579776455,12.647317914634922,0.526971579776455,0.3838654149248715,0.0,0.0,0.13773779606422926,0.0,0.0,0.6642310369352901,0.0,562.8117669314161,0.022881441888057078,0.032
raceline_xy,20260415_212047_eb9da4db,1907,61.05599999999682,330.8254398703478,-168.97433654793778,6.080056675866147,0.05567631564147746,6.080311590195679,0.2533463162581533,-2.513675079194617,0.04613186387792978,0.2590276329197562,1.295138164598781,-0.19691924446768638,-0.02340265371637651,0.0,0.0,0.42684207651145495,12.660583622534094,0.5275243176055873,12.660583622534094,0.5275243176055873,12.660583622534094,0.5275243176055873,0.38308950559728183,0.0,0.0,0.1382215336786014,0.0,0.0,0.6655743405771031,0.0,562.7595688238885,0.022837230149274655,0.032
raceline_xy,20260415_212047_eb9da4db,1908,61.08799999999682,330.66916759262574,-169.09025824081658,6.0801842957187064,0.053881040883343445,6.080423031045706,0.2533509596269044,-2.512226215779089,0.045271675301109204,0.25821960914504133,1.2910980457252066,-0.19666657577686442,-0.023296223937112615,0.0,0.0,0.42699824089570754,12.67404553089025,0.5280852304537604,12.67404553089025,0.5280852304537604,12.67404553089025,0.5280852304537604,0.3823041593269463,0.0,0.0,0.13869023191774532,0.0,0.0,0.6669406485802751,0.0,562.6592720588641,0.023503562685379974,0.032
raceline_xy,20260415_212047_eb9da4db,1909,61.119999999996814,330.51303764957504,-169.2063781082121,6.080315050751917,0.05288264112324992,6.080545015879124,0.25335604232829684,-2.5108080233285417,0.04431816646019393,0.25751092825706473,1.2875546412853236,-0.19644274577490295,-0.023212055127414644,0.0,0.0,0.4271544363868515,12.687705183572028,0.5286543826488345,12.687705183572028,0.5286543826488345,12.687705183572028,0.5286543826488345,0.3815093687360953,0.0,0.0,0.13914174517826963,0.0,0.0,0.6683393778042102,0.0,562.5494857087883,0.024229709032527653,0.032
raceline_xy,20260415_212047_eb9da4db,1910,61.15199999999681,330.35706675115694,-169.32271677678276,6.080413750217623,0.05283805764617755,6.0806433240382844,0.25336013850159517,-2.5094104740523635,0.04367446462680488,0.2569330562973502,1.284665281486751,-0.19623726370991124,-0.023140137828040697,0.0,0.0,0.4273106633003443,12.701557286417,0.5292315536007083,12.701557286417,0.5292315536007083,12.701557286417,0.5292315536007083,0.3807055243821673,0.0,0.0,0.13958034388135437,0.0,0.0,0.6697685431148087,0.0,562.4610083655436,0.02452262052931036,0.032
raceline_xy,20260415_212047_eb9da4db,1911,61.18399999999681,330.201265720468,-169.43928618967476,6.08047221637149,0.053336237090811256,6.080706137304501,0.2533627557210209,-2.508019820253688,0.04345734234060883,0.25650683877128705,1.2825341938564352,-0.19603607740459994,-0.023066742721758793,0.0,0.0,0.4274669219463397,12.715603099303916,0.5298167958043298,12.715603099303916,0.5298167958043298,12.715603099303916,0.5298167958043298,0.37989263538714324,0.0,0.0,0.14001262404132317,0.0,0.0,0.6712244866194107,0.0,562.4044764259485,0.024164115261890055,0.032
raceline_xy,20260415_212047_eb9da4db,1912,61.215999999996804,330.04563484443867,-169.55608466811844,6.080505604018619,0.05378461700381543,6.080743473090118,0.2533643113787549,-2.506627060733612,0.04352048110165295,0.2542218121905598,1.2711090609527989,-0.195516104607385,-0.022329414053150476,0.0,0.0,0.4275450480742824,12.722697935384886,0.5301124139743703,12.722697935384886,0.5301124139743703,12.722697935384886,0.5301124139743703,0.37948286618393956,0.0,0.0,0.1405915739240096,0.0,0.0,0.6697589606094799,0.0,562.3708742188933,0.0026277142382467936,0.032
raceline_xy,20260415_212047_eb9da4db,1913,61.2479999999968,329.89015387974496,-169.67308309512293,6.080521236173322,0.052993491050960184,6.080752158544905,0.25336467327270434,-2.50521263275595,0.044194085839913355,0.2520332058528519,1.2601660292642594,-0.19528726280493958,-0.022217750016195303,0.0,0.0,0.4277008870878626,12.737002522152753,0.5307084384230314,12.737002522152753,0.5307084384230314,12.737002522152753,0.5307084384230314,0.37865839602997875,0.0,0.0,0.14115830647320549,0.0,0.0,0.6734362551575147,0.0,562.3630573095854,0.021529475463470622,0.032
raceline_xy,20260415_212047_eb9da4db,1914,61.2799999999968,329.734540701681,-169.78992652034736,6.081016964590313,0.03936878919052056,6.0811444009493405,0.25338101670622254,-2.5040165023120995,0.03742865116481328,0.24946767954051358,1.2473383977025678,-0.19528146429372528,-0.022316062091109146,0.0,0.0,0.42785675843154,12.751504009225428,0.5313126670510595,12.751504009225428,0.5313126670510595,12.751504009225428,0.5313126670510595,0.3778248969260458,0.0,0.0,0.1416221840287047,0.0,0.0,0.6747747401781574,0.0,562.0100391455932,0.030753639741491604,0.032
raceline_xy,20260415_212047_eb9da4db,1915,61.31199999999679,329.57912641038865,-169.90704455939678,6.081183532285991,0.043102946875939185,6.081336285503023,0.2533890118959593,-2.502888234231838,0.035303872871593055,0.24706548589553487,1.2353274294776744,-0.19533993491431723,-0.02247391508387775,0.0,0.0,0.42801266243364255,12.766203436806965,0.5319251432002902,12.766203436806965,0.5319251432002902,12.766203436806965,0.5319251432002902,0.3769823953973792,0.0,0.0,0.14204908180047704,0.0,0.0,0.6763354551752946,0.0,561.8373430472786,0.032797407072785965,0.032
raceline_xy,20260415_212047_eb9da4db,1916,61.34399999999679,329.42403853844525,-170.02458732695897,6.080974358124122,0.05248455600120039,6.081200849567602,0.2533833687319834,-2.5016785811300704,0.03781226058434121,0.24502818297410214,1.2251409148705106,-0.19531034509983547,-0.02254206176201201,0.0,0.0,0.4281685994175046,12.781101876214105,0.532545911508921,12.781101876214105,0.532545911508921,12.781101876214105,0.532545911508921,0.37613091747387406,0.0,0.0,0.14251384136560205,0.0,0.0,0.6779882876825545,0.0,561.9592353891578,0.02875665109949137,0.032
raceline_xy,20260415_212047_eb9da4db,1917,61.375999999996786,329.26924696008535,-170.1425013494515,6.080560202948359,0.05910783780452489,6.0808474835477755,0.253368645147824,-2.500328054956219,0.04217955955690968,0.24330305061584287,1.2165152530792143,-0.19513405626663038,-0.02246101440132886,0.0,0.0,0.4283245697014974,12.796200430500473,0.5331750179375198,12.796200430500473,0.5331750179375198,12.796200430500473,0.5331750179375198,0.37527048867722534,0.0,0.0,0.143050746370289,0.0,0.0,0.6796486668440028,0.0,562.2772648070016,0.022620102627656364,0.032
raceline_xy,20260415_212047_eb9da4db,1918,61.40799999999678,329.1146427568007,-170.26064629721216,6.08027784155789,0.0595611447417248,6.080569558890254,0.2533570649537606,-2.498875431049253,0.045354518113718156,0.2417211046528775,1.2086055232643873,-0.19485091875877547,-0.02226862282477393,0.0,0.0,0.4284805735990597,12.811493192511193,0.533812216354633,12.811493192511193,0.533812216354633,12.811493192511193,0.533812216354633,0.374401533589662,0.0,0.0,0.14364234410912793,0.0,0.0,0.6812272793122985,0.0,562.5273969987712,0.018305949895532206,0.032
raceline_xy,20260415_212047_eb9da4db,1919,61.43999999999678,328.9601267019318,-170.3789051628095,6.080293997922457,0.05514217019144141,6.080544034879221,0.2533560014533009,-2.4974084442281956,0.045810401883870484,0.24013666250385943,1.200683312519297,-0.19455250603079577,-0.022052359951225675,0.0,0.0,0.42863661141872855,12.82696703669584,0.5344569598623267,12.82696703669584,0.5344569598623267,12.82696703669584,0.5344569598623267,0.37352488172747833,0.0,0.0,0.1442426281717308,0.0,0.0,0.6827394297409954,0.0,562.5503686087006,0.01756981724705658,0.032
raceline_xy,20260415_212047_eb9da4db,1920,61.471999999996775,328.8056633713239,-170.49724213725264,6.080518134227508,0.04952959419592906,6.080719855524574,0.2533633273135239,-2.4960016844969655,0.043947904329227815,0.23850616047360274,1.1925308023680137,-0.19431418375581044,-0.021888043178102556,0.0,0.0,0.42879268346416927,12.84264459770931,0.5351101915712212,12.84264459770931,0.5351101915712212,12.84264459770931,0.5351101915712212,0.3726393373207739,0.0,0.0,0.14481335480633586,0.0,0.0,0.6842748433413249,0.0,562.3921300278829,0.019691676259633233,0.032
raceline_xy,20260415_212047_eb9da4db,1921,61.50399999999677,328.65128177501634,-170.61569810222483,6.080781389583846,0.045997898861671604,6.08095536199773,0.25337314008323875,-2.4946797134489582,0.04131605029976616,0.23688586527679822,1.1844293263839911,-0.19415969849583403,-0.021800240785490477,0.0,0.0,0.428948790034207,12.858527420883522,0.5357719758701468,12.858527420883522,0.5357719758701468,12.858527420883522,0.5357719758701468,0.371744906290822,0.0,0.0,0.1453402138401096,0.0,0.0,0.6858694202987737,0.0,562.1801742020427,0.022598961286952792,0.032
raceline_xy,20260415_212047_eb9da4db,1922,61.53599999999677,328.4970396516948,-170.73434541642553,6.080970124438213,0.04572558497002266,6.0811420377615715,0.2533809182400655,-2.4934182677336025,0.039431389308598214,0.2353748001316097,1.1768740006580485,-0.19406331604885985,-0.0217646955041233,0.0,0.0,0.4291049314228566,12.874617078203318,0.5364423782584716,12.874617078203318,0.5364423782584716,12.874617078203318,0.5364423782584716,0.37084159467673006,0.0,0.0,0.1458334312823476,0.0,0.0,0.6875237107399687,0.0,562.0121660145853,0.024395895492408583,0.032
raceline_xy,20260415_212047_eb9da4db,1923,61.567999999996765,328.3429830966736,-170.85323818649294,6.081042410723913,0.04776149499511373,6.081229971101822,0.2533845821292426,-2.4921717711600015,0.03895963296067509,0.23405065042559084,1.170253252127954,-0.19397831376242092,-0.02173583662892309,0.0,0.0,0.42926110791935407,12.890915168980282,0.5371214653741784,12.890915168980282,0.5371214653741784,12.890915168980282,0.5371214653741784,0.3699294086232414,0.0,0.0,0.14631546200231893,0.0,0.0,0.6892245087889406,0.0,561.9330260083601,0.024347078692419383,0.032
raceline_xy,20260415_212047_eb9da4db,1924,61.59999999999676,328.18912454326846,-170.97238698859869,6.081021306202934,0.050168882958666394,6.081228251209731,0.2533845104670721,-2.490904435891161,0.03960092873250548,0.23293609556556136,1.1646804778278068,-0.19386859623305952,-0.02167788122278136,0.0,0.0,0.42941731980818704,12.907426299345556,0.5378094291393981,12.907426299345556,0.5378094291393981,12.907426299345556,0.5378094291393981,0.36900818843101835,0.0,0.0,0.14680529231437428,0.0,0.0,0.6909538724708731,0.0,561.9345739112421,0.022939120730913483,0.032
raceline_xy,20260415_212047_eb9da4db,1925,61.63199999999676,328.03544522424284,-171.09176510011966,6.080977133442396,0.051373258100216646,6.081194135126515,0.2533830889636048,-2.489606927601212,0.04053574595704133,0.23200515271137692,1.1600257635568845,-0.19372526668181056,-0.021581499283779948,0.0,0.0,0.42957356736912566,12.92414901684339,0.5385062090351412,12.92414901684339,0.5385062090351412,12.92414901684339,0.5385062090351412,0.36807811461489415,0.0,0.0,0.14730848606966385,0.0,0.0,0.6926890437840489,0.0,561.9652783861359,0.021257351541985756,0.032
raceline_xy,20260415_212047_eb9da4db,1926,61.663999999996754,327.88191391421424,-171.2113333319835,6.080977649984327,0.050916823312836534,6.08119081286759,0.25338295053614956,-2.4882937281635744,0.04102392837319679,0.23121429771661944,1.1560714885830972,-0.19356351641413827,-0.021461176443160923,0.0,0.0,0.42972985087725396,12.94108412941166,0.5392118387254858,12.94108412941166,0.5392118387254858,12.94108412941166,0.5392118387254858,0.3671392420794506,0.0,0.0,0.14781785201110909,0.0,0.0,0.6944226992213615,0.0,561.968268419169,0.02015656122887683,0.032
raceline_xy,20260415_212047_eb9da4db,1927,61.69599999999675,327.7285071853762,-171.3310641637776,6.081044232830871,0.04937926554309513,6.081244714161006,0.25338519642337526,-2.4869882229823883,0.04078696623118429,0.23049312732556004,1.1524656366278,-0.1934072293519118,-0.021339413316007416,0.0,0.0,0.42988593808778963,12.95821694974456,0.5399257062393567,12.95821694974456,0.5399257062393567,12.95821694974456,0.5399257062393567,0.36619248169028173,0.0,0.0,0.1483233156667292,0.0,0.0,0.6961574135226107,0.0,561.9197572550944,0.01991646458203216,0.032
raceline_xy,20260415_212047_eb9da4db,1928,61.72799999999675,327.57521865573653,-171.45095134431332,6.0811548769944785,0.04771845015976872,6.08134209599159,0.25338925399964957,-2.485707924615694,0.04000527229729239,0.22980414570300095,1.1490207285150047,-0.1932740002824791,-0.02123346875718246,0.0,0.0,0.4300417573516909,12.975544090254346,0.5406476704272644,12.975544090254346,0.5406476704272644,12.975544090254346,0.5406476704272644,0.36523811278992335,0.0,0.0,0.14881729955071366,0.0,0.0,0.697910297019263,0.0,561.8321136075685,0.020483172601191996,0.032
raceline_xy,20260415_212047_eb9da4db,1929,61.759999999996744,327.42205634596394,-171.57100544996624,6.081273298287488,0.04665453645094386,6.081452258649724,0.25339384411040516,-2.484457607746892,0.039073467116923916,0.22921096501824154,1.1460548250912077,-0.19316834655011395,-0.021149285194629552,0.0,0.0,0.43019761342681867,12.993088068724283,0.5413786695301784,12.993088068724283,0.5413786695301784,12.993088068724283,0.5413786695301784,0.36427499282184383,0.0,0.0,0.1492940219934479,0.0,0.0,0.69970001263857,0.0,561.7329672152476,0.02120332106698822,0.032
raceline_xy,20260415_212047_eb9da4db,1930,61.79199999999674,327.2690360659053,-171.69124534547265,6.081367465081346,0.04649053082808541,6.081545166715988,0.25339771527983285,-2.483228923140336,0.038399231399168995,0.22874355294727003,1.1437177647363501,-0.1930814865958732,-0.021078510909326997,0.0,0.0,0.43035350679039536,13.010850296345485,0.5421187623477285,13.010850296345485,0.5421187623477285,13.010850296345485,0.5421187623477285,0.36330314899271876,0.0,0.0,0.14975712537997604,0.0,0.0,0.7015228701942383,0.0,561.6493499556105,0.02156508397029852,0.032
raceline_xy,20260415_212047_eb9da4db,1931,61.82399999999674,327.11616945521797,-171.8116838062257,6.081427220798467,0.046915749169293974,6.081608186112345,0.2534003410880144,-2.4820086262481382,0.03813570056482416,0.22796624095052628,1.1398312047526313,-0.1927076035387274,-0.020434084839791478,0.0,0.0,0.43043146760326867,13.019813705603184,0.542492237733466,13.019813705603184,0.542492237733466,13.019813705603184,0.542492237733466,0.3628139639445007,0.0,0.0,0.15021909045381657,0.0,0.0,0.6996637182612624,0.0,561.5926324988889,0.0031117285797716103,0.032
raceline_xy,20260415_212047_eb9da4db,1932,61.85599999999673,326.9634481358898,-171.93230746991077,6.0814483594899045,0.04673690400394692,6.081627947132111,0.2534011644638379,-2.4807696472643768,0.0387148677415721,0.22558741598558912,1.1279370799279456,-0.19260567697753928,-0.020340677501972326,0.0,0.0,0.43058741778460147,13.037906041483765,0.5432460850618236,13.037906041483765,0.5432460850618236,13.037906041483765,0.5432460850618236,0.36182908382816636,0.0,0.0,0.15082779609453342,0.0,0.0,0.7043192109848188,0.0,561.5748475811,0.019640834359565144,0.032
raceline_xy,20260415_212047_eb9da4db,1933,61.88799999999673,326.81062097854783,-172.05281289650057,6.081832428770847,0.03537388483749604,6.0819353008213755,0.2534139708675573,-2.4797147085624687,0.033011868451480256,0.22291886508476133,1.1145943254238067,-0.19269049056370058,-0.020422456140621215,0.0,0.0,0.43074340642806624,13.056209577719923,0.5440087324049968,13.056209577719923,0.5440087324049968,13.056209577719923,0.5440087324049968,0.36083612729037196,0.0,0.0,0.1513455307731573,0.0,0.0,0.70607696045886,0.0,561.2982292607617,0.02740088251880163,0.032
raceline_xy,20260415_212047_eb9da4db,1934,61.919999999996726,326.6579816528469,-172.17356362198163,6.081955560399479,0.03892157035513,6.0820800987255215,0.2534200041135634,-2.478710624876509,0.03141708069845808,0.22042543134079737,1.1021271567039868,-0.19282139636107765,-0.020545312758142753,0.0,0.0,0.43089943399546177,13.074709188923467,0.5447795495384778,13.074709188923467,0.5447795495384778,13.074709188923467,0.5447795495384778,0.35983601324046965,0.0,0.0,0.1518327176967627,0.0,0.0,0.7080061590856588,0.0,561.1679111470303,0.0288431022763403,0.032
raceline_xy,20260415_212047_eb9da4db,1935,61.95199999999672,326.50563714114867,-172.29468042804993,6.081788163148351,0.04703922991545095,6.081970071495126,0.25341541964563025,-2.4776304817453463,0.033761950405953596,0.21827483393837135,1.0913741696918566,-0.1928695376393641,-0.020583968889628323,0.0,0.0,0.4310555009442442,13.093435251013535,0.545559802125564,13.093435251013535,0.545559802125564,13.093435251013535,0.545559802125564,0.35882720250407507,0.0,0.0,0.1523568133826652,0.0,0.0,0.710021330684967,0.0,561.2669356543859,0.025129017253046254,0.032
raceline_xy,20260415_212047_eb9da4db,1936,61.98399999999672,326.35355456954244,-172.4161122509424,6.081475551722649,0.05252107751686541,6.081702339788082,0.25340426415783673,-2.4764275752653466,0.0375674308054246,0.21641716971166527,1.0820858485583262,-0.1927890617044743,-0.02049176541534692,0.0,0.0,0.43121160772755546,13.11239058972686,0.5463496079052859,13.11239058972686,0.5463496079052859,13.11239058972686,0.5463496079052859,0.3578096556472805,0.0,0.0,0.1529467594016413,0.0,0.0,0.7120453462503047,0.0,561.5078941907258,0.019802217917725507,0.032
raceline_xy,20260415_212047_eb9da4db,1937,62.015999999996716,326.20163540064334,-172.5377383009831,6.0812767234491165,0.052614599811134255,6.081504327325379,0.25339601363855746,-2.475139400457513,0.040219189295157866,0.21470751621836662,1.073537581091833,-0.1926197900647315,-0.020306243073794583,0.0,0.0,0.43136775479425304,13.131578107473533,0.5471490878113973,13.131578107473533,0.5471490878113973,13.131578107473533,0.5471490878113973,0.356783331733161,0.0,0.0,0.15358430608564258,0.0,0.0,0.7140152824250973,0.0,561.6861054071585,0.016209986621685723,0.032
raceline_xy,20260415_212047_eb9da4db,1938,62.04799999999671,326.04979404775844,-172.65946140253618,6.081308378746552,0.04861815952969062,6.08150271913522,0.2533959466306342,-2.4738430211379665,0.040482771609692554,0.21302604165253594,1.0651302082626797,-0.1924407195932818,-0.020104512316038825,0.0,0.0,0.4315239425889383,13.151000784683053,0.5479583660284605,13.151000784683053,0.5479583660284605,13.151000784683053,0.5479583660284605,0.35574818833745026,0.0,0.0,0.1542280040630031,0.0,0.0,0.7159503976766347,0.0,561.6875527783014,0.015756072352669327,0.032
raceline_xy,20260415_212047_eb9da4db,1939,62.07999999999671,325.8980031684125,-172.78125503552405,6.081493723058285,0.04377495466091563,6.08165126838533,0.25340213618272206,-2.4726014448084825,0.03878786664045008,0.21134321444755857,1.0567160722377928,-0.19231539084351734,-0.019949628179580348,0.0,0.0,0.4316801715519856,13.170661686393942,0.5487775702664143,13.170661686393942,0.5487775702664143,13.170661686393942,0.5487775702664143,0.3547041812887963,0.0,0.0,0.15484279422193412,0.0,0.0,0.7179096415268461,0.0,561.5538584532027,0.017713511923989837,0.032
raceline_xy,20260415_212047_eb9da4db,1940,62.111999999996705,325.74629153714994,-172.90315702924235,6.08170307102281,0.040862617792002176,6.08184034627851,0.2534100144282712,-2.4714332465990436,0.03651018880740144,0.2097146626222302,1.048573313111151,-0.19226160251017754,-0.01986021421530948,0.0,0.0,0.43183644211957184,13.190563924102115,0.5496068301709215,13.190563924102115,0.5496068301709215,13.190563924102115,0.5496068301709215,0.3536512667803353,0.0,0.0,0.1554163050217523,0.0,0.0,0.7199239966467224,0.0,561.383688349341,0.020249738865305227,0.032
raceline_xy,20260415_212047_eb9da4db,1941,62.1439999999967,325.59471117811955,-173.02522974157569,6.081851042246759,0.04079271058275147,6.081987844883832,0.253416160203493,-2.470315327536934,0.03494423136813335,0.20823011676134295,1.0411505838067148,-0.19225495937644776,-0.019813220740718673,0.0,0.0,0.43199275472370485,13.210710702492285,0.5504462792705119,13.210710702492285,0.5504462792705119,13.210710702492285,0.5504462792705119,0.3525893989714044,0.0,0.0,0.15595858722952202,0.0,0.0,0.7219933378360018,0.0,561.2509396045508,0.021752527053824605,0.032
raceline_xy,20260415_212047_eb9da4db,1942,62.1759999999967,325.44330184682167,-173.14751804844607,6.081907568582298,0.042655608082230234,6.0820571498202405,0.2534190479091767,-2.4692076279645594,0.0346201560860582,0.20694887665643796,1.0347443832821897,-0.19225442738283816,-0.01976803961543272,0.0,0.0,0.43214893520757264,13.231093948922553,0.5512955812051064,13.231093948922553,0.5512955812051064,13.231093948922553,0.5512955812051064,0.3515191259964925,0.0,0.0,0.15649076723628938,0.0,0.0,0.7241027498279597,0.0,561.1885651617831,0.021429848656026786,0.032
raceline_xy,20260415_212047_eb9da4db,1943,62.207999999996694,325.2920725931313,-173.27002900085057,6.081892967989363,0.04474384005952947,6.0820575535999115,0.25341906473332965,-2.46807967083385,0.03524407405859791,0.20585076548437015,1.0292538274218506,-0.19222929813423173,-0.019693333636595867,0.0,0.0,0.4323047168572149,13.251699514870804,0.5521541464529501,13.251699514870804,0.5521541464529501,13.251699514870804,0.5521541464529501,0.3504413070924661,0.0,0.0,0.15703227537423906,0.0,0.0,0.7262336673434998,0.0,561.1882017600792,0.020164997289186637,0.032
raceline_xy,20260415_212047_eb9da4db,1944,62.23999999999669,325.14100239922254,-173.39273515506454,6.08186919500119,0.04560045733871654,6.082040143472741,0.2534183393113642,-2.466926770996926,0.036016952558703366,0.20491813189466482,1.024590659473324,-0.19217535619732695,-0.01958594886117071,0.0,0.0,0.43246054117845073,13.272559032142475,0.5530232930059364,13.272559032142475,0.5530232930059364,13.272559032142475,0.5530232930059364,0.349354409567014,0.0,0.0,0.15758652383972385,0.0,0.0,0.7283854097904414,0.0,561.2038708745324,0.01883043843312142,0.032
raceline_xy,20260415_212047_eb9da4db,1945,62.27199999999669,324.9900640280962,-173.51560392760334,6.081883099991941,0.045063811614326266,6.082050048222621,0.2534187520092759,-2.4657629343003613,0.03635752044695117,0.2041157290744676,1.020578645372338,-0.1921072015203107,-0.01945989542523474,0.0,0.0,0.43261640835347587,13.293675167287617,0.5539031319703174,13.293675167287617,0.5539031319703174,13.293675167287617,0.5539031319703174,0.3482584270741662,0.0,0.0,0.15814613634999097,0.0,0.0,0.7305465837859542,0.0,561.1949565996406,0.018118153771756358,0.032
raceline_xy,20260415_212047_eb9da4db,1946,62.303999999996684,324.8392398005674,-173.63861541304888,6.081944579465219,0.04374697737974609,6.082101911816031,0.25342091299233466,-2.464607441708208,0.03610008875596263,0.20342415314629766,1.0171207657314882,-0.19204446871834646,-0.019334458674130417,0.0,0.0,0.43277231856073417,13.315050649407894,0.5547937770586623,13.315050649407894,0.5547937770586623,13.315050649407894,0.5547937770586623,0.347153352607537,0.0,0.0,0.15870012205501294,0.0,0.0,0.7327255558112402,0.0,561.1482793655714,0.018184482132757973,0.032
raceline_xy,20260415_212047_eb9da4db,1947,62.33599999999668,324.6885279207619,-173.7617685351066,6.082032860736387,0.042494613480800414,6.082181311935063,0.25342422133062764,-2.4634726592175706,0.03545770624396904,0.20284849227156282,1.014242461357814,-0.1919995010781097,-0.019222009075696267,0.0,0.0,0.4329282719749452,13.336688271430067,0.5556953446429195,13.336688271430067,0.5556953446429195,13.336688271430067,0.5556953446429195,0.3460391785031258,0.0,0.0,0.15924078989409868,0.0,0.0,0.7349331333347369,0.0,561.0768192584429,0.01871805710000129,0.032
raceline_xy,20260415_212047_eb9da4db,1948,62.36799999999668,324.53793847177286,-173.88507548829085,6.082119480337571,0.04186628563667272,6.082263571975057,0.253427648832294,-2.4623592088679596,0.03479439161325846,0.20241129845651548,1.0120564922825774,-0.19197259289399016,-0.01912191392737128,0.0,0.0,0.43308426876713163,13.358566232686599,0.5566069263619416,13.358566232686599,0.5566069263619416,13.358566232686599,0.5566069263619416,0.34491715851471083,0.0,0.0,0.15976627749899475,0.0,0.0,0.7371651200406107,0.0,561.0027852224484,0.01924582755023525,0.032
raceline_xy,20260415_212047_eb9da4db,1949,62.39999999999667,324.3874841840721,-174.00855068146518,6.082185687778048,0.04191838858845198,6.082330136708626,0.25343042236285945,-2.461258960267031,0.034382358464165284,0.20213808087365842,1.010690404368292,-0.19195517346127833,-0.01902632655084613,0.0,0.0,0.4332403091046469,13.380692400590704,0.5575288500246126,13.380692400590704,0.5575288500246126,13.380692400590704,0.5575288500246126,0.3437870162587182,0.0,0.0,0.16028051772310234,0.0,0.0,0.739431490115118,0.0,560.9428769622358,0.019437932840382317,0.032
raceline_xy,20260415_212047_eb9da4db,1950,62.43199999999667,324.2371725084908,-174.1322017370364,6.082228442195189,0.04232156285689692,6.082375682061309,0.25343232008588784,-2.4601619185176142,0.0342804736686863,0.20204539340553712,1.0102269670276856,-0.19193715527170463,-0.01892604927386854,0.0,0.0,0.4333963931512024,13.40308526480354,0.5584618860334808,13.40308526480354,0.5584618860334808,13.40308526480354,0.5584618860334808,0.34264794289932476,0.0,0.0,0.16078900219129458,0.0,0.0,0.7417337858352792,0.0,560.9018861448218,0.019245428069338495,0.032
raceline_xy,20260415_212047_eb9da4db,1951,62.463999999996666,324.0870028882119,-174.25602685744084,6.082257589427915,0.04265331708984155,6.08240714599181,0.25343363108299205,-2.4590621141718536,0.034364554218355235,0.20031598297321626,1.0015799148660813,-0.1916516269223978,-0.018321622785791192,0.0,0.0,0.43347445161554105,13.414381750049344,0.5589325729187227,13.414381750049344,0.5589325729187227,13.414381750049344,0.5589325729187227,0.34207509918156864,0.0,0.0,0.16133592584482218,0.0,0.0,0.7393858049627282,0.0,560.8735686073709,0.0023712321639649953,0.032
raceline_xy,20260415_212047_eb9da4db,1952,62.49599999999666,323.93695982214774,-174.3800059035327,6.082273652842945,0.042078807426088716,6.082419207363289,0.25343413364013706,-2.4579438364877095,0.03493869607718138,0.19792345264920816,0.9896172632460407,-0.19160684148564178,-0.018188004816236614,0.0,0.0,0.433630601524717,13.437174900529104,0.559882287522046,13.437174900529104,0.559882287522046,13.437174900529104,0.559882287522046,0.3409228826634658,0.0,0.0,0.16203366601954494,0.0,0.0,0.7452399039697535,0.0,560.8627133730395,0.0172927780114712,0.032
raceline_xy,20260415_212047_eb9da4db,1953,62.52799999999666,323.78681114720854,-174.5038699292009,6.082594510246219,0.031439321798174547,6.082675760471914,0.2534448233529964,-2.4569955032131956,0.02967477237822063,0.19529914275944066,0.9764957137972032,-0.19173389738128366,-0.01821608555559706,0.0,0.0,0.43378679553645905,13.460235041956128,0.560843126748172,13.460235041956128,0.560843126748172,13.460235041956128,0.560843126748172,0.3397620749908534,0.0,0.0,0.1626413295705999,0.0,0.0,0.747504490216437,0.0,560.6318155752771,0.024591961637605058,0.032
raceline_xy,20260415_212047_eb9da4db,1954,62.559999999996656,323.63683216451,-174.6279458354231,6.082706906117856,0.034464698965115836,6.082804544057669,0.2534501893357362,-2.456098321094121,0.02807267960032867,0.19287011106958682,0.964350555347934,-0.1919074219216368,-0.01828692889259287,0.0,0.0,0.43394303380194826,13.483562258480163,0.5618150941033401,13.483562258480163,0.5618150941033401,13.483562258480163,0.5618150941033401,0.3385928144362822,0.0,0.0,0.16321496780632258,0.0,0.0,0.7499245240210393,0.0,560.5159103480979,0.026235114976800672,0.032
raceline_xy,20260415_212047_eb9da4db,1955,62.59199999999665,323.4871273418879,-174.7523483837846,6.082579937402931,0.041928645685572974,6.082724447665345,0.25344685198605604,-2.455134664094196,0.03012050249860267,0.1908009977455277,0.9540049887276384,-0.19200735429045412,-0.018282764123514816,0.0,0.0,0.4340993164688477,13.507157983411275,0.5627982493088032,13.507157983411275,0.5627982493088032,13.507157983411275,0.5627982493088032,0.33741517235198204,0.0,0.0,0.1638204999546053,0.0,0.0,0.7524176142024211,0.0,560.5879971011894,0.023094092647475268,0.032
raceline_xy,20260415_212047_eb9da4db,1956,62.62399999999665,323.3376703218986,-174.87703757746687,6.082321871686585,0.04721524641442931,6.082505127847487,0.2534377136603119,-2.4540577403691657,0.03363050616950206,0.18905761653302916,0.9452880826651457,-0.19198756149611285,-0.018156652969655962,0.0,0.0,0.4342556436813293,13.531022410876389,0.5637926004531829,13.531022410876389,0.5637926004531829,13.531022410876389,0.5637926004531829,0.33622928294124454,0.0,0.0,0.16448860852745517,0.0,0.0,0.75492938204579,0.0,560.7853849372616,0.0183150550371892,0.032
raceline_xy,20260415_212047_eb9da4db,1957,62.655999999996645,323.1883711107021,-175.00190706102435,6.082145631356759,0.04764623422218284,6.0823322537220585,0.2534305105717524,-2.4528981443739957,0.03620083577615044,0.18751892287234947,0.9375946143617473,-0.19188071098336312,-0.017938884487175955,0.0,0.0,0.4344119639197503,13.555151660054545,0.564797985835606,13.555151660054545,0.564797985835606,13.555151660054545,0.564797985835606,0.3350354818805923,0.0,0.0,0.16520354812339638,0.0,0.0,0.7574035347592861,0.0,560.9409716501469,0.014875886773569713,0.032
raceline_xy,20260415_212047_eb9da4db,1958,62.68799999999664,323.0391490254814,-175.12686800799554,6.082157379586311,0.044248350187834795,6.082318333213954,0.25342993055058144,-2.451724805028147,0.0366361409255626,0.18610592626353045,0.9305296313176522,-0.19175751829049892,-0.01769652854324688,0.0,0.0,0.43456769891188934,13.579511209925904,0.565812967080246,13.579511209925904,0.565812967080246,13.579511209925904,0.565812967080246,0.33383560743687113,0.0,0.0,0.16592280464906195,0.0,0.0,0.7598388042880656,0.0,560.953500107441,0.014252790656627573,0.032
raceline_xy,20260415_212047_eb9da4db,1959,62.71999999999664,322.88997475274454,-175.25189181456412,6.082303901047654,0.03985624983249769,6.082434485084917,0.25343477021187155,-2.450597235188674,0.03522240134633961,0.18470532618269378,0.9235266309134689,-0.1916780737748578,-0.017491009543647795,0.0,0.0,0.43472347920834875,13.604142994690829,0.5668392914454512,13.604142994690829,0.5668392914454512,13.604142994690829,0.5668392914454512,0.33262772678898056,0.0,0.0,0.16661737118003453,0.0,0.0,0.7623102777303482,0.0,560.8489634235741,0.016026722090333772,0.032
raceline_xy,20260415_212047_eb9da4db,1960,62.751999999996634,322.740872139799,-175.37700888060334,6.0824783262052025,0.03707338965335705,6.082591308396154,0.2534413045165064,-2.4495358452034885,0.03316954051271418,0.1833643575250401,0.9168217876252005,-0.1916621483637071,-0.017342732952727147,0.0,0.0,0.43487930562390725,13.62905036882622,0.5678770987010925,13.62905036882622,0.5678770987010925,13.62905036882622,0.5678770987010925,0.3314118230709657,0.0,0.0,0.16727276417944162,0.0,0.0,0.7648339941151251,0.0,560.7078224434612,0.01847359831824534,0.032
raceline_xy,20260415_212047_eb9da4db,1961,62.78399999999663,322.5918907231954,-175.5022764669645,6.082604476621077,0.03693910938029843,6.082716639529789,0.2534465266470745,-2.448521032379303,0.031719783700481965,0.18216772483716753,0.9108386241858376,-0.19168892927213088,-0.017232091516276693,0.0,0.0,0.43503517896948063,13.65423676521123,0.5689265318838013,13.65423676521123,0.5689265318838013,13.65423676521123,0.5689265318838013,0.33018787862681487,0.0,0.0,0.16789754368883592,0.0,0.0,0.7674120753335174,0.0,560.5950244231898,0.020031892980692856,0.032
raceline_xy,20260415_212047_eb9da4db,1962,62.81599999999663,322.44307043063753,-175.62773837723037,6.0826528391109616,0.03871094226828076,6.082776019071879,0.25344900079466165,-2.447515429061495,0.03142787099234186,0.18118381018670912,0.9059190509335455,-0.19172008726027112,-0.01712171333925383,0.0,0.0,0.4351911000521543,13.679705696704943,0.5699877373627059,13.679705696704943,0.5699877373627059,13.679705696704943,0.5699877373627059,0.3289558750226753,0.0,0.0,0.16851218002957605,0.0,0.0,0.770036523070555,0.0,560.5415828353084,0.02008424672427176,0.032
raceline_xy,20260415_212047_eb9da4db,1963,62.847999999996624,322.29442240730015,-175.75340425443747,6.082637262613272,0.040812956500152264,6.082774183376345,0.2534489243073477,-2.4464893997800434,0.032057352781819905,0.18043618018403718,0.9021809009201859,-0.19172570610447037,-0.016981251994553137,0.0,0.0,0.43534706967521697,13.705446039248045,0.5710602516353352,13.705446039248045,0.5710602516353352,13.705446039248045,0.5710602516353352,0.3277165000943998,0.0,0.0,0.16913401918746301,0.0,0.0,0.7726889444308722,0.0,560.5432349612892,0.019017459999804764,0.032
raceline_xy,20260415_212047_eb9da4db,1964,62.87999999999662,322.1459311023857,-175.87925402551514,6.08260424720104,0.04194878253369749,6.0827488957233955,0.25344787065514146,-2.445434880370403,0.03294036361389079,0.1799082467767897,0.8995412338839485,-0.1916983065286475,-0.016802129622311313,0.0,0.0,0.4355030886381943,13.731452576811499,0.5721438573671458,13.731452576811499,0.5721438573671458,13.731452576811499,0.5721438573671458,0.32647014917385997,0.0,0.0,0.16976825548617924,0.0,0.0,0.7753566098078483,0.0,560.5659938489437,0.01771714669879145,0.032
raceline_xy,20260415_212047_eb9da4db,1965,62.91199999999662,321.99757035463125,-176.0052573904239,6.082599881086876,0.041730741349391476,6.082743029930794,0.2534476262471164,-2.4443634048718383,0.03346808392235187,0.1795686060919443,0.8978430304597215,-0.19164992202158349,-0.016598530374168252,0.0,0.0,0.43565915773688185,13.757784199614914,0.5732410083172881,13.757784199614914,0.5732410083172881,13.757784199614914,0.5732410083172881,0.32521416220905586,0.0,0.0,0.17040968713972354,0.0,0.0,0.7780595409849831,0.0,560.5712730622853,0.01693836791355766,0.032
raceline_xy,20260415_212047_eb9da4db,1966,62.94399999999661,321.8493207389685,-176.1313930868067,6.082639709331632,0.04062625679388221,6.082775380225632,0.253448974176068,-2.4432940178501976,0.03340561732896889,0.1793969551249838,0.896984775624919,-0.1915997803706726,-0.016390560403205523,0.0,0.0,0.43581527776337914,13.784465876959345,0.574352744873306,13.784465876959345,0.574352744873306,13.784465876959345,0.574352744873306,0.3239475389743727,0.0,0.0,0.17104722546656492,0.0,0.0,0.7807952738796352,0.0,560.5421577969307,0.016931848254512764,0.032
raceline_xy,20260415_212047_eb9da4db,1967,62.97599999999661,321.7011782081699,-176.2576575480943,6.082708539157748,0.03945229434122499,6.082836481105782,0.25345152004607424,-2.442240622657195,0.03291079005767887,0.1793960738319644,0.8969803691598219,-0.19156181472411538,-0.016193184832007823,0.0,0.0,0.4359714495061234,13.811524609154215,0.5754801920480923,13.811524609154215,0.5754801920480923,13.811524609154215,0.5754801920480923,0.3226692065910126,0.0,0.0,0.17167210173017228,0.0,0.0,0.783576884462645,0.0,560.4871670047955,0.017454721046907023,0.032
raceline_xy,20260415_212047_eb9da4db,1968,63.007999999996606,321.5531517569648,-176.3840614152164,6.082780335666776,0.038826801751030704,6.082904251466451,0.25345434381110216,-2.441205831286789,0.03233327373161019,0.1795873120253447,0.8979365601267234,-0.1915383716765775,-0.01601007756164341,0.0,0.0,0.4361276737499236,13.838987948935333,0.5766244978723055,13.838987948935333,0.5766244978723055,13.838987948935333,0.5766244978723055,0.32137809155074937,0.0,0.0,0.17228204983977446,0.0,0.0,0.7864134014933095,0.0,560.4261736801934,0.018047333049790025,0.032
raceline_xy,20260415_212047_eb9da4db,1969,63.0399999999966,321.40525463778476,-176.51061932802725,6.082835748028382,0.03888928396996372,6.082960061836646,0.2534566692431936,-2.440182769543842,0.03196783480176078,0.17999691586332392,0.8999845793166196,-0.1915222218178565,-0.015835426386851648,0.0,0.0,0.43628395127599456,13.866884022702145,0.577786834279256,13.866884022702145,0.577786834279256,13.866884022702145,0.577786834279256,0.32007311977220176,0.0,0.0,0.17288073280678035,0.0,0.0,0.7893085544371272,0.0,560.3759443470183,0.018347283254061812,0.032
raceline_xy,20260415_212047_eb9da4db,1970,63.0719999999966,321.25749584197916,-176.63734050969796,6.08286933393577,0.039364284453555776,6.082996702335678,0.2534581959306533,-2.4391615276100875,0.03190964951680743,0.1791439862341575,0.8957199311707875,-0.19127909728554826,-0.015237494042555255,0.0,0.0,0.43636211026303684,13.881003286774902,0.5783751369489543,13.881003286774902,0.5783751369489543,13.881003286774902,0.5783751369489543,0.31941510181438915,0.0,0.0,0.1734201465463138,0.0,0.0,0.7864034717262723,0.0,560.3429678978893,0.002336138838381012,0.032
raceline_xy,20260415_212047_eb9da4db,1971,63.103999999996596,321.1098671102759,-176.76421343878798,6.082874961190578,0.039275313849700844,6.083001754377296,0.2534584064323873,-2.4381201625738242,0.0325345238354184,0.17689230361692618,0.8844615180846308,-0.19123763145968287,-0.015041620539229417,0.0,0.0,0.4365184691695134,13.909613242998908,0.5795672184582878,13.909613242998908,0.5795672184582878,13.909613242998908,0.5795672184582878,0.31808683290145456,0.0,0.0,0.1742530840422023,0.0,0.0,0.7937735699305359,0.0,560.3384210604331,0.01673895238052932,0.032
raceline_xy,20260415_212047_eb9da4db,1972,63.13599999999659,320.9621408154188,-176.89098367342476,6.083152522167837,0.029476804272305035,6.083223938829396,0.2534676641178915,-2.4372359211825483,0.027669821805884932,0.1744830104060033,0.8724150520300165,-0.19135394581167064,-0.015002252075186462,0.0,0.0,0.43667488329579784,13.93873122059599,0.5807804675248329,13.93873122059599,0.5807804675248329,13.93873122059599,0.5807804675248329,0.3167419188053562,0.0,0.0,0.17499911219250577,0.0,0.0,0.7967251562526997,0.0,560.1384550535433,0.02363175785481196,0.032
raceline_xy,20260415_212047_eb9da4db,1973,63.16799999999659,320.8145852747099,-177.01795777945705,6.083241451983708,0.032662267943676326,6.083329136819747,0.25347204736748946,-2.4363934833197787,0.02635887986305792,0.1724801966650974,0.862400983325487,-0.191506449274792,-0.015003203446717794,0.0,0.0,0.4368306751028426,13.968345289369442,0.5820143870570601,13.968345289369442,0.5820143870570601,13.968345289369442,0.5820143870570601,0.31538122217403775,0.0,0.0,0.17570410986042082,0.0,0.0,0.7998381212221387,0.0,560.0437768622277,0.024881526572909093,0.032
raceline_xy,20260415_212047_eb9da4db,1974,63.199999999996585,320.66729897507076,-177.14523988997433,6.08311229528537,0.03989768363804691,6.0832431335770005,0.2534684638990417,-2.4354815045572202,0.028502373600013408,0.17086542048512582,0.854327102425629,-0.1915815464920394,-0.014934797188027371,0.0,0.0,0.43698635788423046,13.99849971697034,0.5832708215404309,13.99849971697034,0.5832708215404309,13.99849971697034,0.5832708215404309,0.31400303394585194,0.0,0.0,0.17644905623938803,0.0,0.0,0.8030605363945795,0.0,560.1211797806991,0.021761868722690713,0.032
raceline_xy,20260415_212047_eb9da4db,1975,63.23199999999658,320.520250434456,-177.27278658618923,6.082872975144989,0.044795162526114485,6.0830379119593685,0.253459912998307,-2.43445978683806,0.03190320854844012,0.16955343036252968,0.8477671518126484,-0.19153978975379182,-0.014757263774374696,0.0,0.0,0.4371420984072663,14.029212450093357,0.5845505187538899,14.029212450093357,0.5845505187538899,14.029212450093357,0.5845505187538899,0.31260688331934405,0.0,0.0,0.17726670798680852,0.0,0.0,0.806333140131718,0.0,560.305879236568,0.017272351593294405,0.032
raceline_xy,20260415_212047_eb9da4db,1976,63.26399999999658,320.37335119957874,-177.40049761215388,6.082715276164788,0.045044014335748006,6.082882054923962,0.2534534189551651,-2.4333605493768893,0.03431388953216307,0.16842279374636518,0.8421139687318259,-0.19141538622547216,-0.014502802393864922,0.0,0.0,0.43729789789551504,14.060491925958502,0.5858538302482709,14.060491925958502,0.5858538302482709,14.060491925958502,0.5858538302482709,0.3111927479051193,0.0,0.0,0.17814002586872196,0.0,0.0,0.8096069187638416,0.0,560.4461505684338,0.0142761639966968,0.032
raceline_xy,20260415_212047_eb9da4db,1977,63.295999999996575,320.22652563488066,-177.52829278926865,6.082727502996058,0.041783083548899036,6.082871008148661,0.2534529586728609,-2.4322498921185858,0.03467744813534621,0.16737385210459788,0.8368692605229894,-0.19127607286718362,-0.014237492965425869,0.0,0.0,0.43745375757293486,14.092346815578797,0.5871811173157832,14.092346815578797,0.5871811173157832,14.092346815578797,0.5871811173157832,0.3097606051906614,0.0,0.0,0.17902845513481833,0.0,0.0,0.812896210059207,0.0,560.4560926662045,0.013972315750916536,0.032
raceline_xy,20260415_212047_eb9da4db,1978,63.32799999999657,320.07975046943386,-177.65615078303915,6.082854856719502,0.0378012623254822,6.0829723115718215,0.2534571796488259,-2.4311817748668734,0.03336437748004879,0.16638429803987984,0.8319214901993991,-0.19117624342599626,-0.01401527526916313,0.0,0.0,0.4376096786638725,14.124786030583262,0.5885327512743026,14.124786030583262,0.5885327512743026,14.124786030583262,0.5885327512743026,0.3083104325632262,0.0,0.0,0.17989691644042782,0.0,0.0,0.8162451555512903,0.0,560.3649195853602,0.0157334716045847,0.032
raceline_xy,20260415_212047_eb9da4db,1979,63.35999999999657,319.93305242842956,-177.78410372405685,6.08300165397125,0.03547997014423965,6.083105124070962,0.25346271350295674,-2.430172007967876,0.03155508584119005,0.16550484177857058,0.8275242088928528,-0.1911310211615862,-0.013849340397590115,0.0,0.0,0.4377656623930588,14.157760082066513,0.5899066700861048,14.157760082066513,0.5899066700861048,14.157760082066513,0.5899066700861048,0.3068448065665623,0.0,0.0,0.18073122708702336,0.0,0.0,0.8196537280240945,0.0,560.2453883361337,0.017986380321818533,0.032
raceline_xy,20260415_212047_eb9da4db,1980,63.391999999996564,319.7864787269274,-177.91220405595226,6.0831032856124745,0.03559700086222417,6.083207437684471,0.2534669765701863,-2.42920068443581,0.030358569843996146,0.16481539669553438,0.8240769834776719,-0.1911201395878277,-0.013722775596965775,0.0,0.0,0.43792170998560415,14.17935034761694,0.5908062644840392,14.17935034761694,0.5908062644840392,14.17935034761694,0.5908062644840392,0.3058897520577317,0.0,0.0,0.18127331867197802,0.0,0.0,0.8182331330636005,0.0,560.153306083976,0.01934939987968277,0.032
raceline_xy,20260415_212047_eb9da4db,1981,63.42399999999656,319.6400653079951,-178.04048965242396,6.0831358855973665,0.03736854116976085,6.083250661489432,0.25346877756205966,-2.4282334218862616,0.0302273144866868,0.16437760751606237,0.8218880375803118,-0.19110763783170448,-0.013601900931783817,0.0,0.0,0.4380778226669925,14.184305964193197,0.5910127485080499,14.184305964193197,0.5910127485080499,14.184305964193197,0.5910127485080499,0.3056710480186675,0.0,0.0,0.1814260733840208,0.0,0.0,0.8135395977087031,0.0,560.114404659511,0.01933156200519139,0.032
raceline_xy,20260415_212047_eb9da4db,1982,63.45599999999656,319.4938206085342,-178.1689671027806,6.083114163189068,0.0393354173125684,6.083241339733825,0.25346838915557607,-2.4272443078118995,0.030901784699594162,0.16421111851327586,0.8210555925663793,-0.19106732093978263,-0.013461374182224706,0.0,0.0,0.43823400166307797,14.189715016082474,0.591238125670103,14.189715016082474,0.591238125670103,14.189715016082474,0.591238125670103,0.30543254940814357,0.0,0.0,0.1815886350855826,0.0,0.0,0.8142341357225427,0.0,560.1227942395569,0.01834019660359246,0.032
raceline_xy,20260415_212047_eb9da4db,1983,63.48799999999655,319.34772892863253,-178.29761720715646,6.083080238918765,0.04035930290851697,6.0832141230155,0.25346725512564583,-2.426227517494403,0.031760084695570415,0.16429976156565576,0.8214988078282788,-0.19099368672882333,-0.013295944892884659,0.0,0.0,0.438390248200079,14.195591418618356,0.5914829757757648,14.195591418618356,0.5914829757757648,14.195591418618356,0.5914829757757648,0.3051737001346768,0.0,0.0,0.1817656575752605,0.0,0.0,0.8149702332816225,0.0,560.1472892860497,0.017195756522000092,0.032
raceline_xy,20260415_212047_eb9da4db,1984,63.51999999999655,319.20176600941494,-178.4264129895823,6.083073512521131,0.04015144080336919,6.083206021246919,0.25346691755195494,-2.425194573507804,0.032263302128085716,0.16461544859110372,0.8230772429555185,-0.1908987583965165,-0.013117713880903992,0.0,0.0,0.4385465635045737,14.201949352758525,0.5917478896982719,14.201949352758525,0.5917478896982719,14.201949352758525,0.5917478896982719,0.30489393974594137,0.0,0.0,0.18195037067239836,0.0,0.0,0.8157449760411332,0.0,560.1545808777729,0.0165631623819272,0.032
raceline_xy,20260415_212047_eb9da4db,1985,63.551999999996546,319.0559148652366,-178.55533658332575,6.083105675044426,0.03918191795195636,6.083231861145201,0.2534679942143834,-2.4241629395226543,0.03222534833763198,0.16514133845150883,0.8257066922575441,-0.19080032423078697,-0.01294472705586669,0.0,0.0,0.43870294880349536,14.208810641629437,0.5920337767345599,14.208810641629437,0.5920337767345599,14.208810641629437,0.5920337767345599,0.3045923799517576,0.0,0.0,0.18213172093169622,0.0,0.0,0.8165683770718863,0.0,560.1313249693187,0.016634445298367648,0.032
raceline_xy,20260415_212047_eb9da4db,1986,63.58399999999654,318.9101730443207,-178.6843861752103,6.08316218313085,0.03820078625312995,6.083282127794472,0.253470088658103,-2.4231447045821906,0.03181137978412951,0.16588162681919713,0.8294081340959856,-0.19071046750420884,-0.012789659723407176,0.0,0.0,0.4388594053241268,14.216190204033602,0.5923412585014001,14.216190204033602,0.5923412585014001,14.216190204033602,0.5923412585014001,0.30426844539375164,0.0,0.0,0.18230138215500538,0.0,0.0,0.8174483044710777,0.0,560.0860849849744,0.017162234707556224,0.032
raceline_xy,20260415_212047_eb9da4db,1987,63.61599999999654,318.7645497861984,-178.81357219078407,6.083219954481025,0.03774635972688012,6.0833370613725455,0.2534723775571894,-2.4221415046969703,0.03134508576996808,0.16685642972053844,0.8342821486026921,-0.19063055946882557,-0.012654738218248252,0.0,0.0,0.43901593429409624,14.22409417595928,0.59267059066497,14.22409417595928,0.59267059066497,14.22409417595928,0.59267059066497,0.30392195463656657,0.0,0.0,0.18245732462741635,0.0,0.0,0.818387778827713,0.0,560.0366447647086,0.01772313583443755,0.032
raceline_xy,20260415_212047_eb9da4db,1988,63.647999999996536,318.6190576199823,-178.94290792048255,6.083262381576246,0.03791291471081015,6.083380523376995,0.25347418847404146,-2.4211466291036583,0.03108584943447098,0.16773348747042824,0.8386674373521411,-0.19055355753305303,-0.012531009570167395,0.0,0.0,0.439171546334518,14.232472828186143,0.5930197011744226,14.232472828186143,0.5930197011744226,14.232472828186143,0.5930197011744226,0.30355517738870486,0.0,0.0,0.18262968478324795,0.0,0.0,0.8193648851206102,0.0,559.997528960704,0.017887373312139354,0.032
raceline_xy,20260415_212047_eb9da4db,1989,63.67999999999653,318.4737045696735,-179.0724012326336,6.083285314064261,0.03842479490321704,6.083406667088209,0.253475277795342,-2.4201509549477898,0.031109453919604887,0.16809519115878965,0.8404759557939482,-0.19028977643329448,-0.011972974001346781,0.0,0.0,0.43924935445281255,14.236863240807256,0.5932026350336357,14.236863240807256,0.5932026350336357,14.236863240807256,0.5932026350336357,0.30336320044992116,0.0,0.0,0.18288490556753423,0.0,0.0,0.8185560348325293,0.0,559.9739996206117,0.0017940033085688707,0.032
raceline_xy,20260415_212047_eb9da4db,1990,63.71199999999653,318.32848000476804,-179.20203853483198,6.08328444966428,0.038272212318392285,6.08340484085705,0.2534752017023771,-2.41913454610493,0.03175382932820631,0.16654116783218167,0.8327058391609083,-0.19018273439912647,-0.011836108505503429,0.0,0.0,0.4394050250499455,14.246050494781546,0.5935854372825644,14.246050494781546,0.5935854372825644,14.246050494781546,0.5935854372825644,0.3029619508896504,0.0,0.0,0.18328854801829964,0.0,0.0,0.8209735073027279,0.0,559.975643228655,0.016311229255184984,0.032
raceline_xy,20260415_212047_eb9da4db,1991,63.743999999996525,318.183151150271,-179.33156904258286,6.083549194351651,0.028393160157293984,6.083615452314548,0.25348397717977283,-2.4182764162246997,0.02685560421550118,0.16478185662946276,0.8239092831473138,-0.1902337284408988,-0.0118632064760531,0.0,0.0,0.43956076798646226,14.25578122280595,0.5939908842835813,14.25578122280595,0.5939908842835813,14.25578122280595,0.5939908842835813,0.30253766645370206,0.0,0.0,0.18360462658586685,0.0,0.0,0.8220194477058076,0.0,559.7860929169068,0.023358366084025643,0.032
raceline_xy,20260415_212047_eb9da4db,1992,63.77599999999652,318.0379945196475,-179.4612972548811,6.083631832426297,0.03162290426141512,6.083714020282715,0.2534880841784464,-2.417460490401762,0.02553229228212508,0.1632220456684038,0.8161102283420189,-0.1903203563613607,-0.01193818854708839,0.0,0.0,0.4397165830948915,14.266057450394541,0.5944190604331059,14.266057450394541,0.5944190604331059,14.266057450394541,0.5944190604331059,0.30209037810409267,0.0,0.0,0.18389473396021086,0.0,0.0,0.8232325182124528,0.0,559.6973817455564,0.024894928841866226,0.032
raceline_xy,20260415_212047_eb9da4db,1993,63.80799999999652,317.8931129408872,-179.59132826346894,6.083498934478632,0.03901098001398351,6.083624013888786,0.25348433391203273,-2.4165737833773573,0.027713176398493952,0.16201708069998927,0.8100854034999463,-0.19032732715471967,-0.01194806501201695,0.0,0.0,0.43987247021022025,14.27688136770832,0.5948700569878467,14.27688136770832,0.5948700569878467,14.27688136770832,0.5948700569878467,0.30162011647115605,0.0,0.0,0.1842300264720734,0.0,0.0,0.8245430791867926,0.0,559.7783875000925,0.02183713316427862,0.032
raceline_xy,20260415_212047_eb9da4db,1994,63.839999999996515,317.74847770509393,-179.7216228990498,6.083247455592251,0.044193390556442225,6.083407980872109,0.25347533253633786,-2.415572841967096,0.03125236472352921,0.16113319027960885,0.8056659513980442,-0.19021185991920664,-0.011847871353233508,0.0,0.0,0.44002842916991053,14.288220546120854,0.5953425227550356,14.288220546120854,0.5953425227550356,14.288220546120854,0.5953425227550356,0.301128418736198,0.0,0.0,0.18464166670073212,0.0,0.0,0.8258874475312535,0.0,559.9728172151014,0.017263468333384907,0.032
raceline_xy,20260415_212047_eb9da4db,1995,63.87199999999651,317.60399773918704,-179.85208148652265,6.083072338850087,0.044652388997374004,6.083236220592313,0.253468175858013,-2.4144888743324966,0.033833705836147546,0.16044996278216006,0.8022498139108003,-0.19000747230281068,-0.011668693694085075,0.0,0.0,0.44018445981391535,14.300086751677387,0.5958369479865578,14.300086751677387,0.5958369479865578,14.300086751677387,0.5958369479865578,0.3006149060035943,0.0,0.0,0.18511210835398673,0.0,0.0,0.8272300669012761,0.0,560.1274014669182,0.014146142394851909,0.032
raceline_xy,20260415_212047_eb9da4db,1996,63.90399999999651,317.45959316057724,-179.98262230167092,6.083069573822668,0.041449378134824855,6.08321078797331,0.25346711616555456,-2.4133893045992707,0.03432786121678277,0.159865004309474,0.79932502154737,-0.18978360165564157,-0.011479266495727725,0.0,0.0,0.44034056198469457,14.312500408249509,0.5963541836770628,14.312500408249509,0.5963541836770628,14.312500408249509,0.5963541836770628,0.30007883555405135,0.0,0.0,0.18559836915188446,0.0,0.0,0.8285868877795695,0.0,560.1502908240207,0.013777667723250682,0.032
raceline_xy,20260415_212047_eb9da4db,1997,63.935999999996504,317.3152380906321,-180.1132222157576,6.083186987662983,0.03741590547573237,6.083302053725,0.25347091890520834,-2.4123303866187955,0.033074705987719805,0.15935324084456623,0.7967662042228311,-0.18959633665594255,-0.011335659015026422,0.0,0.0,0.4404967355272317,14.325459970369327,0.5968941654320553,14.325459970369327,0.5968941654320553,14.325459970369327,0.5968941654320553,0.2995204236056801,0.0,0.0,0.18606304894141174,0.0,0.0,0.8299949763628287,0.0,560.0681516474995,0.01556465232469138,0.032
raceline_xy,20260415_212047_eb9da4db,1998,63.9679999999965,317.1709594612958,-180.2439125813464,6.0833272876132884,0.03502765135788488,6.083428130962023,0.2534761721234176,-2.411329673817338,0.031271073118111094,0.15896478523817886,0.7948239261908943,-0.18946255083627328,-0.01125524139345968,0.0,0.0,0.4406529802890492,14.338964486904462,0.5974568536210193,14.338964486904462,0.5974568536210193,14.338964486904462,0.5974568536210193,0.2989398660512328,0.0,0.0,0.18649175395323836,0.0,0.0,0.8314788615189614,0.0,559.9546821341788,0.017907474240734383,0.032
raceline_xy,20260415_212047_eb9da4db,1999,63.9999999999965,317.02680668425074,-180.37474637025173,6.083423684221094,0.035137974027809715,6.083525162186882,0.2534802150911201,-2.4103676734973263,0.03006679350323778,0.15878102908550595,0.7939051454275298,-0.18936159298221655,-0.011218338976378028,0.0,0.0,0.4408092961202251,14.353013172578287,0.5980422155240953,14.353013172578287,0.5980422155240953,14.353013172578287,0.5980422155240953,0.2983373569681991,0.0,0.0,0.18689397666326274,0.0,0.0,0.8330392050440505,0.0,559.8673540318055,0.019370206700329896,0.032
raceline_xy,20260415_212047_eb9da4db,2000,64.0319999999965,316.8828181965161,-180.50576273052877,6.083450297047177,0.036982822879010335,6.0835627099448475,0.2534817795810353,-2.409409268432513,0.029950040973616286,0.1588655440017019,0.7943277200085095,-0.1892574531812956,-0.011189653925127274,0.0,0.0,0.44096568287340915,14.367605407375642,0.5986502253073184,14.367605407375642,0.5986502253073184,14.367605407375642,0.5986502253073184,0.2977130885995485,0.0,0.0,0.18729096379018093,0.0,0.0,0.8346685667454585,0.0,559.8335610496368,0.019417802855968017,0.032
raceline_xy,20260415_212047_eb9da4db,2001,64.0639999999965,316.7390038730345,-180.63696944401508,6.083420383995712,0.03907224477902149,6.083545858192129,0.253481077424672,-2.408427419954281,0.030673741838084953,0.15923865186033132,0.7961932593016565,-0.18912284626078968,-0.011141968318792994,0.0,0.0,0.44112214040383896,14.382744629953208,0.5992810262480504,14.382744629953208,0.5992810262480504,14.382744629953208,0.5992810262480504,0.29706708539812654,0.0,0.0,0.1877005681910041,0.0,0.0,0.8363569516325612,0.0,559.8487276270836,0.0184449591629008,0.032
raceline_xy,20260415_212047_eb9da4db,2002,64.0959999999965,316.5953480082274,-180.76834789564276,6.083376293633421,0.04021834841456595,6.083509237725401,0.2534795515718917,-2.4074155353816806,0.03160522783454956,0.1598828826535401,0.7994144132677004,-0.18895149515917264,-0.011068511598383068,0.0,0.0,0.4412786685693555,14.398426482484236,0.5999344367701765,14.398426482484236,0.5999344367701765,14.398426482484236,0.5999344367701765,0.2963997100807596,0.0,0.0,0.18812779728655904,0.0,0.0,0.8380888300429229,0.0,559.8816860471384,0.017288626941545093,0.032
raceline_xy,20260415_212047_eb9da4db,2003,64.12799999999649,316.45182540207435,-180.89987105773557,6.083359084243753,0.04009682480942933,6.08349122652534,0.25347880110522253,-2.406385059667577,0.03218433846009426,0.16066564666593447,0.8033282333296723,-0.1887553556635564,-0.010979010847994797,0.0,0.0,0.44143475250475445,14.41461332324507,0.6006088884685447,14.41461332324507,0.6006088884685447,14.41461332324507,0.6006088884685447,0.2957127391786192,0.0,0.0,0.18857296496378045,0.0,0.0,0.8398451038130336,0.0,559.8978961271933,0.016631434974246132,0.032
raceline_xy,20260415_212047_eb9da4db,2004,64.15999999999649,316.30841806211777,-181.03152068712103,6.0833819238336435,0.03917129595226898,6.083508035800766,0.25347950149169857,-2.405353914891988,0.03220831330942201,0.16150370468918343,0.8075185234459171,-0.18855268933939184,-0.010891286207852513,0.0,0.0,0.4415903915744982,14.431306205871056,0.6013044252446273,14.431306205871056,0.6013044252446273,14.431306205871056,0.6013044252446273,0.29500630070803613,0.0,0.0,0.1890292630786859,0.0,0.0,0.8416432917590088,0.0,559.8827677793101,0.01662511187520039,0.032
raceline_xy,20260415_212047_eb9da4db,2005,64.19199999999648,316.1651229266218,-181.16329445560496,6.083430782936318,0.038200945046239276,6.083550723301287,0.2534812801375536,-2.4043348310939896,0.03183648767070616,0.16247826391798137,0.8123913195899068,-0.18835623289753523,-0.010819609467139113,0.0,0.0,0.4417460990965037,14.448545318772695,0.6020227216155289,14.448545318772695,0.6020227216155289,14.448545318772695,0.6020227216155289,0.2942788785582624,0.0,0.0,0.18948199643112326,0.0,0.0,0.8435083478895186,0.0,559.8443490288412,0.017176676443554802,0.032
raceline_xy,20260415_212047_eb9da4db,2006,64.22399999999648,316.02194835934375,-181.29520156551504,6.08348364464986,0.03771007042428165,6.083600521412771,0.2534833550588655,-2.4033306958596476,0.03137347975313342,0.16360545562917506,0.8180272781458753,-0.18816863227204728,-0.010766876653034885,0.0,0.0,0.44190187437175005,14.466334949078448,0.602763956211602,14.466334949078448,0.602763956211602,14.466334949078448,0.602763956211602,0.2935304894761943,0.0,0.0,0.18992835257218463,0.0,0.0,0.8454344058996106,0.0,559.7995307285055,0.01781167789420363,0.032
raceline_xy,20260415_212047_eb9da4db,2007,64.25599999999648,315.8789079502768,-181.42725598576442,6.083521614945499,0.037879324941135994,6.083639542475137,0.25348498093646404,-2.402335024911884,0.031110253622199983,0.16490753954122764,0.8245376977061382,-0.18798305292795536,-0.010726611996888735,0.0,0.0,0.44205771670311544,14.48467956635659,0.603528315264858,14.48467956635659,0.603528315264858,14.48467956635659,0.603528315264858,0.29276114967670486,0.0,0.0,0.1903718600656297,0.0,0.0,0.8474234611816941,0.0,559.7644117723767,0.01816755991446792,0.032
raceline_xy,20260415_212047_eb9da4db,2008,64.28799999999647,315.73601134179177,-181.55946698087175,6.083538803575981,0.038458270480583145,6.083660363069509,0.2534858484612295,-2.40133816234306,0.03114617141431543,0.16639987598155653,0.8319993799077826,-0.1877895814779551,-0.010689168166735818,0.0,0.0,0.4422136253953882,14.50358382652249,0.6043159927717704,14.50358382652249,0.6043159927717704,14.50358382652249,0.6043159927717704,0.29197087482922957,0.0,0.0,0.19081862520585208,0.0,0.0,0.8494734977479477,0.0,559.7456732374417,0.018141078164526918,0.032
raceline_xy,20260415_212047_eb9da4db,2009,64.31999999999647,315.5932601387316,-181.69183527169088,6.083541716762674,0.03903981268735768,6.083666980248542,0.2534861241770226,-2.400333429508261,0.0313898000506927,0.1659919803152633,0.8299599015763165,-0.1874545179078808,-0.010165652067077424,0.0,0.0,0.4422916044101363,14.513247329614458,0.6047186387339357,14.513247329614458,0.6047186387339357,14.513247329614458,0.6047186387339357,0.2915678915069453,0.0,0.0,0.19131502715230153,0.0,0.0,0.8475462314350183,0.0,559.7397177763119,0.001290997215084546,0.032
raceline_xy,20260415_212047_eb9da4db,2010,64.35199999999647,315.4506394091954,-181.82434331354543,6.083526162274846,0.0387517663289767,6.083649584458011,0.25348539935241715,-2.399304014443418,0.03215748200945284,0.16480309531282913,0.8240154765641456,-0.18721816733369812,-0.010099087945179885,0.0,0.0,0.44244761134445504,14.532938574986229,0.6055391072910928,14.532938574986229,0.6055391072910928,14.532938574986229,0.6055391072910928,0.2907488013667625,0.0,0.0,0.19203272459100648,0.0,0.0,0.8526385604255121,0.0,559.7553739877895,0.01630089937237125,0.032
raceline_xy,20260415_212047_eb9da4db,2011,64.38399999999646,315.30790126763316,-181.95673481209286,6.083794912577785,0.02832540051039789,6.083860852010129,0.2534942021670887,-2.3984390483639935,0.02707124904226316,0.16341026297201003,0.8170513148600501,-0.18714576940727268,-0.010200850709303655,0.0,0.0,0.442603682910084,14.553199440507306,0.6063833100211378,14.553199440507306,0.6063833100211378,14.553199440507306,0.6063833100211378,0.28990889877679304,0.0,0.0,0.1926562787693591,0.0,0.0,0.8547300196265203,0.0,559.5652331908838,0.023704623413090008,0.032
raceline_xy,20260415_212047_eb9da4db,2012,64.41599999999646,315.1653397329934,-182.08932111665825,6.083877993955754,0.03155767582669711,6.083959839795352,0.25349832665813965,-2.3976197451302195,0.025640439172355825,0.1622357013767437,0.8111785068837185,-0.18711152445651136,-0.010352303375946281,0.0,0.0,0.4427598184185874,14.57403682604026,0.6072515344183441,14.57403682604026,0.6072515344183441,14.57403682604026,0.6072515344183441,0.2890481314026303,0.0,0.0,0.19325028104046726,0.0,0.0,0.8569983709344118,0.0,559.4761441841831,0.025447782078070136,0.032
raceline_xy,20260415_212047_eb9da4db,2013,64.44799999999645,315.02306638401154,-182.22221206646907,6.083736277194733,0.03923813827970468,6.083862812551816,0.25349428385632566,-2.396728317029268,0.027861240140118607,0.16144459076503256,0.8072229538251627,-0.18699500914920453,-0.01043567139135515,0.0,0.0,0.4429160171834917,14.595456760984789,0.6081440317076995,14.595456760984789,0.6081440317076995,14.595456760984789,0.6081440317076995,0.2881664914351938,0.0,0.0,0.19389150749214776,0.0,0.0,0.8593718515786344,0.0,559.5634687033653,0.022393476217056917,0.032
raceline_xy,20260415_212047_eb9da4db,2014,64.47999999999645,314.8810533007391,-182.35537019027066,6.083464832017173,0.04474274496816388,6.083629367048672,0.2534845569603613,-2.395717887826624,0.031546761717210055,0.16100434051660162,0.8050217025830081,-0.1867499888277635,-0.010404092350608796,0.0,0.0,0.4430722785202966,14.617465508108765,0.6090610628378652,14.617465508108765,0.6090610628378652,14.617465508108765,0.6090610628378652,0.287263969825458,0.0,0.0,0.1946159137630805,0.0,0.0,0.8618004631609241,0.0,559.7735696561951,0.01769089517965496,0.032
raceline_xy,20260415_212047_eb9da4db,2015,64.51199999999645,314.7392051180296,-182.48869500064674,6.083268283580761,0.04538194056910161,6.083437558695695,0.25347656494565396,-2.3946191725127166,0.0342909199067688,0.16078942682678266,0.8039471341339133,-0.1864092377026516,-0.01028829575065604,0.0,0.0,0.4432286017464875,14.640069569450564,0.6100028987271068,14.640069569450564,0.6100028987271068,14.640069569450564,0.6100028987271068,0.28634055627758315,0.0,0.0,0.1954063151576645,0.0,0.0,0.8642302783443493,0.0,559.9461971738741,0.014433323381324858,0.032
raceline_xy,20260415_212047_eb9da4db,2016,64.54399999999644,314.59743677883796,-182.62210288130245,6.083252188672119,0.042182709657525574,6.083398439357574,0.25347493497323226,-2.393501470904493,0.03489089940303996,0.16069049836019067,0.8034524918009534,-0.18604382929686158,-0.010157596599159824,0.0,0.0,0.4433849861815467,14.663275699313289,0.6109698208047204,14.663275699313289,0.6109698208047204,14.663275699313289,0.6109698208047204,0.28539623896522714,0.0,0.0,0.19621708294556742,0.0,0.0,0.8666719891108807,0.0,559.9814045781828,0.014004186772969093,0.032
raceline_xy,20260415_212047_eb9da4db,2017,64.57599999999644,314.4557196503843,-182.75556914279417,6.083364742662166,0.038051346413879195,6.083483746771173,0.25347848944879886,-2.3924235698100507,0.03366554355521857,0.1606773893869484,0.8033869469347419,-0.1857130791211019,-0.010070797586041458,0.0,0.0,0.44354143114696576,14.687090859050748,0.6119621191271145,14.687090859050748,0.6119621191271145,14.687090859050748,0.6119621191271145,0.2844310066206104,0.0,0.0,0.19700742537577345,0.0,0.0,0.8691726829668845,0.0,559.9046279059438,0.015830119367886638,0.032
raceline_xy,20260415_212047_eb9da4db,2018,64.60799999999644,314.3140812444537,-182.88912473131728,6.083503817353723,0.0355721538910192,6.083607817232285,0.25348365905134523,-2.3914046391647084,0.03183934001464098,0.16079816290850016,0.8039908145425008,-0.18543547606367916,-0.010047085226693842,0.0,0.0,0.4436979359662573,14.711522282846527,0.6129800951186053,14.711522282846527,0.6129800951186053,14.711522282846527,0.6129800951186053,0.28344484611320375,0.0,0.0,0.1977613287386342,0.0,0.0,0.8717595800128934,0.0,559.792964490943,0.01827060580125534,0.032
raceline_xy,20260415_212047_eb9da4db,2019,64.63999999999643,314.17257364958044,-183.0228233436556,6.083598357666013,0.03567083697519724,6.083702933740858,0.2534876222392024,-2.390425278426928,0.030608970340565683,0.16108428263328356,0.8054214131664178,-0.18519042469356695,-0.010064412811179313,0.0,0.0,0.4438536634711437,14.73651114757618,0.6140212978156742,14.73651114757618,0.6140212978156742,14.73651114757618,0.6140212978156742,0.2824404032631147,0.0,0.0,0.19849134328413856,0.0,0.0,0.8744073094887844,0.0,559.7073596332277,0.01981452186463354,0.032
raceline_xy,20260415_212047_eb9da4db,2020,64.67199999999643,314.0312380523631,-183.15670530912678,6.083619981269627,0.03758978975041405,6.0837361110420085,0.25348900462675034,-2.389449334702247,0.030497654232884797,0.16157422116818568,0.8078711058409284,-0.18494083655808558,-0.010089141306501404,0.0,0.0,0.4440094045492145,14.762126936410276,0.6150886223504282,14.762126936410276,0.6150886223504282,14.762126936410276,0.6150886223504282,0.2814151632909576,0.0,0.0,0.19922409066765526,0.0,0.0,0.8771552578155041,0.0,559.6775000621919,0.019887568958265642,0.032
raceline_xy,20260415_212047_eb9da4db,2021,64.70399999999643,313.89008548235427,-183.2907790965734,6.083581670997354,0.039787045492452044,6.08371177462279,0.2534879906092829,-2.3884486541601424,0.031261172315663575,0.16228653474381086,0.8114326737190543,-0.18465829028183078,-0.010093270046164893,0.0,0.0,0.444165202407142,14.788381086808581,0.6161825452836909,14.788381086808581,0.6161825452836909,14.788381086808581,0.6161825452836909,0.28036897154523643,0.0,0.0,0.19997942459811105,0.0,0.0,0.8799742890368693,0.0,559.6994028394886,0.018917905499453453,0.032
raceline_xy,20260415_212047_eb9da4db,2022,64.73599999999642,313.7490996251113,-183.42502606313886,6.083527867058479,0.04101763580311868,6.0836661443346784,0.2534860893472783,-2.3874162343903897,0.03224535589670782,0.16319987917197812,0.8159993958598906,-0.18433610462197958,-0.010069810084406328,0.0,0.0,0.4443210561748027,14.815281836269271,0.617303409844553,14.815281836269271,0.617303409844553,14.815281836269271,0.617303409844553,0.27930181250502306,0.0,0.0,0.2007635891960406,0.0,0.0,0.8828506971730252,0.0,559.740470098789,0.01775026391273014,0.032
raceline_xy,20260415_212047_eb9da4db,2023,64.76799999999642,313.60825423573516,-183.55941915806403,6.083501665904613,0.040947802545289846,6.083639473341389,0.2534849780558912,-2.3863636141752576,0.03287456539905188,0.16427950470514546,0.8213975235257273,-0.1839863397010073,-0.01003031375886776,0.0,0.0,0.44447696498412637,14.842837700505356,0.6184515708543898,14.842837700505356,0.6184515708543898,14.842837700505356,0.6184515708543898,0.2782136699898494,0.0,0.0,0.20156977048578922,0.0,0.0,0.8857801667484122,0.0,559.7644739927495,0.017096361808401933,0.032
raceline_xy,20260415_212047_eb9da4db,2024,64.79999999999642,313.4675304851294,-183.69394006599452,6.083517375665077,0.040046584863238976,6.083649183588591,0.25348538264952464,-2.385309124603568,0.0329362100885789,0.16550167847558364,0.8275083923779182,-0.18362767524654355,-0.009993125805055403,0.0,0.0,0.4446329279691102,14.87105748157899,0.6196273950657912,14.87105748157899,0.6196273950657912,14.87105748157899,0.6196273950657912,0.27710452715976386,0.0,0.0,0.20238564666713177,0.0,0.0,0.8887690686343096,0.0,559.7557347702678,0.017179940181003734,0.032
raceline_xy,20260415_212047_eb9da4db,2025,64.83199999999641,313.326925306775,-183.82858661497343,6.083560517509893,0.03909857556691376,6.083686157981573,0.2534869232492322,-2.3842658713792773,0.03259046872594992,0.166864622775441,0.834323113877205,-0.1832732215092765,-0.00996954095447844,0.0,0.0,0.444788944265832,14.899903443156784,0.6208293101315326,14.899903443156784,0.6208293101315326,14.899903443156784,0.6208293101315326,0.27597619399892137,0.0,0.0,0.2032006438353457,0.0,0.0,0.8918083197275997,0.0,559.722457816584,0.017757064643220733,0.032
raceline_xy,20260415_212047_eb9da4db,2026,64.86399999999641,313.18644867285485,-183.96336926702594,6.083606399681104,0.038684079841862395,6.083729389467787,0.2534887245611578,-2.383236080863206,0.032173911130368035,0.168383819395222,0.84191909697611,-0.18292523531772664,-0.009963141635293216,0.0,0.0,0.44494501301246375,14.929418556856312,0.6220591065356796,14.929418556856312,0.6220591065356796,14.929418556856312,0.6220591065356796,0.274827321770446,0.0,0.0,0.20401299202601064,0.0,0.0,0.8949331907631244,0.0,559.6835494789914,0.018385860683835062,0.032
raceline_xy,20260415_212047_eb9da4db,2027,64.8959999999964,313.0461145400328,-184.09830174817213,6.083636612553992,0.038921926919145644,6.083761118749035,0.2534900466145431,-2.382213035469449,0.031964291703269435,0.17007888981198147,0.8503944490599072,-0.1825764132115113,-0.009967573945991681,0.0,0.0,0.4451011333492855,14.95962155051513,0.6233175646047971,14.95962155051513,0.6233175646047971,14.95962155051513,0.6233175646047971,0.27365753517903624,0.0,0.0,0.20482719902672264,0.0,0.0,0.8981387028628347,0.0,559.6549931258685,0.01872547945153125,0.032
raceline_xy,20260415_212047_eb9da4db,2028,64.9279999999964,312.905932278716,-184.23339262184606,6.083646054210739,0.03953924899855821,6.083774540951141,0.2534906058729642,-2.381187325048332,0.032046148942358584,0.1707522778525803,0.8537613892629015,-0.18214715785981817,-0.009457119735317487,0.0,0.0,0.44517921259593485,14.974983577241979,0.6239576490517491,14.974983577241979,0.6239576490517491,14.974983577241979,0.6239576490517491,0.2730648131085207,0.0,0.0,0.2054513479931095,0.0,0.0,0.8950261335067751,0.0,559.6429131439729,0.0013081452524553103,0.032
raceline_xy,20260415_212047_eb9da4db,2029,64.9599999999964,312.7658923154208,-184.36862999290503,6.083624254096348,0.03952599162170545,6.083752655149865,0.2534896939645777,-2.3801361188793395,0.03283837844620307,0.1697090937740083,0.8485454688700415,-0.1817577581479024,-0.009439430970838103,0.0,0.0,0.4453354087107113,15.00623400995693,0.6252597504148721,15.00623400995693,0.6252597504148721,15.00623400995693,0.6252597504148721,0.2718637389004943,0.0,0.0,0.2065661691293845,0.0,0.0,0.9030982536622201,0.0,559.6626103651214,0.017083866428872323,0.032
raceline_xy,20260415_212047_eb9da4db,2030,64.9919999999964,312.6257314787326,-184.50375202668323,6.083899417670896,0.028941097872257515,6.083968253655037,0.2534986772356265,-2.3792535003260245,0.02762628862345503,0.16846403320605172,0.8423201660302585,-0.18153481782443537,-0.00959429740187634,0.0,0.0,0.4454916542756904,15.038193606166516,0.6265914002569382,15.038193606166516,0.6265914002569382,15.038193606166516,0.6265914002569382,0.270641860257403,0.0,0.0,0.20758422379546573,0.0,0.0,0.9063883091812659,0.0,559.4685717104663,0.02472503260609607,0.032
raceline_xy,20260415_212047_eb9da4db,2031,65.02399999999639,312.48576219849406,-184.6390767887604,6.083974816933281,0.032546689550897234,6.0840618718154955,0.2535025779923123,-2.378413532968379,0.02628807116859874,0.16745405529265336,0.8372702764632668,-0.18134554549639015,-0.009795736428470647,0.0,0.0,0.4456479484386388,15.070871440563533,0.6279529766901472,15.070871440563533,0.6279529766901472,15.070871440563533,0.6279529766901472,0.26939921877466233,0.0,0.0,0.20857681321237234,0.0,0.0,0.90987671487998,0.0,559.3843153660537,0.026386557256044954,0.032
raceline_xy,20260415_212047_eb9da4db,2032,65.05599999999639,312.346100116165,-184.77471313634385,6.083807884830932,0.04062544110804378,6.083943524228036,0.2534976468428348,-2.3774941489241526,0.028733325251440834,0.16684434192880757,0.8342217096440377,-0.1810653852248465,-0.009921634790345912,0.0,0.0,0.4458042903494938,15.10427872990196,0.6293449470792484,15.10427872990196,0.6293449470792484,15.10427872990196,0.6293449470792484,0.2681357865151077,0.0,0.0,0.20962801924655255,0.0,0.0,0.9134899469010581,0.0,559.4908281947675,0.023082252625555008,0.032
raceline_xy,20260415_212047_eb9da4db,2033,65.08799999999638,312.20671240511143,-184.91061942079335,6.083505462881031,0.04628937094413299,6.083681568159674,0.2534867320066531,-2.376448878985043,0.03263134044968167,0.16659371746214696,0.8329685873107348,-0.18064860439725283,-0.009925478707879076,0.0,0.0,0.44596067916037796,15.138425432509216,0.6307677263545507,15.138425432509216,0.6307677263545507,15.138425432509216,0.6307677263545507,0.2668515958188986,0.0,0.0,0.2107764077282544,0.0,0.0,0.9171723484067352,0.0,559.7265886562927,0.018157031147673655,0.032
raceline_xy,20260415_212047_eb9da4db,2034,65.11999999999638,312.06749627367253,-185.04669178430137,6.083289997887155,0.04683106029665307,6.083470255257472,0.25347792730239466,-2.3753120561253382,0.03547700657418944,0.16659159108077284,0.8329579554038642,-0.18013171115131943,-0.009840841878539397,0.0,0.0,0.4461169008206974,15.173301522188247,0.6322208967578437,15.173301522188247,0.6322208967578437,15.173301522188247,0.6322208967578437,0.2655474362405714,0.0,0.0,0.21199941930408264,0.0,0.0,0.9208581087327821,0.0,559.9167702682746,0.014826633492102396,0.032
raceline_xy,20260415_212047_eb9da4db,2035,65.15199999999638,311.9283620377927,-185.18284586450633,6.0832711463977205,0.043418757678581166,6.083426093009875,0.25347608720874476,-2.374156929072816,0.03605695738064923,0.16671559527261748,0.8335779763630874,-0.1795897869258618,-0.00974009770748907,0.0,0.0,0.4462727026472095,15.20889507474785,0.6337039614478271,15.20889507474785,0.6337039614478271,15.20889507474785,0.6337039614478271,0.2642241623172983,0.0,0.0,0.2132466403784057,0.0,0.0,0.92455821506931,0.0,559.9565162911124,0.014490841253041061,0.032
raceline_xy,20260415_212047_eb9da4db,2036,65.18399999999637,311.78928120163016,-185.3190585441251,6.083388872058693,0.039126887838225155,6.083514698103346,0.2534797790876394,-2.373044323163512,0.03474853816680181,0.16685977163010243,0.8342988581505121,-0.17908416807055394,-0.009685642926027693,0.0,0.0,0.44642854813300453,15.245260374100347,0.6352191822541812,15.245260374100347,0.6352191822541812,15.245260374100347,0.6352191822541812,0.26288018138143876,0.0,0.0,0.21448142921881264,0.0,0.0,0.9283492888796482,0.0,559.8767717069883,0.016478237528214607,0.032
raceline_xy,20260415_212047_eb9da4db,2037,65.21599999999637,311.6502849683962,-185.45536339477698,6.083532153807913,0.03663862488825709,6.083642482530384,0.253485103438766,-2.37199283910695,0.032856437634034744,0.16707296824034504,0.8353648412017252,-0.17863270583914392,-0.00969609845316688,0.0,0.0,0.44658443619747923,15.282410756250052,0.6367671148437521,15.282410756250052,0.6367671148437521,15.282410756250052,0.6367671148437521,0.26151545147398725,0.0,0.0,0.21568730009536233,0.0,0.0,0.9322476208865808,0.0,559.7617657226541,0.019040539430010283,0.032
raceline_xy,20260415_212047_eb9da4db,2038,65.24799999999637,311.5114295124429,-185.59181597367225,6.083625428741884,0.036859750654056,6.083737091496735,0.2534890454790306,-2.3709809989521684,0.03162392022957821,0.16743718762217158,0.8371859381108578,-0.17821266208212805,-0.009750006655842913,0.0,0.0,0.4467403657619728,15.320359989747462,0.6383483329061442,15.320359989747462,0.6383483329061442,15.320359989747462,0.6383483329061442,0.26012993006011387,0.0,0.0,0.21687626050911413,0.0,0.0,0.936255237092778,0.0,559.6766176529383,0.020632984392839566,0.032
raceline_xy,20260415_212047_eb9da4db,2039,65.27999999999636,311.37275810484545,-185.7284568197246,6.083639441512658,0.03894130379005567,6.083764071647529,0.2534901696519804,-2.3699707426975376,0.03156917792000424,0.16801439590384273,0.8400719795192136,-0.17778501478427122,-0.009809327959615644,0.0,0.0,0.4468963357497818,15.359122290978473,0.6399634287907697,15.359122290978473,0.6399634287907697,15.359122290978473,0.6399634287907697,0.2587235740383562,0.0,0.0,0.2180744678213874,0.0,0.0,0.9403652515513308,0.0,559.6523355172234,0.020690333851564994,0.032
raceline_xy,20260415_212047_eb9da4db,2040,65.31199999999636,311.23428161442274,-185.8652936142136,6.083589341095776,0.04126495302788591,6.083729289460745,0.25348872039419773,-2.368933056025761,0.03241592319013115,0.16881975764831825,0.8440987882415912,-0.17732049064607303,-0.00984489846680292,0.0,0.0,0.4470523450861739,15.398707606023201,0.6416128169176334,15.398707606023201,0.6416128169176334,15.398707606023201,0.6416128169176334,0.2572965098678677,0.0,0.0,0.21930394372505818,0.0,0.0,0.944564133724531,0.0,559.683639485329,0.019651444064970193,0.032
raceline_xy,20260415_212047_eb9da4db,2041,65.34399999999636,311.0959821775412,-186.00230676990282,6.083523671791221,0.04255274009407062,6.083672492905388,0.25348635387105783,-2.3678611696488927,0.033476369022658686,0.1698281249874498,0.8491406249372491,-0.17681268758793012,-0.009848791145585789,0.0,0.0,0.44720839269840207,15.439100648481613,0.6432958603534006,15.439100648481613,0.6432958603534006,15.439100648481613,0.6432958603534006,0.2558497769290753,0.0,0.0,0.2205709864644733,0.0,0.0,0.9488279620938492,0.0,559.7347563851508,0.018426050504197163,0.032
raceline_xy,20260415_212047_eb9da4db,2042,65.37599999999635,310.9578314921606,-186.13946832802878,6.083489425018471,0.04246666494457463,6.083637645516298,0.2534849018965124,-2.366767750933528,0.03414720716936402,0.1710004883370697,0.8550024416853486,-0.1762748455008878,-0.009834982377299628,0.0,0.0,0.4473644775157194,15.480352300315335,0.6450146791798056,15.480352300315335,0.6450146791798056,15.480352300315335,0.6450146791798056,0.25438205626761423,0.0,0.0,0.22186887534917762,0.0,0.0,0.9531767818322334,0.0,559.7661190353317,0.01776019367183344,0.032
raceline_xy,20260415_212047_eb9da4db,2043,65.40799999999635,310.8198096231777,-186.2767597582168,6.083501444333388,0.04151869109435857,6.083643121100761,0.25348513004586504,-2.3656722981789224,0.03421450346636538,0.17230995830043178,0.8615497915021588,-0.1757267643548186,-0.009822947184221498,0.0,0.0,0.4475205984693931,15.522475039819472,0.6467697933258113,15.522475039819472,0.6467697933258113,15.522475039819472,0.6467697933258113,0.2528934325220815,0.0,0.0,0.22318400513683787,0.0,0.0,0.9576060049280509,0.0,559.7611910093148,0.01787659734730207,0.032
raceline_xy,20260415_212047_eb9da4db,2044,65.43999999999635,310.68191377387643,-186.41417935562828,6.083543175899399,0.040542268627698164,6.083678266359721,0.25348659443165505,-2.364588483234204,0.03385684195838376,0.17375308185140462,0.8687654092570231,-0.1751821103511153,-0.009826334564472905,0.0,0.0,0.4476767544927198,15.565483847580037,0.6485618269825015,15.565483847580037,0.6485618269825015,15.565483847580037,0.6485618269825015,0.25138391743555655,0.0,0.0,0.22450607282975588,0.0,0.0,0.9621280220725624,0.0,559.7295602762508,0.018505934563462625,0.032
raceline_xy,20260415_212047_eb9da4db,2045,65.47199999999634,310.54415507409516,-186.5517383224996,6.083587379925033,0.04014262152055803,6.083719819259075,0.25348832580246144,-2.363518369309208,0.0334332427992798,0.17534456988015765,0.8767228494007882,-0.17464265027973935,-0.009847185304367567,0.0,0.0,0.44783294452103967,15.609394221422754,0.6503914258926148,15.609394221422754,0.6503914258926148,15.609394221422754,0.6503914258926148,0.2498535218304445,0.0,0.0,0.22583290998341934,0.0,0.0,0.966750772359005,0.0,559.692162666832,0.01917760767406938,0.032
raceline_xy,20260415_212047_eb9da4db,2046,65.50399999999634,310.4065486839459,-186.68945094507964,6.0836140579573215,0.04043238818410266,6.083748415589703,0.25348951731623764,-2.362454653497837,0.03323452965177883,0.17710327759871342,0.885516387993567,-0.17410070664266586,-0.009878174502732318,0.0,0.0,0.44798916749175177,15.654222195149803,0.6522592581312417,15.654222195149803,0.6522592581312417,15.654222195149803,0.6522592581312417,0.24830225561031583,0.0,0.0,0.22716957364362672,0.0,0.0,0.9714767096128315,0.0,559.6664259692669,0.01953543220303225,0.032
raceline_xy,20260415_212047_eb9da4db,2047,65.53599999999633,310.2691045983101,-186.82732593739195,6.083617931747421,0.04111366894226531,6.0837568552049035,0.253489868966871,-2.3613873663659657,0.033344526077789975,0.17855423512433338,0.8927711756216669,-0.17353983628591862,-0.009359635749201178,0.0,0.0,0.44806729099900866,15.676985443910365,0.6532077268295985,15.676985443910365,0.6532077268295985,15.676985443910365,0.6532077268295985,0.24751879886362138,0.0,0.0,0.22803007577828505,0.0,0.0,0.966840508139766,0.0,559.6588303155864,0.0011584480133060293,0.032
raceline_xy,20260415_212047_eb9da4db,2048,65.56799999999633,310.13181234238124,-186.9653507361189,6.083587275354736,0.04111812199211373,6.083726229607494,0.2534885929003123,-2.3602925303793665,0.034200470075737836,0.17763951350241264,0.8881975675120631,-0.17295225814841908,-0.00936507499003758,0.0,0.0,0.4482235613954726,15.723235676858504,0.6551348198691044,15.723235676858504,0.6551348198691044,15.723235676858504,0.6551348198691044,0.24593574625618864,0.0,0.0,0.22970762812069753,0.0,0.0,0.9787742035733341,0.0,559.6863933532547,0.01780076929783512,0.032
raceline_xy,20260415_212047_eb9da4db,2049,65.59999999999633,309.9943884679397,-187.10325485312904,6.083881839078244,0.029962810823694674,6.083955621295946,0.2534981508873311,-2.3593751453984275,0.028717088425001716,0.1765040170603288,0.882520085301644,-0.1725391264133771,-0.009551652478142714,0.0,0.0,0.4483798620869319,15.770449280032707,0.6571020533346962,15.770449280032707,0.6571020533346962,15.770449280032707,0.6571020533346962,0.24433174261827917,0.0,0.0,0.23128448988271022,0.0,0.0,0.9836454383042368,0.0,559.4799408336484,0.02587349029425294,0.032
raceline_xy,20260415_212047_eb9da4db,2050,65.63199999999632,309.8571693262463,-187.24136706061364,6.083958814340942,0.033775499972996226,6.084052567080208,0.2535021902950087,-2.3585024069821037,0.02731604639645617,0.1756701934005342,0.8783509670026709,-0.17216040068391436,-0.009785603956379507,0.0,0.0,0.44853592572921924,15.790435875935788,0.6579348281639912,15.790435875935788,0.6579348281639912,15.790435875935788,0.6579348281639912,0.24365636088093812,0.0,0.0,0.232159023900973,0.0,0.0,0.9771474632388332,0.0,559.392689627812,0.02763938544532984,0.032
raceline_xy,20260415_212047_eb9da4db,2051,65.66399999999632,309.72027962229936,-187.37979970319378,6.083770016598557,0.042313606533735726,6.083917163814896,0.25349654849228737,-2.3575454818282378,0.029906749044508206,0.1752591413542685,0.8762957067713425,-0.17168461705873428,-0.009938441099218043,0.0,0.0,0.44869184941386214,15.808922453319362,0.65870510222164,15.808922453319362,0.65870510222164,15.808922453319362,0.65870510222164,0.24303357759081656,0.0,0.0,0.23304395486533838,0.0,0.0,0.9785948926137189,0.0,559.5145525665929,0.02423083439937753,0.032
raceline_xy,20260415_212047_eb9da4db,2052,65.69599999999632,309.58368424317393,-187.51850958720982,6.083431742030023,0.048311239811479556,6.083623569537367,0.2534843153973903,-2.3564553365977012,0.03403037542152699,0.17517631633246838,0.8758815816623419,-0.17106351561486388,-0.009961745872623773,0.0,0.0,0.44884779991339047,15.82809122481386,0.6595038010339108,15.82809122481386,0.6595038010339108,15.82809122481386,0.6595038010339108,0.24238974285556658,0.0,0.0,0.23403978927578853,0.0,0.0,0.9807842871761319,0.0,559.7787874163695,0.019057524221873116,0.032
raceline_xy,20260415_212047_eb9da4db,2053,65.72799999999631,309.4472736863285,-187.65739047247357,6.083186721099529,0.04894793414637588,6.083383645967007,0.2534743185819586,-2.355267484659464,0.037066566309163614,0.17527613012239818,0.8763806506119909,-0.17033488230222105,-0.009891055925534076,0.0,0.0,0.44900377607902947,15.84794814112723,0.6603311725469679,15.84794814112723,0.6603311725469679,15.84794814112723,0.6603311725469679,0.24172485905090513,0.0,0.0,0.2351249898094871,0.0,0.0,0.9829721474845268,0.0,559.9947186296929,0.015524168805999609,0.032
raceline_xy,20260415_212047_eb9da4db,2054,65.75999999999631,309.3109513566809,-187.7963554343372,6.083157849934271,0.0454036195900942,6.0833272898874045,0.25347197041197517,-2.3540589273698203,0.037722082560727475,0.17543269992137744,0.8771634996068872,-0.16957765443829542,-0.009803397014640947,0.0,0.0,0.44915977676394986,15.868499414511735,0.6611874756046556,15.868499414511735,0.6611874756046556,15.868499414511735,0.6611874756046556,0.24103892812031313,0.0,0.0,0.23624327096825576,0.0,0.0,0.9851719245453429,0.0,560.0454391013355,0.01512581133227256,0.032
raceline_xy,20260415_212047_eb9da4db,2055,65.7919999999963,309.17468583278554,-187.93538017276026,6.08328075670952,0.04089392074153819,6.083418206707966,0.25347575861283195,-2.352894142806548,0.036376493589361465,0.17560793419444173,0.8780396709722086,-0.16885686510293985,-0.00976327174000513,0.0,0.0,0.4493158008232832,15.889751525042538,0.6620729802101057,15.889751525042538,0.6620729802101057,15.889751525042538,0.6620729802101057,0.2403319515584874,0.0,0.0,0.23734481803965693,0.0,0.0,0.9874398715495727,0.0,559.96361396283,0.01719556593874626,0.032
raceline_xy,20260415_212047_eb9da4db,2056,65.8239999999963,309.0385098766973,-188.07449871615657,6.083433544173245,0.03824966557117149,6.083553790613554,0.25348140794223145,-2.351793456375808,0.03439332082534402,0.17584952166138476,0.8792476083069237,-0.16819206572123369,-0.009790798567501646,0.0,0.0,0.44947184711413707,15.911712055486483,0.6629880023119368,15.911712055486483,0.6629880023119368,15.911712055486483,0.6629880023119368,0.23960390298273548,0.0,0.0,0.2384107516501441,0.0,0.0,0.9898079640156567,0.0,559.8415884478006,0.019908360206138075,0.032
raceline_xy,20260415_212047_eb9da4db,2057,65.8559999999963,308.90248374421657,-188.21376824018904,6.0835324857142865,0.038455894243231814,6.083654030312958,0.2534855845963732,-2.3507347763221667,0.03308786453032349,0.17624099357579714,0.8812049678789857,-0.16755997835751035,-0.009863727752851936,0.0,0.0,0.4496279144956105,15.934382757874157,0.6639326149114232,15.934382757874157,0.6639326149114232,15.934382757874157,0.6639326149114232,0.23885495747590513,0.0,0.0,0.23945390145854675,0.0,0.0,0.9922754136186437,0.0,559.7513727183377,0.021619615993130843,0.032
raceline_xy,20260415_212047_eb9da4db,2058,65.8879999999963,308.76665449515866,-188.3532309597118,6.083544405175072,0.04064707515510868,6.08368019495236,0.2534866747896817,-2.3496780294024093,0.03302187059479604,0.17684582160562595,0.8842291080281297,-0.16691949521690397,-0.009942364308618945,0.0,0.0,0.44978400182880934,15.957772653656722,0.6649071939023634,15.957772653656722,0.6649071939023634,15.957772653656722,0.6649071939023634,0.23808505771235877,0.0,0.0,0.24050351047233098,0.0,0.0,0.9948363193939693,0.0,559.7278245428754,0.021712655893491726,0.032
raceline_xy,20260415_212047_eb9da4db,2059,65.91999999999629,308.6310345017407,-188.49289528690434,6.083484976938749,0.043121878950352244,6.083637806533494,0.2534849086055622,-2.348592300840359,0.03391608681580289,0.17767847662837039,0.8883923831418519,-0.1662394703281298,-0.009995777131087014,0.0,0.0,0.44994010797686235,15.981888425060124,0.6659120177108385,15.981888425060124,0.6659120177108385,15.981888425060124,0.6659120177108385,0.23729423287064266,0.0,0.0,0.24158447125455937,0.0,0.0,0.9974762361785955,0.0,559.7659741198553,0.02063568982751108,0.032
raceline_xy,20260415_212047_eb9da4db,2060,65.95199999999629,308.49560497717505,-188.63274130428806,6.083407309972415,0.044519642544896154,6.08357020980264,0.25348209207511,-2.3474700459849718,0.03504833009241215,0.17871065308645873,0.8935532654322936,-0.16551279696902066,-0.01001640546575322,0.0,0.0,0.4500962318049365,16.006737047606666,0.6669473769836111,16.006737047606666,0.6669473769836111,16.006737047606666,0.6669473769836111,0.2364825114187794,0.0,0.0,0.24270489908891732,0.0,0.0,1.0,0.0,559.8268111776235,0.01934563096680632,0.032
raceline_xy,20260415_212047_eb9da4db,2061,65.98399999999629,308.36033550933524,-188.77274018832912,6.083363698054241,0.04446599188701983,6.083526206669835,0.2534802586112431,-2.3463243805849503,0.03577754196992441,0.17989894128561643,0.899494706428082,-0.16475325419344466,-0.010017349181929536,0.0,0.0,0.4502523721802532,16.03232579690807,0.6680135748711695,16.03232579690807,0.6680135748711695,16.03232579690807,0.6680135748711695,0.23564992111187388,0.0,0.0,0.24385660269799989,0.0,0.0,1.0,0.0,559.8664139971481,0.018636483924997373,0.032
raceline_xy,20260415_212047_eb9da4db,2062,66.01599999999628,308.2252044141603,-188.91287266085857,6.083371261074941,0.04348951608273266,6.083526710558738,0.25348027960661407,-2.345175871728423,0.03587043151750214,0.18121241660355536,0.9060620830177768,-0.16398187714105372,-0.010019159711869285,0.0,0.0,0.4504085279721046,16.05866444891097,0.6691110187046238,16.05866444891097,0.6691110187046238,16.05866444891097,0.6691110187046238,0.2347964180691351,0.0,0.0,0.24502458101843597,0.0,0.0,1.0,0.0,559.8659604971353,0.018753090586386717,0.032
raceline_xy,20260415_212047_eb9da4db,2063,66.04799999999628,308.0902084120041,-189.05313677455743,6.083412140113797,0.042468697050869864,6.083560376680183,0.2534816823616743,-2.344039111831707,0.03550989590018504,0.18264496025949054,0.9132248012974526,-0.1632133400704392,-0.01003641403913269,0.0,0.0,0.4505646980518695,16.085762111908693,0.6702400879961955,16.085762111908693,0.6702400879961955,16.085762111908693,0.6702400879961955,0.23392199052830787,0.0,0.0,0.24619734669319987,0.0,0.0,1.0,0.0,559.8356609878346,0.019417770274379638,0.032
raceline_xy,20260415_212047_eb9da4db,2064,66.07999999999628,307.95535935637577,-189.1935439961388,6.0834562692133,0.04204912092364044,6.083601590176748,0.2534833995906978,-2.3429164738761354,0.035073647365965625,0.18421001211258933,0.9210500605629466,-0.16244978788870412,-0.010071469935056143,0.0,0.0,0.4507208812930297,16.113622135828525,0.6714009223261885,16.113622135828525,0.6714009223261885,16.113622135828525,0.6714009223261885,0.23302682168861022,0.0,0.0,0.24737221780592047,0.0,0.0,1.0,0.0,559.7985688409262,0.02013459949458912,0.032
raceline_xy,20260415_212047_eb9da4db,2065,66.11199999999627,307.8206736304395,-189.33410910621026,6.083481355120877,0.042358266065351646,6.083628820104609,0.2534845341710254,-2.3418003630747535,0.03487108038736217,0.18590671368882256,0.9295335684441127,-0.1616833113238738,-0.010116482302208407,0.0,0.0,0.4508770130034677,16.1422451672059,0.6725935486335791,16.1422451672059,0.6725935486335791,16.1422451672059,0.6725935486335791,0.23211118815072496,0.0,0.0,0.24855649914949013,0.0,0.0,1.0,0.0,559.7740619058513,0.020524009641386516,0.032
raceline_xy,20260415_212047_eb9da4db,2066,66.14399999999627,307.6861621777254,-189.47484121750205,6.083481304739847,0.04308684065756241,6.083633886170097,0.25348474525708736,-2.3406802550318044,0.03499425386788383,0.18772386708145122,0.9386193354072561,-0.16090319047368684,-0.010160759595936764,0.0,0.0,0.4510330471785138,16.1716346542617,0.6738181105942376,16.1716346542617,0.6738181105942376,16.1716346542617,0.6738181105942376,0.231175282923215,0.0,0.0,0.249760835059156,0.0,0.0,1.0,0.0,559.7695024469122,0.020580795055082115,0.032
raceline_xy,20260415_212047_eb9da4db,2067,66.17599999999626,307.5518264573443,-189.6157405855705,6.083465030685087,0.043788169214668216,6.083622620062119,0.25348427583592165,-2.3395493610126854,0.03532851195861401,0.18763530564001485,0.9381765282000742,-0.16016692141971145,-0.009613439522876632,0.0,0.0,0.4511110679864648,16.186624590945417,0.6744426912893924,16.186624590945417,0.6744426912893924,16.186624590945417,0.6744426912893924,0.23069957842122069,0.0,0.0,0.2507788770260721,0.0,0.0,1.0,0.0,559.7796419440924,0.0008179468273529049,0.032
raceline_xy,20260415_212047_eb9da4db,2068,66.20799999999626,307.4176494404737,-189.75678911210127,6.083422042483976,0.04352629465652891,6.083577753699416,0.2534824064041423,-2.3383876256865452,0.03628748529007488,0.1870412548000637,0.9352062740003184,-0.1593296963796953,-0.009621631415261511,0.0,0.0,0.45126711632585165,16.217201261496232,0.6757167192290097,16.217201261496232,0.6757167192290097,16.217201261496232,0.6757167192290097,0.22973266454086527,0.0,0.0,0.25233038580681943,0.0,0.0,1.0,0.0,559.8200216705254,0.01852819844334396,0.032
raceline_xy,20260415_212047_eb9da4db,2069,66.23999999999626,307.2833216600897,-189.89770529005415,6.083750789998785,0.03136198533062462,6.083831625623339,0.25349298440097245,-2.3374174809180532,0.030370771679765752,0.18617406261396616,0.9308703130698307,-0.15868121840358151,-0.009825142089233019,0.0,0.0,0.4514231726748269,16.248582482744357,0.6770242701143482,16.248582482744357,0.6770242701143482,16.248582482744357,0.6770242701143482,0.2287450755905298,0.0,0.0,0.25376524625177377,0.0,0.0,1.0,0.0,559.5915369389946,0.027260426200573163,0.032
raceline_xy,20260415_212047_eb9da4db,2070,66.27199999999625,307.1492115816257,-190.03883351040673,6.083839026685141,0.03526848350781853,6.083941252884198,0.2534975522035083,-2.3364986057053407,0.028763307101336455,0.18552453769891036,0.9276226884945518,-0.15807348096917995,-0.010083677603110353,0.0,0.0,0.45157923588905796,16.280779177221458,0.6783657990508941,16.280779177221458,0.6783657990508941,16.280779177221458,0.6783657990508941,0.2277368087551359,0.0,0.0,0.2551689824490055,0.0,0.0,1.0,0.0,559.4928724042211,0.029308866977267634,0.032
raceline_xy,20260415_212047_eb9da4db,2071,66.30399999999625,307.0154587649128,-190.18029376618037,6.083629428071941,0.04438629740441247,6.08379134763021,0.25349130615125876,-2.3354923490285975,0.03144965868917483,0.18527609214793747,0.9263804607396873,-0.15736503081747477,-0.010258614128513699,0.0,0.0,0.45173530482621177,16.313802663842417,0.6797417776601007,16.313802663842417,0.6797417776601007,16.313802663842417,0.6797417776601007,0.2267078605969699,0.0,0.0,0.2566479320862169,0.0,0.0,1.0,0.0,559.6277871328109,0.025708987831598626,0.032
raceline_xy,20260415_212047_eb9da4db,2072,66.33599999999625,306.8820278798116,-190.32204308615616,6.083245272734459,0.05091393771444075,6.0834583320098226,0.2534774305004093,-2.334343987759402,0.03584602862482931,0.1853776258349066,0.926888129174533,-0.15650232039753043,-0.010295462822582202,0.0,0.0,0.45189137834597093,16.34767466656613,0.6811531111069221,16.34767466656613,0.6811531111069221,16.34767466656613,0.6811531111069221,0.2256579180046585,0.0,0.0,0.2582538779921221,0.0,0.0,1.0,0.0,559.9275011911593,0.020185264459220507,0.032
raceline_xy,20260415_212047_eb9da4db,2073,66.36799999999624,306.748799222548,-190.46397036216996,6.082962210367873,0.05169839859873315,6.0831818957829356,0.253465912324289,-2.3330902810579985,0.039118491427796796,0.18566936325097513,0.9283468162548756,-0.15552500515484535,-0.010230919876117017,0.0,0.0,0.4520474553100504,16.382401491266744,0.6826000621361143,16.382401491266744,0.6826000621361143,16.382401491266744,0.6826000621361143,0.2245871609353065,0.0,0.0,0.2599647006862913,0.0,0.0,1.0,0.0,560.1762937953577,0.01638393731112749,0.032
raceline_xy,20260415_212047_eb9da4db,2074,66.39999999999624,306.6156663786459,-190.6059844323495,6.082922405120358,0.04796869640003987,6.083111537901434,0.2534629807458931,-2.331813203287041,0.039857967648984506,0.1860120728882589,0.9300603644412945,-0.15451661313523424,-0.010146824084060757,0.0,0.0,0.4522035345822141,16.417990346827867,0.6840829311178278,16.417990346827867,0.6840829311178278,16.417990346827867,0.6840829311178278,0.22349575066080307,0.0,0.0,0.26171931875880333,0.0,0.0,1.0,0.0,560.2396158887088,0.01592492399210324,0.032
raceline_xy,20260415_212047_eb9da4db,2075,66.43199999999624,306.4825940032897,-190.7480593976238,6.0830549570396135,0.04315985097453412,6.08320806672765,0.25346700278031875,-2.330581973899436,0.03845000655767264,0.18636072314993257,0.9318036157496629,-0.15354706244210536,-0.010112392076154997,0.0,0.0,0.4523596150282914,16.45445379594672,0.6856022414977799,16.45445379594672,0.6856022414977799,16.45445379594672,0.6856022414977799,0.22238369506974198,0.0,0.0,0.26346235322690914,0.0,0.0,1.0,0.0,560.1527399451146,0.018118422483194466,0.032
raceline_xy,20260415_212047_eb9da4db,2076,66.46399999999623,306.3496171948985,-190.8902302958247,6.0832224154193035,0.04031446595854016,6.083355999086803,0.2534731666286168,-2.3294188718414004,0.036343325789491746,0.18676261025858404,0.9338130512929201,-0.1526379016669157,-0.010149899941345186,0.0,0.0,0.4525156955161947,16.491804851089114,0.6871585354620464,16.491804851089114,0.6871585354620464,16.491804851089114,0.6871585354620464,0.22125100151494292,0.0,0.0,0.2651722442833303,0.0,0.0,1.0,0.0,560.0196008218771,0.021021853244342453,0.032
raceline_xy,20260415_212047_eb9da4db,2077,66.49599999999623,306.2168016478361,-191.03255662589865,6.083330102279709,0.0405112439437203,6.083464990791706,0.2534777079496544,-2.328300703684527,0.03494738050795686,0.18730407383435835,0.9365203691717917,-0.151764604662036,-0.010236151357638779,0.0,0.0,0.45267177491593535,16.53005698915602,0.6887523745481675,16.53005698915602,0.6887523745481675,16.53005698915602,0.6887523745481675,0.2200976768156475,0.0,0.0,0.26686313880281576,0.0,0.0,1.0,0.0,559.9215082874645,0.022870636748619267,0.032
raceline_xy,20260415_212047_eb9da4db,2078,66.52799999999623,306.0841991018878,-191.17508256393006,6.083340156427739,0.042844619842340226,6.083491030671098,0.2534787929446291,-2.3271847348940096,0.03487251259598802,0.18805061406184556,0.9402530703092278,-0.15088341645659487,-0.010328408858819138,0.0,0.0,0.45282785209964194,16.56922417359137,0.690384340566307,16.56922417359137,0.690384340566307,16.56922417359137,0.690384340566307,0.21892372705871388,0.0,0.0,0.2685677437290969,0.0,0.0,1.0,0.0,559.8980723960113,0.022992293683923967,0.032
raceline_xy,20260415_212047_eb9da4db,2079,66.55999999999622,305.95182356330884,-191.3178171258227,6.0832695099953344,0.04550114438499486,6.083439675494384,0.25347665314559936,-2.326037749663972,0.03582897017560558,0.18901568139841798,0.9450784069920899,-0.14996088851152,-0.010393453667939756,0.0,0.0,0.4529839259415772,16.609320763512063,0.6920550318130027,16.609320763512063,0.6920550318130027,16.609320763512063,0.6920550318130027,0.21772916078508997,0.0,0.0,0.2703146382531457,0.0,0.0,1.0,0.0,559.9442920550538,0.021855416684625237,0.032
raceline_xy,20260415_212047_eb9da4db,2080,66.59199999999622,305.81965486251346,-191.46073973475464,6.083177640264932,0.047018919618352584,6.083359350048401,0.2534733062520167,-2.3248514262804285,0.0370479167506008,0.1901670442021103,0.9508352210105515,-0.14898915957359815,-0.010422961058648372,0.0,0.0,0.45313999531815546,16.65036177402907,0.6937650739178779,16.65036177402907,0.6937650739178779,16.65036177402907,0.6937650739178779,0.21651398171536096,0.0,0.0,0.2721139161687314,0.0,0.0,1.0,0.0,560.016584956439,0.020480098725699322,0.032
raceline_xy,20260415_212047_eb9da4db,2081,66.62399999999622,305.6876598602185,-191.60382042090967,6.083123776625726,0.046985849207215935,6.0833052325010755,0.2534710513542115,-2.3236396146609852,0.037841664156558256,0.19146550214332075,0.9573275107166037,-0.1479827866684582,-0.010430991176023419,0.0,0.0,0.4532961135714191,16.69237005049359,0.6955154187705662,16.69237005049359,0.6955154187705662,16.69237005049359,0.6955154187705662,0.21527797898892054,0.0,0.0,0.2739563703480438,0.0,0.0,1.0,0.0,560.0652907490316,0.019719127662600717,0.032
raceline_xy,20260415_212047_eb9da4db,2082,66.65599999999621,305.5558147424309,-191.74703906412662,6.083127729049895,0.045958559582092384,6.083301337031941,0.2534708890429975,-2.3224242869179825,0.037955963686239075,0.19287728877892638,0.9643864438946318,-0.14696424406728958,-0.010439456561583071,0.0,0.0,0.4534522600831683,16.735359921959343,0.6973066634149726,16.735359921959343,0.6973066634149726,16.735359921959343,0.6973066634149726,0.21402121097378224,0.0,0.0,0.27582546027167454,0.0,0.0,1.0,0.0,560.068796671253,0.020013998331234472,0.032
raceline_xy,20260415_212047_eb9da4db,2083,66.68799999999621,305.4241158657687,-191.89039367537708,6.0831697961748965,0.04488079759247743,6.083335356125541,0.2534723065052309,-2.321221311226063,0.037577353613758656,0.19438908461479648,0.9719454230739824,-0.14594948717612155,-0.010464117042353838,0.0,0.0,0.4536083988430334,16.779344561248035,0.6991393567186681,16.779344561248035,0.6991393567186681,16.779344561248035,0.6991393567186681,0.21274378424566587,0.0,0.0,0.27770887789107185,0.0,0.0,1.0,0.0,560.0381794870123,0.020745166618332787,0.032
raceline_xy,20260415_212047_eb9da4db,2084,66.7199999999962,305.2925789652648,-192.03389862591078,6.083211429417332,0.04454947335118531,6.0833745528752,0.2534739397031333,-2.3200315794715927,0.037168520406473546,0.19601713493754133,0.9800856746877066,-0.14493910601438165,-0.010505892262091532,0.0,0.0,0.4537645287845248,16.8243423757619,0.7010142656567458,16.8243423757619,0.7010142656567458,16.8243423757619,0.7010142656567458,0.211445668706153,0.0,0.0,0.27960532290157153,0.0,0.0,1.0,0.0,560.0029024123197,0.02145376491914237,0.032
raceline_xy,20260415_212047_eb9da4db,2085,66.7519999999962,305.16122156141154,-192.17756885561116,6.083230477456247,0.044965328178828035,6.083396659974655,0.25347486083227727,-2.3188465023954823,0.03702405931483534,0.19777888412707498,0.9888944206353748,-0.14392418202776724,-0.010556220852016462,0.0,0.0,0.4539206488432417,16.87037242488231,0.7029321843700962,16.87037242488231,0.7029321843700962,16.87037242488231,0.7029321843700962,0.21012683355584327,0.0,0.0,0.2815217740291527,0.0,0.0,1.0,0.0,559.9830060228102,0.021794911572984577,0.032
raceline_xy,20260415_212047_eb9da4db,2086,66.7839999999962,305.0300539536239,-192.32141231329012,6.083222953029154,0.04575056680524625,6.083394990515061,0.2534747912714609,-2.3176555801938843,0.03720460983174725,0.1989721669809655,0.9948608349048275,-0.14301697408134695,-0.009984472245348819,0.0,0.0,0.45399870483451,16.893780677960002,0.7039075282483335,16.893780677960002,0.7039075282483335,16.893780677960002,0.7039075282483335,0.20945963630978692,0.0,0.0,0.28282230607282427,0.0,0.0,1.0,0.0,559.9845085364444,0.0009509086953051367,0.032
raceline_xy,20260415_212047_eb9da4db,2087,66.8159999999962,304.89906265051746,-192.46541423489273,6.083174485719445,0.04571949584806534,6.083346290982343,0.2534727621242643,-2.3164328281087467,0.03819341698313575,0.19842854514623398,0.9921427257311699,-0.14194886997998957,-0.01000302645256168,0.0,0.0,0.4541548080779256,16.94139620604075,0.7058915085850312,16.94139620604075,0.7058915085850312,16.94139620604075,0.7058915085850312,0.2081096652303076,0.0,0.0,0.28512502639339465,0.0,0.0,1.0,0.0,560.0283381158911,0.01981079271114675,0.032
raceline_xy,20260415_212047_eb9da4db,2088,66.84799999999619,304.76791257010547,-192.60928358726343,6.083534165435289,0.033050067676290595,6.08362394046442,0.2534843308526842,-2.3154114473719822,0.031977641491164915,0.19759334076168703,0.9879667038084351,-0.14108107516676727,-0.010228060790880011,0.0,0.0,0.454310898786816,16.99013476258905,0.7079222817745437,16.99013476258905,0.7079222817745437,16.99013476258905,0.7079222817745437,0.2067377691236354,0.0,0.0,0.28730859464752917,0.0,0.0,1.0,0.0,559.7784535820213,0.029006728273452295,0.032
raceline_xy,20260415_212047_eb9da4db,2089,66.87999999999619,304.63700184386863,-192.753375691007,6.083623049969649,0.03736376660048624,6.083737787345588,0.25348907447273283,-2.314440977468566,0.030379782704218126,0.19698348194246793,0.9849174097123395,-0.14025425453472007,-0.010508187585412276,0.0,0.0,0.45446697590422713,17.039984710819567,0.7099993629508153,17.039984710819567,0.7099993629508153,17.039984710819567,0.7099993629508153,0.2053448635387327,0.0,0.0,0.28946792637048,0.0,0.0,1.0,0.0,559.6759913889704,0.031056357179349042,0.032
raceline_xy,20260415_212047_eb9da4db,2090,66.91199999999618,304.50647906017855,-192.89781160684973,6.083377331351171,0.04707467041994784,6.083559466315132,0.25348164442979715,-2.3133748951061337,0.03331810537261674,0.19678728835886278,0.9839364417943138,-0.13931857648359935,-0.010696707018219342,0.0,0.0,0.4546230383753714,17.09096104239621,0.7121233767665087,17.09096104239621,0.7121233767665087,17.09096104239621,0.7121233767665087,0.20393112182398232,0.0,0.0,0.2917228057344136,0.0,0.0,1.0,0.0,559.8364803163812,0.02714288235815204,0.032
raceline_xy,20260415_212047_eb9da4db,2091,66.94399999999618,304.3763034747164,-193.04254414902877,6.082940048363081,0.05392761851570693,6.083179088274339,0.25346579534476416,-2.3121569748111988,0.038014050882022664,0.1969447971607319,0.9847239858036595,-0.1382187710470819,-0.010737405779404519,0.0,0.0,0.45477908514764576,17.143086211084235,0.7142952587951764,17.143086211084235,0.7142952587951764,17.143086211084235,0.7142952587951764,0.2024965280746902,0.0,0.0,0.29413183217942146,0.0,0.0,1.0,0.0,560.1788205530943,0.02126341916313159,0.032
raceline_xy,20260415_212047_eb9da4db,2092,66.97599999999618,304.246344354021,-193.18745770519868,6.082622116870009,0.054652894509098715,6.082867642445824,0.25345281843524264,-2.310827964441409,0.04146452340299598,0.1972831741314168,0.9864158706570839,-0.13699828318576746,-0.01067104350063941,0.0,0.0,0.4549351151706497,17.196383471134133,0.7165159779639222,17.196383471134133,0.7165159779639222,17.196383471134133,0.7165159779639222,0.20104106621320383,0.0,0.0,0.2966709089655325,0.0,0.0,1.0,0.0,560.4591217987581,0.017278836760772798,0.032
raceline_xy,20260415_212047_eb9da4db,2093,67.00799999999617,304.1164870379367,-193.33245914880322,6.082579030705878,0.05062819498942206,6.082789728316338,0.25344957201318075,-2.309475573654808,0.04220588829929984,0.1976537970108797,0.9882689850543985,-0.13574711766117042,-0.010585341220461952,0.0,0.0,0.4550911273962032,17.25087715705187,0.7187865482104946,17.25087715705187,0.7187865482104946,17.25087715705187,0.7187865482104946,0.19956471332971448,0.0,0.0,0.2992712100518801,0.0,0.0,1.0,0.0,560.5292445152954,0.016865668199196517,0.032
raceline_xy,20260415_212047_eb9da4db,2094,67.03999999999617,303.98669477973027,-193.47752346768488,6.082727353021608,0.04553023532767497,6.082897751362113,0.2534540729734214,-2.308172849094376,0.04068160706363268,0.19800910185726447,0.9900455092863223,-0.13453902977773202,-0.010553356565270011,0.0,0.0,0.455247120778365,17.30659655390074,0.7211081897458641,17.30659655390074,0.7211081897458641,17.30659655390074,0.7211081897458641,0.19806733729937376,0.0,0.0,0.3018710575192419,0.0,0.0,1.0,0.0,560.432023774098,0.019247838907502108,0.032
raceline_xy,20260415_212047_eb9da4db,2095,67.07199999999617,303.85700698052807,-193.62268819373193,6.0829122158412385,0.042571765572454456,6.083061185032954,0.2534608827097064,-2.3069424304750026,0.03844668909119896,0.19839917581485825,0.9919958790742912,-0.13339585341499083,-0.010597739832650444,0.0,0.0,0.45540309427345077,17.363564199049435,0.7234818416270598,17.363564199049435,0.7234818416270598,17.363564199049435,0.7234818416270598,0.19654901278621795,0.0,0.0,0.3044467236493462,0.0,0.0,1.0,0.0,560.2849334703409,0.02234261188565739,0.032
raceline_xy,20260415_212047_eb9da4db,2096,67.10399999999616,303.72749534131924,-193.7680151641754,6.083028225878492,0.042855659749517105,6.083179185623829,0.25346579940099284,-2.305758816158047,0.036992901855228716,0.1989144991191258,0.9945724955956289,-0.13229065865992107,-0.010692999562039507,0.0,0.0,0.45555904684005205,17.42180745998284,0.7259086441659517,17.42180745998284,0.7259086441659517,17.42180745998284,0.7259086441659517,0.19500970907382698,0.0,0.0,0.30701492863687024,0.0,0.0,1.0,0.0,560.1787329385538,0.02428415333040715,0.032
raceline_xy,20260415_212047_eb9da4db,2097,67.13599999999616,303.5982155796619,-193.9135494736467,6.083033894332777,0.0453829935791088,6.083203183825738,0.2534667993260724,-2.304576330415478,0.03695056562916645,0.19963528612409598,0.9981764306204799,-0.1311766914757655,-0.010794635995286406,0.0,0.0,0.45571526155730147,17.481399405012237,0.7283916418755099,17.481399405012237,0.7283916418755099,17.481399405012237,0.7283916418755099,0.19344822916220084,0.0,0.0,0.309612956449276,0.0,0.0,1.0,0.0,560.1571345568356,0.024458117825495243,0.032
raceline_xy,20260415_212047_eb9da4db,2098,67.16799999999616,303.4691821606381,-194.05929956841337,6.082949584752316,0.0482173920835427,6.083140682865859,0.2534641951194108,-2.303360052526708,0.03799229391779128,0.2005828686890523,1.0029143434452614,-0.13001879753155166,-0.010866787509993703,0.0,0.0,0.4558715005191525,17.542333891149298,0.7309305787978874,17.542333891149298,0.7309305787978874,17.542333891149298,0.7309305787978874,0.1918654924409955,0.0,0.0,0.31227161299327033,0.0,0.0,1.0,0.0,560.2133854207264,0.02336835100205704,0.032
raceline_xy,20260415_212047_eb9da4db,2099,67.19999999999615,303.3403739643776,-194.2052446690121,6.082840798492167,0.04986713139128218,6.083045200439827,0.2534602166849928,-2.3021010299932163,0.03931639676536334,0.20172185040323184,1.0086092520161591,-0.12880849815215356,-0.010900334863090944,0.0,0.0,0.4560277156105959,17.604634827168557,0.7335264511320232,17.604634827168557,0.7335264511320232,17.604634827168557,0.7335264511320232,0.19026164367021448,0.0,0.0,0.3150034226585046,0.0,0.0,1.0,0.0,560.2993196041555,0.021893072289011526,0.032
raceline_xy,20260415_212047_eb9da4db,2100,67.23199999999615,303.21175687696723,-194.3513552827895,6.082771467657631,0.04993087950550512,6.082976394864438,0.25345734978601825,-2.300812857891435,0.04022369871237282,0.20300155558912872,1.0150077779456435,-0.12756010321192024,-0.010908899419924012,0.0,0.0,0.456183905940766,17.66833464076085,0.7361806100317021,17.66833464076085,0.7361806100317021,17.66833464076085,0.7361806100317021,0.1886366341141552,0.0,0.0,0.3178009404835548,0.0,0.0,1.0,0.0,560.3612446220051,0.021019575834679064,0.032
raceline_xy,20260415_212047_eb9da4db,2101,67.26399999999614,303.08330417481534,-194.49760992270112,6.082767862560351,0.04888993303714262,6.082964334545238,0.2534568472727183,-2.2995189672546337,0.04040694751933043,0.20438193382610154,1.0219096691305076,-0.12629759449449063,-0.010915938624184385,0.0,0.0,0.4563400706210978,17.733467002674487,0.7388944584447703,17.733467002674487,0.7388944584447703,17.733467002674487,0.7388944584447703,0.1869904144634016,0.0,0.0,0.3206464678290027,0.0,0.0,1.0,0.0,560.3720989092852,0.02108804592365123,0.032
raceline_xy,20260415_212047_eb9da4db,2102,67.29599999999614,302.95501024851757,-194.64400525719856,6.082809981220602,0.047721495018808735,6.082997173164213,0.2534582155485089,-2.2982370086512267,0.04004231008787505,0.20585057072031235,1.0292528536015617,-0.12503874642995116,-0.010939129577075324,0.0,0.0,0.4564962087653442,17.800067263795082,0.741669469324795,17.800067263795082,0.741669469324795,17.800067263795082,0.741669469324795,0.18532292539164974,0.0,0.0,0.3235255225323192,0.0,0.0,1.0,0.0,560.3425441522076,0.02182301957105316,0.032
raceline_xy,20260415_212047_eb9da4db,2103,67.32799999999614,302.8268881787574,-194.79055295225135,6.082859522229193,0.047197125640710436,6.083042621570484,0.2534601092321035,-2.296970895664197,0.03955380915600012,0.20741867360724506,1.0370933680362253,-0.123788247870396,-0.010983854269087434,0.0,0.0,0.45665231948959456,17.868236434273054,0.7445098514280439,17.868236434273054,0.7445098514280439,17.868236434273054,0.7445098514280439,0.18363252072242586,0.0,0.0,0.3264354519947415,0.0,0.0,1.0,0.0,560.3016405865642,0.022664452840049778,0.032
raceline_xy,20260415_212047_eb9da4db,2104,67.35999999999613,302.69895759147505,-194.93726908291111,6.0828864820201485,0.04751280577922312,6.083072038029508,0.2534613349178962,-2.295712660765508,0.039309833054631774,0.20910492467747827,1.0455246233873912,-0.12253754556930962,-0.011041552305615099,0.0,0.0,0.45680840191229194,17.93798224585883,0.7474159269107846,17.93798224585883,0.7474159269107846,17.93798224585883,0.7474159269107846,0.18191993069562562,0.0,0.0,0.32938302674103676,0.0,0.0,1.0,0.0,560.2751657734424,0.023157222422495304,0.032
raceline_xy,20260415_212047_eb9da4db,2105,67.39199999999613,302.57123243545124,-195.08416414191888,6.082881168764594,0.04834690245991613,6.083073296968267,0.2534613873736778,-2.2944502589119065,0.03943818793318122,0.21091986529510406,1.0545993264755202,-0.12127360260970343,-0.011099378042739971,0.0,0.0,0.45696445515425177,18.00931025895984,0.7503879274566599,18.00931025895984,0.7503879274566599,18.00931025895984,0.7503879274566599,0.18018594505149554,0.0,0.0,0.3323802778799046,0.0,0.0,1.0,0.0,560.2740327285596,0.023169387308065253,0.032
raceline_xy,20260415_212047_eb9da4db,2106,67.42399999999613,302.44371539889767,-195.2312390174627,6.082853552208219,0.049186206492421114,6.083052409812138,0.25346051707550576,-2.2931753228307628,0.039826437071737705,0.21111071922758862,1.055553596137943,-0.12016168245801273,-0.010486170621388347,0.0,0.0,0.457042470558363,18.030111753743114,0.7512546564059631,18.030111753743114,0.7512546564059631,18.030111753743114,0.7512546564059631,0.17968355031519012,0.0,0.0,0.3340589783620328,0.0,0.0,1.0,0.0,560.292831169075,0.0006603718862798827,0.032
raceline_xy,20260415_212047_eb9da4db,2107,67.45599999999612,302.31638514299317,-195.37847296320163,6.082792992777232,0.04888394226933457,6.082989415804666,0.2534578923251944,-2.291865398852015,0.04091406409833349,0.21080782593278422,1.054039129663921,-0.11883489672791692,-0.01050294212159697,0.0,0.0,0.4571984783859793,18.06826513759585,0.7528443807331605,18.06826513759585,0.7528443807331605,18.06826513759585,0.7528443807331605,0.17876590485275345,0.0,0.0,0.3365201581192372,0.0,0.0,1.0,0.0,560.3495257758004,0.020816660164851383,0.032
raceline_xy,20260415_212047_eb9da4db,2108,67.48799999999612,302.18887364333284,-195.5255633438492,6.083204315401455,0.03502955645706063,6.083305171758561,0.25347104882327337,-2.2907741315846533,0.034169167895482536,0.21016272215729417,1.0508136107864707,-0.11772547536745526,-0.010742698706424747,0.0,0.0,0.45735445484539505,18.10755145044416,0.7544813104351733,18.10755145044416,0.7544813104351733,18.10755145044416,0.7544813104351733,0.1778261582434113,0.0,0.0,0.33884085215827486,0.0,0.0,1.0,0.0,560.0653454172945,0.030804580539366317,0.032
raceline_xy,20260415_212047_eb9da4db,2109,67.51999999999612,302.0616188653775,-195.6728815262002,6.083310561575208,0.03947394856482411,6.083438631332428,0.25347660963885116,-2.2897416247736224,0.03232656329883174,0.20973247356989827,1.0486623678494913,-0.11666473057505478,-0.011045556615060903,0.0,0.0,0.45751039906587315,18.147964623981284,0.7561651926658869,18.147964623981284,0.7561651926658869,18.147964623981284,0.7561651926658869,0.1768648656090699,0.0,0.0,0.3411253406312553,0.0,0.0,1.0,0.0,559.9452318008142,0.03317925347788996,0.032
raceline_xy,20260415_212047_eb9da4db,2110,67.55199999999611,301.9347877087809,-195.82055623304717,6.083036304133,0.04988604144362929,6.083240854555323,0.2534683689398051,-2.2886094114336286,0.035387211512294334,0.20972226146490594,1.0486113073245296,-0.1154909728379474,-0.011253060781462043,0.0,0.0,0.4576663101791323,18.189521425442567,0.7578967260601069,18.189521425442567,0.7578967260601069,18.189521425442567,0.7578967260601069,0.17588204665407758,0.0,0.0,0.3435128318089968,0.0,0.0,1.0,0.0,560.1232309002086,0.02909762554485688,0.032
raceline_xy,20260415_212047_eb9da4db,2111,67.58399999999611,301.808338887998,-195.96854019272348,6.082536501971823,0.057366743233279394,6.082807019875678,0.25345029249481993,-2.287314620221446,0.04041231586105932,0.21006921668064377,1.0503460834032188,-0.11414229348745453,-0.011302351201757599,0.0,0.0,0.45782218731936564,18.232240064211513,0.7596766693421464,18.232240064211513,0.7596766693421464,18.232240064211513,0.7596766693421464,0.17487770264704272,0.0,0.0,0.3460747557851316,0.0,0.0,1.0,0.0,560.5136821118896,0.022802391738061176,0.032
raceline_xy,20260415_212047_eb9da4db,2112,67.6159999999961,301.6821300251905,-196.11671363058008,6.082165424777184,0.05829984788374931,6.082444831366602,0.25343520130694175,-2.2858989214047725,0.04416609448545042,0.21057910125696794,1.0528955062848395,-0.11266324362861324,-0.011235427202920256,0.0,0.0,0.45797810349964635,18.276153106066225,0.761506379419426,18.276153106066225,0.761506379419426,18.276153106066225,0.761506379419426,0.17385151664910303,0.0,0.0,0.34878784693826775,0.0,0.0,1.0,0.0,560.8396517700578,0.018461391364332926,0.032
raceline_xy,20260415_212047_eb9da4db,2113,67.6479999999961,301.5560340598917,-196.2649790697272,6.082107195114543,0.0540718848572328,6.08234754857005,0.2534311478570854,-2.2844558460996325,0.04503288196331934,0.211068384218894,1.05534192109447,-0.11114984485969348,-0.011147509355041052,0.0,0.0,0.4581344447750005,18.32135296862514,0.7633897070260475,18.32135296862514,0.7633897070260475,18.32135296862514,0.7633897070260475,0.1728018108367544,0.0,0.0,0.3515789539366922,0.0,0.0,1.0,0.0,560.9272062869544,0.018113970623942145,0.032
raceline_xy,20260415_212047_eb9da4db,2114,67.6799999999961,301.43000863501766,-196.41330941828966,6.082271120504592,0.04860495909014828,6.082465324633781,0.2534360551930742,-2.2830647140035234,0.04344060313697135,0.21154342640031398,1.05771713200157,-0.10968221522401223,-0.011115959983609702,0.0,0.0,0.4582907494483227,18.367783404189318,0.7653243085078882,18.367783404189318,0.7653243085078882,18.367783404189318,0.7653243085078882,0.17173038778255245,0.0,0.0,0.3543642994731758,0.0,0.0,1.0,0.0,560.8212078295966,0.0206705955511369,0.032
raceline_xy,20260415_212047_eb9da4db,2115,67.7119999999961,301.3040984946444,-196.56174521562053,6.08247583057978,0.045484448122861565,6.082645893409235,0.25344357889205144,-2.281749302620799,0.04110149426582235,0.212058196263701,1.060290981318505,-0.10828323263994433,-0.011164580024598525,0.0,0.0,0.45844701683782035,18.41545879229865,0.7673107830124438,18.41545879229865,0.7673107830124438,18.41545879229865,0.7673107830124438,0.17063740889366263,0.0,0.0,0.3571162738420297,0.0,0.0,1.0,0.0,560.6586959316882,0.02393219549846265,0.032
raceline_xy,20260415_212047_eb9da4db,2116,67.74399999999609,301.17838205818424,-196.71035050640003,6.0826021832654735,0.045821200006747276,6.082774769974305,0.25344894874892937,-2.2804823364310334,0.03959711619272365,0.21270773565105938,1.063538678255297,-0.10692408901510664,-0.011266117483617055,0.0,0.0,0.4586032462642323,18.46439970561617,0.7693499877340071,18.46439970561617,0.7693499877340071,18.46439970561617,0.7693499877340071,0.16952290930645342,0.0,0.0,0.35985352932969716,0.0,0.0,1.0,0.0,560.5427070231248,0.025959149791657594,0.032
raceline_xy,20260415_212047_eb9da4db,2117,67.77599999999609,301.05291925656695,-196.85917095453414,6.08260425229514,0.04851029476641999,6.082797690104221,0.25344990375434256,-2.279215687592405,0.039579226402538775,0.21356119897356352,1.0678059948678176,-0.10555551983627343,-0.011372468139498881,0.0,0.0,0.4587594370508472,18.514628968226173,0.7714428736760905,18.514628968226173,0.7714428736760905,18.514628968226173,0.7714428736760905,0.16838689147680697,0.0,0.0,0.3626186645444904,0.0,0.0,1.0,0.0,560.5220789062006,0.02604455392764681,0.032
raceline_xy,20260415_212047_eb9da4db,2118,67.80799999999608,300.92772516825937,-197.00821443672845,6.08250576005687,0.05149722166720405,6.082723755437562,0.25344682314323175,-2.277912812060878,0.04069552342148087,0.21462893735602392,1.0731446867801195,-0.10414074460102318,-0.011447111663676957,0.0,0.0,0.458915588523521,18.56617030063724,0.7735904291932183,18.56617030063724,0.7735904291932183,18.56617030063724,0.7735904291932183,0.16722935732861277,0.0,0.0,0.3654490758435142,0.0,0.0,1.0,0.0,560.5886201061938,0.024749804315131307,0.032
raceline_xy,20260415_212047_eb9da4db,2119,67.83999999999608,300.8027752816249,-197.15745819139025,6.082383254860279,0.05316894512237047,6.082615637678427,0.2534423182366011,-2.2765653560870636,0.042076184302415866,0.21587106400297013,1.0793553200148505,-0.10267317861736291,-0.011484676947213224,0.0,0.0,0.4590717000106953,18.619181538329375,0.7757992307637239,18.619181538329375,0.7757992307637239,18.619181538329375,0.7757992307637239,0.1660473494094319,0.0,0.0,0.36836110003852895,0.0,0.0,1.0,0.0,560.6859260894153,0.023227629289770076,0.032
raceline_xy,20260415_212047_eb9da4db,2120,67.87199999999608,300.67803079446605,-197.306870628439,6.082310836175852,0.053104987880499444,6.082542663031635,0.2534392776263181,-2.2751894852070755,0.042961122647184644,0.21723092686460296,1.0861546343230148,-0.10116885277318977,-0.011498527277029602,0.0,0.0,0.4592277708434154,18.673563130878758,0.7780651304532816,18.673563130878758,0.7780651304532816,18.673563130878758,0.7780651304532816,0.16484369469175553,0.0,0.0,0.3713422821623829,0.0,0.0,1.0,0.0,560.7516032715281,0.02241895653620517,0.032
raceline_xy,20260415_212047_eb9da4db,2121,67.90399999999607,300.55346454487506,-197.45643131786903,6.082311664237174,0.05195820584503297,6.08253358692496,0.25343889945520665,-2.2738098670400184,0.04308390594712583,0.2186678974558612,1.093339487279306,-0.09965270663207404,-0.011513289377542257,0.0,0.0,0.45938380035534837,18.72933897729637,0.7803891240540154,18.72933897729637,0.7803891240540154,18.72933897729637,0.7803891240540154,0.1636184583153817,0.0,0.0,0.3743728538006972,0.0,0.0,1.0,0.0,560.7597717675357,0.02260009041273414,0.032
raceline_xy,20260415_212047_eb9da4db,2122,67.93599999999607,300.4290730439228,-197.60613894825485,6.082359296746386,0.05078342848500128,6.082571296033108,0.25344047066804615,-2.2724436725018187,0.04267350648098361,0.2201716812763338,1.1008584063816689,-0.09814199096723009,-0.011546180150745933,0.0,0.0,0.45953978788280203,18.78653794609905,0.7827724144207937,18.78653794609905,0.7827724144207937,18.78653794609905,0.7827724144207937,0.16237161804795885,0.0,0.0,0.37743760318764163,0.0,0.0,1.0,0.0,560.7258335702024,0.023425553184790164,0.032
raceline_xy,20260415_212047_eb9da4db,2123,67.96799999999607,300.3048719618459,-197.75600657156028,6.082410583935561,0.05034238784286593,6.0826189152029775,0.25344245480012406,-2.2710933409766376,0.042184620123385294,0.2217557170505128,1.108778585252564,-0.09663885621090618,-0.011599683413527018,0.0,0.0,0.4596957327647432,18.84519470705838,0.7852164461274325,18.84519470705838,0.7852164461274325,18.84519470705838,0.7852164461274325,0.16110305063094943,0.0,0.0,0.38053416205045126,0.0,0.0,1.0,0.0,560.6829763173199,0.02429842665325187,0.032
raceline_xy,20260415_212047_eb9da4db,2124,67.99999999999606,300.1808824302782,-197.90605038353274,6.082433997923523,0.05077199399742183,6.082645899151981,0.25344357913133253,-2.2697495107144174,0.04198323464423777,0.2234394787734408,1.117197393867204,-0.09513355489556075,-0.011664480283364309,0.0,0.0,0.4598516343428163,18.90533600544268,0.7877223335601117,18.90533600544268,0.7877223335601117,18.90533600544268,0.7877223335601117,0.15981283018447812,0.0,0.0,0.38367148112667954,0.0,0.0,1.0,0.0,560.6586907632169,0.02477010588534592,0.032
raceline_xy,20260415_212047_eb9da4db,2125,68.03199999999606,300.05711837127774,-198.05628002990898,6.082421397405299,0.051691370591254504,6.082641042623462,0.25344337677597756,-2.268399547864325,0.04217238199554538,0.22523270662224745,1.1261635331112372,-0.09361321626996455,-0.011727978199647549,0.0,0.0,0.46000749196136276,18.966993887545758,0.7902914119810732,18.966993887545758,0.7902914119810732,18.966993887545758,0.7902914119810732,0.15850094112250046,0.0,0.0,0.3868631922541551,0.0,0.0,1.0,0.0,560.663061638884,0.024742313499577732,0.032
raceline_xy,20260415_212047_eb9da4db,2126,68.06399999999606,299.9335814486766,-198.206695350182,6.082385916094642,0.05256112544201086,6.082613016148092,0.2534422090061705,-2.2670353787868063,0.0426124354211814,0.22516101117774895,1.1258050558887447,-0.09228524950848183,-0.011072364586948602,0.0,0.0,0.46008540408166215,18.998402187731458,0.7916000911554774,18.998402187731458,0.7916000911554774,18.998402187731458,0.7916000911554774,0.15783685999713848,0.0,0.0,0.389264406882956,0.0,0.0,1.0,0.0,560.6882854667168,0.0006003144335865358,0.032
raceline_xy,20260415_212047_eb9da4db,2127,68.09599999999605,299.81024692673253,-198.35727363527766,6.082315879024282,0.05215877399219293,6.082539518156483,0.25343914658985345,-2.26563435956119,0.04375798765718187,0.2250772816851023,1.1253864084255114,-0.09069848736966835,-0.011092130516874299,0.0,0.0,0.460241194537504,19.062399488228596,0.7942666453428582,19.062399488228596,0.7942666453428582,19.062399488228596,0.7942666453428582,0.15649240339375847,0.0,0.0,0.39294515325616275,0.0,0.0,1.0,0.0,560.7544336591651,0.02226407271418107,0.032
raceline_xy,20260415_212047_eb9da4db,2128,68.12799999999605,299.6867130390798,-198.507703274354,6.082784226078007,0.037305059957176034,6.0828986189580565,0.25345410912325234,-2.2644681418651,0.036519526569338746,0.22453276261905947,1.1226638130952973,-0.08934599631900442,-0.01135309038404797,0.0,0.0,0.46039726051094365,19.128071875715975,0.797002994821499,19.128071875715975,0.797002994821499,19.128071875715975,0.797002994821499,0.15512473099657464,0.0,0.0,0.39650387122844566,0.0,0.0,1.0,0.0,560.4312429377487,0.03307093673889076,0.032
raceline_xy,20260415_212047_eb9da4db,2129,68.15999999999605,299.5634608104316,-198.65836998556435,6.082903211803824,0.042098351155866354,6.083048886483103,0.2534603702701293,-2.263364846134956,0.034546012720981976,0.2241466346207524,1.120733173103762,-0.08804643027734604,-0.011683587232618642,0.0,0.0,0.46055364100272106,19.195467932971017,0.7998111638737924,19.195467932971017,0.7998111638737924,19.195467932971017,0.7998111638737924,0.15373362356223153,0.0,0.0,0.400051770437636,0.0,0.0,1.0,0.0,560.2960021652071,0.035735558192635096,0.032
raceline_xy,20260415_212047_eb9da4db,2130,68.19199999999604,299.44067498685325,-198.809407501828,6.082583782600842,0.05334640593534079,6.082817711503854,0.25345073797932727,-2.262153509418944,0.03785986103559811,0.22422389676656188,1.1211194838328093,-0.08662533243358927,-0.011911034278850874,0.0,0.0,0.46070997479832804,19.2645474494938,0.8026894770622417,19.2645474494938,0.8026894770622417,19.2645474494938,0.8026894770622417,0.1523207095366943,0.0,0.0,0.40373167099788837,0.0,0.0,1.0,0.0,560.5040596465307,0.031337287745232936,0.032
raceline_xy,20260415_212047_eb9da4db,2131,68.22399999999604,299.3183119078446,-198.9607668194987,6.081999221856083,0.061492656177879024,6.082310077710755,0.25342958657128145,-2.260765336540409,0.043322853958529674,0.2246972604164034,1.123486302082017,-0.08501491624784174,-0.011966650287003944,0.0,0.0,0.460866261653931,19.335350106748894,0.8056395877812039,19.335350106748894,0.8056395877812039,19.335350106748894,0.8056395877812039,0.1508859784285943,0.0,0.0,0.40762991776636537,0.0,0.0,1.0,0.0,560.9609300603203,0.02450265735919032,0.032
raceline_xy,20260415_212047_eb9da4db,2132,68.25599999999604,299.1962140476155,-199.11232265671256,6.081562380828808,0.0625490672987894,6.08188403192071,0.2534118346633629,-2.2592451745548168,0.04741933392061082,0.22536302493293683,1.126815124664684,-0.08326315137218065,-0.011895296259573751,0.0,0.0,0.4610225013287015,19.407917390667645,0.8086632246111519,19.407917390667645,0.8086632246111519,19.407917390667645,0.8086632246111519,0.14942941594260883,0.0,0.0,0.41172171694991844,0.0,0.0,1.0,0.0,561.3443712713605,0.019767817476456437,0.032
raceline_xy,20260415_212047_eb9da4db,2133,68.28799999999603,299.07423989418356,-199.26397325063508,6.081490176712828,0.05798588312316966,6.081766612761147,0.2534069421983811,-2.257694581220443,0.04838299875019329,0.22604253672772018,1.1302126836386008,-0.08147430795272692,-0.011798543906949455,0.0,0.0,0.46117869358483227,19.482292515735274,0.8117621881556364,19.482292515735274,0.8117621881556364,19.482292515735274,0.8117621881556364,0.14795100720870558,0.0,0.0,0.41591844940393163,0.0,0.0,1.0,0.0,561.4500485149675,0.019169864137387974,0.032
raceline_xy,20260415_212047_eb9da4db,2134,68.31999999999603,298.95234158847,-199.41569030266302,6.081677524956711,0.052045001684323466,6.081900212907468,0.25341250887114447,-2.2561998211311103,0.04667344503224791,0.22667422553830674,1.1333711276915337,-0.07973553036087244,-0.011763969955385534,0.0,0.0,0.4613348381875539,19.5,0.8125,19.5,0.8125,19.5,0.8125,0.14644943860698367,0.0,0.0,0.41831262144956466,0.0,0.0,1.0,0.0,561.3298083832786,0.021874242136832405,0.032
raceline_xy,20260415_212047_eb9da4db,2135,68.35199999999602,298.8305649263927,-199.56751368411943,6.081918192864115,0.0485112105706369,6.082111659797322,0.25342131915822175,-2.254789081926887,0.04407971023322339,0.22731171162221162,1.136558558111058,-0.07807485621582444,-0.011820686360021426,0.0,0.0,0.46149093490515075,19.5,0.8125,19.5,0.8125,19.5,0.8125,0.14492378376590542,0.0,0.0,0.42006434751282856,0.0,0.0,1.0,0.0,561.1395061824098,0.02547597873740933,0.032
raceline_xy,20260415_212047_eb9da4db,2136,68.38399999999602,298.70899682899926,-199.71951044071668,6.082070610760348,0.048744471945696866,6.0822659377751656,0.25342774740729856,-2.2534339671999923,0.04235345461753292,0.22805796399281764,1.140289819964088,-0.07646147585598362,-0.011938052067637983,0.0,0.0,0.46164698350897837,19.5,0.8125,19.5,0.8125,19.5,0.8125,0.14337628470581398,0.0,0.0,0.4217431732412527,0.0,0.0,1.0,0.0,561.0006560023506,0.027777825370255332,0.032
raceline_xy,20260415_212047_eb9da4db,2137,68.41599999999602,298.587706153012,-199.8717299424605,6.082077928487134,0.05163697726489591,6.082297124081609,0.2534290468367337,-2.252081567494315,0.042260131912320184,0.22899104123492578,1.1449552061746289,-0.07484119809127199,-0.012063116464770651,0.0,0.0,0.4618029837734791,19.5,0.8125,19.5,0.8125,19.5,0.8125,0.1418069793907959,0.0,0.0,0.42339760210429744,0.0,0.0,1.0,0.0,560.9725883265519,0.027934159704799538,0.032
raceline_xy,20260415_212047_eb9da4db,2138,68.44799999999601,298.466711827726,-200.02418166765602,6.081964718074527,0.0549412956325912,6.082212868510042,0.2534255361879184,-2.2506906180958683,0.04344676855826994,0.2301251463551192,1.150625731775596,-0.0731724599669894,-0.012154572936153851,0.0,0.0,0.4619589354761994,19.5,0.8125,19.5,0.8125,19.5,0.8125,0.14021590873383705,0.0,0.0,0.4250712012828918,0.0,0.0,1.0,0.0,561.0484183409619,0.026519951651221417,0.032
raceline_xy,20260415_212047_eb9da4db,2139,68.47999999999601,298.3459872676677,-200.17684190251975,6.08181976542301,0.056836555862128435,6.082085337544374,0.25342022239768225,-2.2492507430269537,0.044961072501931515,0.23141818293781438,1.1570909146890718,-0.0714454557642612,-0.012202002852597538,0.0,0.0,0.46211483839780637,19.5,0.8125,19.5,0.8125,19.5,0.8125,0.13860312271688935,0.0,0.0,0.4267801109941574,0.0,0.0,1.0,0.0,561.163196210063,0.024801422549138627,0.032
raceline_xy,20260415_212047_eb9da4db,2140,68.51199999999601,298.2254884029729,-200.3296767649036,6.081732154563042,0.05680285061097834,6.081997415626182,0.2534165589844242,-2.2477791799046685,0.045947539790297955,0.232808037078883,1.164040185394415,-0.06967830412487608,-0.012222600423533958,0.0,0.0,0.4622706923221045,19.5,0.8125,19.5,0.8125,19.5,0.8125,0.13696865313671358,0.0,0.0,0.428512506122848,0.0,0.0,1.0,0.0,561.242325936436,0.02384116363282473,0.032
raceline_xy,20260415_212047_eb9da4db,2141,68.543999999996,298.10518336060807,-200.4826637495304,6.081731829157272,0.055526470170987885,6.081985303391838,0.25341605430799324,-2.2463033447768055,0.046087522929820116,0.23424925259721213,1.1712462629860605,-0.06789904736638475,-0.012243737526806964,0.0,0.0,0.4624264970360529,19.5,0.8125,19.5,0.8125,19.5,0.8125,0.1353125409860665,0.0,0.0,0.4302439295421544,0.0,0.0,1.0,0.0,561.2532269473452,0.02397594995887728,0.032
raceline_xy,20260415_212047_eb9da4db,2142,68.575999999996,297.9850668614348,-200.6358006384022,6.081788961429595,0.054171682283297606,6.082030215522468,0.2534179256467695,-2.2448429065620896,0.04561709398865621,0.2357298303349942,1.1786491516749709,-0.0661274652547541,-0.012285038143276417,0.0,0.0,0.46258225232978173,19.5,0.8125,19.5,0.8125,19.5,0.8125,0.13363482746170918,0.0,0.0,0.43195482633041604,0.0,0.0,1.0,0.0,561.2128060297784,0.024844116152586797,0.032
raceline_xy,20260415_212047_eb9da4db,2143,68.607999999996,297.8651557498574,-200.78910078724783,6.081852622878934,0.05360327071524784,6.082088838306355,0.25342036826276476,-2.243401322734787,0.045036222269726596,0.23732369324002936,1.1866184662001467,-0.06436670887021334,-0.012351241415590408,0.0,0.0,0.4627382335047695,19.5,0.8125,19.5,0.8125,19.5,0.8125,0.13193422659163057,0.0,0.0,0.43362877737441224,0.0,0.0,1.0,0.0,561.1600455242803,0.0257690290400006,0.032
raceline_xy,20260415_212047_eb9da4db,2144,68.639999999996,297.7454736641456,-200.94258125480846,6.081884866756218,0.053999224149875236,6.082124583456597,0.25342185764402486,-2.2419686928108975,0.044758932596822024,0.23912056718352034,1.1956028359176016,-0.06260645272179133,-0.012433373318114338,0.0,0.0,0.46289463432691236,19.5,0.8125,19.5,0.8125,19.5,0.8125,0.13020980038815155,0.0,0.0,0.43526102117111537,0.0,0.0,1.0,0.0,561.1278748890622,0.02624893618181974,0.032
raceline_xy,20260415_212047_eb9da4db,2145,68.67199999999599,297.62603615451076,-201.09625209757553,6.081875703893535,0.05494217077417307,6.0821238658662535,0.25342182774442723,-2.240531283434189,0.0449058427843601,0.24078352118966262,1.203917605948313,-0.061079411167098474,-0.011755116335506965,0.0,0.0,0.4629728158924037,19.5,0.8125,19.5,0.8125,19.5,0.8125,0.12933943947998294,0.0,0.0,0.4366553604596636,0.0,0.0,1.0,0.0,561.1285207203714,0.0010195609331773228,0.032
raceline_xy,20260415_212047_eb9da4db,2146,68.70399999999599,297.50682436286974,-201.25009531104786,6.081807341702605,0.0548573765097875,6.082054741067796,0.2534189475444915,-2.2390582468368923,0.04601174800313772,0.24059229329809448,1.2029614664904724,-0.05926317917630053,-0.01180393256040313,0.0,0.0,0.4631291413228127,19.5,0.8125,19.5,0.8125,19.5,0.8125,0.12758250981822394,0.0,0.0,0.43873390333161694,0.0,0.0,1.0,0.0,561.1907330389834,0.02394444064777949,0.032
raceline_xy,20260415_212047_eb9da4db,2147,68.73599999999598,297.3874090524427,-201.40379668449256,6.082322376531708,0.03964209443406297,6.082451560654588,0.2534354816939412,-2.237828962603949,0.03850080906922359,0.24001034292722437,1.2000517146361218,-0.057690616702465114,-0.012101238591131214,0.0,0.0,0.46328541647539834,19.5,0.8125,19.5,0.8125,19.5,0.8125,0.12580394600659028,0.0,0.0,0.4406000631012498,0.0,0.0,1.0,0.0,560.8335954108701,0.03497123836617471,0.032
raceline_xy,20260415_212047_eb9da4db,2148,68.76799999999598,297.26830206639386,-201.5577434326721,6.082442492285072,0.04485001847199355,6.082607845004639,0.25344199354186,-2.236660698640719,0.03658398577403107,0.23966024483392925,1.1983012241696462,-0.056169114056711766,-0.012464310367216846,0.0,0.0,0.4634416413402924,19.5,0.8125,19.5,0.8125,19.5,0.8125,0.12521892087048592,0.0,0.0,0.4423722185844373,0.0,0.0,1.0,0.0,560.6929394958245,0.037313728815627,0.032
raceline_xy,20260415_212047_eb9da4db,2149,68.79999999999598,297.14969767102554,-201.71206700071195,6.082078307415267,0.05665747489320516,6.082342197459186,0.2534309248941327,-2.2353753232128293,0.0401742850015522,0.2397687712621887,1.1988438563109434,-0.05451694323352596,-0.012715024140609543,0.0,0.0,0.4635978159106115,19.5,0.8125,19.5,0.8125,19.5,0.8125,0.12801013063511446,0.0,0.0,0.4442154923633785,0.0,0.0,1.0,0.0,560.9320222867326,0.03237127392153069,0.032
raceline_xy,20260415_212047_eb9da4db,2150,68.83199999999597,297.0315386948709,-201.86670953140947,6.081441876438772,0.06483027407209807,6.081787423195536,0.253407809299814,-2.2339066674989425,0.04583419101730255,0.24025296133584764,1.2012648066792382,-0.0526691292679109,-0.01279029809770682,0.0,0.0,0.4637539401824701,19.5,0.8125,19.5,0.8125,19.5,0.8125,0.1308032754391033,0.0,0.0,0.4462138422368659,0.0,0.0,1.0,0.0,561.4313191240174,0.025108730817473085,0.032
raceline_xy,20260415_212047_eb9da4db,2151,68.86399999999597,296.91365267755134,-202.02154238610095,6.080990849080833,0.06548426070645075,6.08134342847081,0.2533893095196171,-2.232306666361735,0.0499106567605583,0.24089584833484576,1.2044792416742287,-0.05068067213712579,-0.012739784878228022,0.0,0.0,0.4639100141549938,19.5,0.8125,19.5,0.8125,19.5,0.8125,0.13359641033964342,0.0,0.0,0.44833418947627635,0.0,0.0,1.0,0.0,561.8309143762704,0.02022175473450978,0.032
raceline_xy,20260415_212047_eb9da4db,2152,68.89599999999596,296.7958900655656,-202.17646512458802,6.080944226590752,0.06038163001856711,6.081244003339374,0.25338516680580725,-2.2306833669454713,0.050655081788945046,0.24151368433757237,1.2075684216878617,-0.04866276592447427,-0.012671182042695683,0.0,0.0,0.46406603783033185,19.5,0.8125,19.5,0.8125,19.5,0.8125,0.13638879529869552,0.0,0.0,0.45047989019443657,0.0,0.0,1.0,0.0,561.920396994563,0.019706560915150665,0.032
raceline_xy,20260415_212047_eb9da4db,2153,68.92799999999596,296.67820386349405,-202.33145267027277,6.081172036610074,0.05403710993394073,6.081412117929381,0.2533921715803909,-2.229125669730643,0.04864477210020769,0.24204786456260402,1.21023932281302,-0.04670515275559506,-0.012673615979379438,0.0,0.0,0.4642220112136706,19.5,0.8125,19.5,0.8125,19.5,0.8125,0.13918069749412298,0.0,0.0,0.4525644700174856,0.0,0.0,1.0,0.0,561.7690938635566,0.02256733682186083,0.032
raceline_xy,20260415_212047_eb9da4db,2154,68.95999999999596,296.56064600156765,-202.48654738468986,6.081447781159817,0.050347308933404555,6.081656186146212,0.2534023410894255,-2.2276603529646684,0.04579275491724941,0.24255872079181723,1.212793603959086,-0.04483360452759877,-0.012774087729698014,0.0,0.0,0.4643779343132461,19.5,0.8125,19.5,0.8125,19.5,0.8125,0.14197238066930584,0.0,0.0,0.45455352635107216,0.0,0.0,1.0,0.0,561.5494324684089,0.02624086546109932,0.032
raceline_xy,20260415_212047_eb9da4db,2155,68.99199999999595,296.4433093428049,-202.6418166044359,6.0816223079477485,0.05060868584399936,6.081832876330174,0.25340970318042394,-2.2262556590868465,0.04391086974766088,0.2431546400163784,1.215773200081892,-0.043014618828450146,-0.012941059381421649,0.0,0.0,0.46453380714035747,19.5,0.8125,19.5,0.8125,19.5,0.8125,0.14476410510446147,0.0,0.0,0.45646769201832,0.0,0.0,1.0,0.0,561.390411302843,0.02846101747026471,0.032
raceline_xy,20260415_212047_eb9da4db,2156,69.02399999999595,296.326264752546,-202.79730781831356,6.081639711862016,0.05356027361900084,6.081875556751161,0.2534114815312984,-2.2248559330022175,0.043746110176972115,0.24391493034799536,1.2195746517399768,-0.04119124974142574,-0.013119092308444547,0.0,0.0,0.4646896297093798,19.5,0.8125,19.5,0.8125,19.5,0.8125,0.14755612758490733,0.0,0.0,0.4583568283399668,0.0,0.0,1.0,0.0,561.3519989239549,0.028414972663659128,0.032
raceline_xy,20260415_212047_eb9da4db,2157,69.05599999999595,296.20952869336253,-202.95302767549208,6.081532047838355,0.05682216025643605,6.081797498008396,0.25340822908368316,-2.2234192691430437,0.0448811596757772,0.2448511001483332,1.224255500741666,-0.039321350291043444,-0.013266494196159329,0.0,0.0,0.4648454020377775,19.36195208356649,0.8067480034819371,19.36195208356649,0.8067480034819371,19.36195208356649,0.8067480034819371,0.15035039921941618,0.0,0.0,0.45552971687456506,0.0,0.0,1.0,0.0,561.422251792443,0.02676492672465227,0.032
raceline_xy,20260415_212047_eb9da4db,2158,69.08799999999594,296.0930696797223,-203.10895012033103,6.0813977732089946,0.05852889274955286,6.081679415036426,0.2534033089598511,-2.2219366559107634,0.04630216038670209,0.2459167371297817,1.2295836856489084,-0.03739656301979499,-0.013374463445027907,0.0,0.0,0.4650011241461168,19.224133734544118,0.8010055722726716,19.224133734544118,0.8010055722726716,19.224133734544118,0.8010055722726716,0.15314572810945082,0.0,0.0,0.45270522559858806,0.0,0.0,1.0,0.0,561.5285264672162,0.02484704480928331,0.032
raceline_xy,20260415_212047_eb9da4db,2159,69.11999999999594,295.9768391020401,-203.26504012057703,6.08133062239545,0.05820297030365795,6.081609139416705,0.2534003808090294,-2.2204275164246097,0.04712820888777586,0.2471095999427902,1.235547999713951,-0.03543726083153498,-0.013465743093496574,0.0,0.0,0.46515741047921283,19.088612589381967,0.7953588578909153,19.088612589381967,0.7953588578909153,19.088612589381967,0.7953588578909153,0.15594505109692314,0.0,0.0,0.4499288285879471,0.0,0.0,1.0,0.0,561.591774524965,0.023608966597342115,0.032
raceline_xy,20260415_212047_eb9da4db,2160,69.15199999999594,295.86080243937624,-203.42127482460253,6.081358138440583,0.05660172696038801,6.081621540631447,0.2534008975263103,-2.2189209240470564,0.04705669500769652,0.24836452502469175,1.2418226251234588,-0.03347318066288585,-0.01356694098968969,0.0,0.0,0.4653137633565943,18.95544370165904,0.7898101542357933,18.95544370165904,0.7898101542357933,18.95544370165904,0.7898101542357933,0.1587458615130033,0.0,0.0,0.4471824940351586,0.0,0.0,1.0,0.0,561.580613431697,0.02367149954369529,0.032
raceline_xy,20260415_212047_eb9da4db,2161,69.18399999999593,295.74495137439845,-203.5776502338244,6.081450159464809,0.054866595622006464,6.081697656524015,0.25340406902183393,-2.217438801294972,0.046305013123106274,0.2496563025233008,1.2482815126165039,-0.031526410316682796,-0.013699376191691925,0.0,0.0,0.4654700668029039,18.82459003682252,0.7843579182009384,18.82459003682252,0.7843579182009384,18.82459003682252,0.7843579182009384,0.161547514230314,0.0,0.0,0.444448207509595,0.0,0.0,1.0,0.0,561.5121091283862,0.02454850967549762,0.032
raceline_xy,20260415_212047_eb9da4db,2162,69.21599999999593,295.62930423191204,-203.73418009310532,6.081547734887006,0.05401681948784898,6.081787621127266,0.25340781754696945,-2.2159845800347258,0.045443029823063794,0.251000857569588,1.25500428784794,-0.029600053098845613,-0.0138664690857504,0.0,0.0,0.4656263214950857,18.695988210355566,0.7789995087648153,18.695988210355566,0.7789995087648153,18.695988210355566,0.7789995087648153,0.16434995558342624,0.0,0.0,0.4417208619757342,0.0,0.0,1.0,0.0,561.4311409854599,0.02548334250421396,0.032
raceline_xy,20260415_212047_eb9da4db,2163,69.24799999999593,295.5138869854789,-203.89088206057377,6.08160902981699,0.0542471778154332,6.081850963962574,0.25341045683177393,-2.214546785485581,0.044932688355714824,0.2524226785137385,1.2621133925686925,-0.02768217439270959,-0.014056733119494513,0.0,0.0,0.4657825281147803,18.569577293910065,0.7737323872462527,18.569577293910065,0.7737323872462527,18.569577293910065,0.7737323872462527,0.16715313109702112,0.0,0.0,0.43900924156133847,0.0,0.0,1.0,0.0,561.374132433683,0.02590692207102669,0.032
raceline_xy,20260415_212047_eb9da4db,2164,69.27999999999592,295.3987161968331,-204.04776614288417,6.081623864306324,0.05508404106058595,6.081873319831625,0.2534113883263177,-2.2131097881975084,0.04490489098024938,0.2539343278309164,1.269671639154582,-0.025756871607397702,-0.014254526777473409,0.0,0.0,0.4659386873483394,18.445298694806237,0.7685541122835932,18.445298694806237,0.7685541122835932,18.445298694806237,0.7685541122835932,0.16995698548070326,0.0,0.0,0.436327227632672,0.0,0.0,1.0,0.0,561.3540121515371,0.025693713877603937,0.032
raceline_xy,20260415_212047_eb9da4db,2165,69.31199999999592,295.28379223608096,-204.20483086003924,6.081610181807079,0.05584735681670194,6.081866599221241,0.25341110830088504,-2.2116637118666285,0.04518380339092041,0.25494544372464345,1.2747272186232173,-0.024085352227364965,-0.01362936761236444,0.0,0.0,0.46601674941109456,18.383897701946296,0.7659957375810956,18.383897701946296,0.7659957375810956,18.383897701946296,0.7659957375810956,0.1713601506545599,0.0,0.0,0.43567489172902074,0.0,0.0,1.0,0.0,561.3600607008824,0.0009168616828422252,0.032
raceline_xy,20260415_212047_eb9da4db,2166,69.34399999999592,295.1690838697611,-204.36205123751174,6.081569279368178,0.05517631319964433,6.081819573556346,0.25340914889818106,-2.210187124706641,0.04613095387338148,0.2546325510044233,1.2731627550221163,-0.02210506694714276,-0.013799924434798605,0.0,0.0,0.46617283886269917,18.26258720432712,0.7609411335136299,18.26258720432712,0.7609411335136299,18.26258720432712,0.7609411335136299,0.17416786059741085,0.0,0.0,0.433446460011256,0.0,0.0,1.0,0.0,561.4023837992884,0.022898949092437823,0.032
raceline_xy,20260415_212047_eb9da4db,2167,69.37599999999591,295.0541633274993,-204.51913274564788,6.082096911636539,0.03977909867798468,6.082226995043045,0.2534261247934602,-2.2089561293821838,0.038564762485452604,0.2538762963155843,1.2693814815779214,-0.02036960126378551,-0.014221561251434256,0.0,0.0,0.4663288826647497,18.143270626741007,0.755969609447542,18.143270626741007,0.755969609447542,18.143270626741007,0.755969609447542,0.17697623968790488,0.0,0.0,0.4310719836365149,0.0,0.0,1.0,0.0,561.0357044612593,0.03361031126713382,0.032
raceline_xy,20260415_212047_eb9da4db,2168,69.40799999999591,294.9395406221646,-204.67643883359793,6.0822448283964885,0.04437623732015261,6.082406711409105,0.25343361297537936,-2.207795478906249,0.036358279828876246,0.25328604629949353,1.2664302314974676,-0.018695294647974148,-0.014718110152711184,0.0,0.0,0.46648488152019585,18.02598661590435,0.7510827756626813,18.02598661590435,0.7510827756626813,18.02598661590435,0.7510827756626813,0.17978306261734822,0.0,0.0,0.42864990713747364,0.0,0.0,1.0,0.0,560.8739597318054,0.035961060538638,0.032
raceline_xy,20260415_212047_eb9da4db,2169,69.4399999999959,294.8254080092676,-204.834092338911,6.081937965145262,0.055463414159072855,6.082190855455416,0.253424618977309,-2.206532372576545,0.03949190180600467,0.25308262544303356,1.2654131272151676,-0.01690585297786562,-0.015115836504302482,0.0,0.0,0.4666408361367606,17.910715766573976,0.746279823607249,17.910715766573976,0.746279823607249,17.910715766573976,0.746279823607249,0.18258743003290956,0.0,0.0,0.42632052469801457,0.0,0.0,1.0,0.0,561.0682300901256,0.031251330909449405,0.032
raceline_xy,20260415_212047_eb9da4db,2170,69.4719999999959,294.7117130290425,-204.99204249614385,6.0813736952877235,0.06325917694337058,6.081702701152451,0.25340427921468545,-2.2050996409570063,0.04472502884072705,0.2531912661246036,1.2659563306230177,-0.014935249068340983,-0.01534662397306974,0.0,0.0,0.46679674722695336,17.797438991039535,0.7415599579599806,17.797438991039535,0.7415599579599806,17.797438991039535,0.7415599579599806,0.18538842930166144,0.0,0.0,0.4241562051716994,0.0,0.0,1.0,0.0,561.5075689627939,0.024169193964536474,0.032
raceline_xy,20260415_212047_eb9da4db,2171,69.5039999999959,294.59828675909495,-205.15017031192653,6.080975951511721,0.06385640735913745,6.081311220750399,0.25338796753126663,-2.2035445008407706,0.04852118618183807,0.2534037224349517,1.2670186121747584,-0.012833918592455085,-0.015456729574685912,0.0,0.0,0.4669526155080828,17.68613752962736,0.7369223970678066,17.68613752962736,0.7369223970678066,17.68613752962736,0.7369223970678066,0.18818513459741926,0.0,0.0,0.4221301521389696,0.0,0.0,1.0,0.0,561.8599013246408,0.01927292184850695,0.032
raceline_xy,20260415_212047_eb9da4db,2172,69.5359999999959,294.48498000673237,-205.3083809184663,6.080953741658076,0.058824884456907256,6.081238260027042,0.25338492750112673,-2.201970168166511,0.04913590903515853,0.25354035865205954,1.2677017932602976,-0.01070783112820095,-0.015548396714811563,0.0,0.0,0.4671084417022699,17.576785398096415,0.7323660582540173,17.576785398096415,0.7323660582540173,17.576785398096415,0.7323660582540173,0.19097680158528973,0.0,0.0,0.42016315397150167,0.0,0.0,1.0,0.0,561.9255659756622,0.018566658422294848,0.032
raceline_xy,20260415_212047_eb9da4db,2173,69.56799999999589,294.3717431246465,-205.4666485142416,6.081189082302654,0.05247450681708932,6.081415479029753,0.2533923116262397,-2.20046320658233,0.04706916093823149,0.25354098352069404,1.26770491760347,-0.00864443191724762,-0.015707203919903545,0.0,0.0,0.4672642265364606,17.46925299856611,0.7278855416069212,17.46925299856611,0.7278855416069212,17.46925299856611,0.7278855416069212,0.19376540220452076,0.0,0.0,0.41818129940127835,0.0,0.0,1.0,0.0,561.7660688732215,0.02116063457654875,0.032
raceline_xy,20260415_212047_eb9da4db,2174,69.59999999999589,294.2586242707394,-205.62501029327825,6.0814705673956775,0.04860070665886296,6.08166476310456,0.25340269846269,-2.199051034593502,0.04414129184560953,0.25345590197008605,1.2672795098504301,-0.0066702258620097155,-0.015960598444581198,0.0,0.0,0.4674201612162789,17.363612237850724,0.7234838432437801,17.363612237850724,0.7234838432437801,17.363612237850724,0.7234838432437801,0.19654773777127588,0.0,0.0,0.4161617458713341,0.0,0.0,1.0,0.0,561.5417132058957,0.024512625943415432,0.032
raceline_xy,20260415_212047_eb9da4db,2175,69.63199999999588,294.14571328438893,-205.78352774429317,6.081659452182894,0.04852406246256313,6.081853029872015,0.25341054291133397,-2.197704136933533,0.042113995929876774,0.2534032216151027,1.2670161080755133,-0.004754042195501462,-0.01627905722905032,0.0,0.0,0.4675763657410561,17.25981365955218,0.7191589024813408,17.25981365955218,0.7191589024813408,17.25981365955218,0.7191589024813408,0.19932373210640675,0.0,0.0,0.4141178290583486,0.0,0.0,1.0,0.0,561.3722731151863,0.026534154746790092,0.032
raceline_xy,20260415_212047_eb9da4db,2176,69.66399999999588,294.0330779390148,-205.9422438482042,6.0817071682043835,0.05102782641700809,6.08192123583144,0.25341338482631,-2.1963699820836062,0.041706807654785454,0.25347602163672306,1.2673801081836151,-0.002842137616129392,-0.016608253297648812,0.0,0.0,0.46773253466839027,17.157875016896565,0.7149114590373569,17.157875016896565,0.7149114590373569,17.157875016896565,0.7149114590373569,0.202091520407651,0.0,0.0,0.41208736650501704,0.0,0.0,1.0,0.0,561.3108877517036,0.026491542445034842,0.032
raceline_xy,20260415_212047_eb9da4db,2177,69.69599999999588,293.9207338614325,-206.1011647008409,6.081643010138031,0.05387285786304563,6.081881615715247,0.25341173398813527,-2.1950084901580365,0.04254245983972142,0.2536881373068219,1.2684406865341094,-0.0008942070761541743,-0.016907999057507617,0.0,0.0,0.46788867149574015,17.05775119947822,0.7107396333115924,17.05775119947822,0.7107396333115924,17.05775119947822,0.7107396333115924,0.20485092466592292,0.0,0.0,0.41010388313420226,0.0,0.0,1.0,0.0,561.3465458562774,0.024920936856996086,0.032
raceline_xy,20260415_212047_eb9da4db,2178,69.72799999999587,293.8086515752985,-206.26026724993392,6.081552176182918,0.05532317261890496,6.081803805209751,0.25340849188373965,-2.193609743942872,0.043691682169345464,0.2540001752619829,1.2700008763099142,0.0010990634340797278,-0.017168269864613173,0.0,0.0,0.4680447797190221,16.95939872252433,0.7066416134385137,16.95939872252433,0.7066416134385137,16.95939872252433,0.7066416134385137,0.20760176619466808,0.0,0.0,0.40619011194239446,0.0,0.0,1.0,0.0,561.4165753112236,0.02305427153159337,0.032
raceline_xy,20260415_212047_eb9da4db,2179,69.75999999999587,293.69678444117403,-206.41951963157783,6.081517340591617,0.05488579586358222,6.081765008162031,0.2534068753400846,-2.1921907219832573,0.0443215410065731,0.2543540066619799,1.2717700333098994,0.003119797708454275,-0.01740593713609595,0.0,0.0,0.46820086283255674,16.862775653064514,0.7026156522110214,16.862775653064514,0.7026156522110214,16.862775653064514,0.7026156522110214,0.2103438656581753,0.0,0.0,0.4007080988501121,0.0,0.0,1.0,0.0,561.4514926541718,0.021925296827304156,0.032
raceline_xy,20260415_212047_eb9da4db,2180,69.79199999999587,293.5850984498311,-206.5789003649031,6.08156430791786,0.053233644537698854,6.081797287994003,0.25340822033308347,-2.1907782854308007,0.044122517133516344,0.2547082078146631,1.2735410390733153,0.005140489199821907,-0.01764742534376884,0.0,0.0,0.46835692432901554,16.76785291671711,0.6986605381965463,16.76785291671711,0.6986605381965463,16.76785291671711,0.6986605381965463,0.21307671321970068,0.0,0.0,0.39532049929592283,0.0,0.0,1.0,0.0,561.4224408053972,0.02186064273157201,0.032
raceline_xy,20260415_212047_eb9da4db,2181,69.82399999999586,293.47358655910216,-206.73840625420135,6.081663659626019,0.05150157185006288,6.081881722026397,0.25341173841776654,-2.189391716144976,0.04332521336414234,0.2550543519955718,1.275271759977859,0.007141912992816746,-0.017910861389706323,0.0,0.0,0.46851296769936823,16.674620247244896,0.694775843635204,16.674620247244896,0.694775843635204,16.674620247244896,0.694775843635204,0.21579926823597795,0.0,0.0,0.3900451648000098,0.0,0.0,1.0,0.0,561.3464501762423,0.022506896499053755,0.032
raceline_xy,20260415_212047_eb9da4db,2182,69.85599999999586,293.36226399736967,-206.89804809620398,6.081768142175518,0.05053112884684463,6.08197806064471,0.25341575252686294,-2.1880344900578077,0.04241675898839268,0.2554106528371434,1.277053264185717,0.009123895784031166,-0.01819788150069046,0.0,0.0,0.46866899643282983,16.583000272721875,0.6909583446967448,16.583000272721875,0.6909583446967448,16.583000272721875,0.6909583446967448,0.2185124835098291,0.0,0.0,0.3848763903500893,0.0,0.0,1.0,0.0,561.2597454197606,0.023222241753258346,0.032
raceline_xy,20260415_212047_eb9da4db,2183,69.88799999999586,293.25115269551304,-207.0578399913915,6.081843966209041,0.05049507271366682,6.082053582605276,0.2534188992752198,-2.1866970971220283,0.04179952040348193,0.25580304757913386,1.2790152378956692,0.011093097994058887,-0.01849675943932061,0.0,0.0,0.46882501401680904,16.49312527358491,0.6872135530660378,16.49312527358491,0.6872135530660378,16.49312527358491,0.6872135530660378,0.22121107740496448,0.0,0.0,0.3798088250198276,0.0,0.0,1.0,0.0,561.191775655251,0.023511850743239502,0.032
raceline_xy,20260415_212047_eb9da4db,2184,69.91999999999585,293.1402665856583,-207.21778991127246,6.081882731964541,0.05099741708379435,6.082096538358931,0.2534206890982888,-2.1853661454077375,0.041595639389671264,0.25624780447520545,1.2812390223760273,0.013063130440993831,-0.01879189417607119,0.0,0.0,0.4689810239368557,16.40501861810649,0.6835424424211037,16.40501861810649,0.6835424424211037,16.40501861810649,0.6835424424211037,0.22389286512525342,0.0,0.0,0.37482838244384786,0.0,0.0,1.0,0.0,561.153115476962,0.023255906058449967,0.032
raceline_xy,20260415_212047_eb9da4db,2185,69.95199999999585,293.0296055309731,-207.3778963793544,6.081898452569027,0.05145595023787264,6.082116120412073,0.2534215050171697,-2.1840329360606265,0.041661850455520344,0.2567447601307625,1.2837238006538123,0.015042649398569363,-0.019072385237880685,0.0,0.0,0.4691370296766103,16.318701515558544,0.679945896481606,16.318701515558544,0.679945896481606,16.318701515558544,0.679945896481606,0.22655566904645852,0.0,0.0,0.36992758312984153,0.0,0.0,0.9964417401816605,0.0,561.1354916291336,0.02266592773125826,0.032
raceline_xy,20260415_212047_eb9da4db,2186,69.98399999999585,292.91915868947336,-207.53815131954912,6.081914385162655,0.05147545673480902,6.082132217495316,0.25342217572897147,-2.1826969724741794,0.04174517643693217,0.2556050516205025,1.2780252581025124,0.016742763984425757,-0.018537941214425313,0.0,0.0,0.46921503206698084,16.276220128460317,0.6781758386858465,16.276220128460317,0.6781758386858465,16.276220128460317,0.6781758386858465,0.22787927362056992,0.0,0.0,0.367138321168028,0.0,0.0,1.0,0.0,561.1210042542156,0.0011659647212631033,0.032
raceline_xy,20260415_212047_eb9da4db,2187,70.01599999999584,292.80889712130744,-207.69853391746634,6.081927657447353,0.0502773015504836,6.08213546687956,0.25342231111998165,-2.18134394171875,0.042275252216752525,0.25424416832733543,1.271220841636677,0.018755033322288117,-0.0187759209574061,0.0,0.0,0.4693710380638191,16.192622839851712,0.6746926183271547,16.192622839851712,0.6746926183271547,16.192622839851712,0.6746926183271547,0.23050953531009588,0.0,0.0,0.3626560293839814,0.0,0.0,0.9848130818014778,0.0,561.1180798083956,0.02034207031383959,0.032
raceline_xy,20260415_212047_eb9da4db,2188,70.04799999999584,292.69844613723933,-207.85879994829602,6.082381663001849,0.036479026516137214,6.082491053326483,0.2534371272219368,-2.180216089573195,0.03533628486131468,0.2524418083439464,1.262209041719732,0.020541628984018345,-0.01922122405317639,0.0,0.0,0.4695270485807764,16.11080987963821,0.6712837449849255,16.11080987963821,0.6712837449849255,16.11080987963821,0.6712837449849255,0.23311700521706857,0.0,0.0,0.3585059649678019,0.0,0.0,0.977125892973479,0.0,560.798052006165,0.029804887404515232,0.032
raceline_xy,20260415_212047_eb9da4db,2189,70.07999999999583,292.5882632845502,-208.01925703067695,6.082527172790001,0.04033373815744978,6.08266089948819,0.25344420414534125,-2.179158404426535,0.03313672836486574,0.2507417875676865,1.2537089378384325,0.02226605527768255,-0.01971666579169895,0.0,0.0,0.4696830670944094,16.03076728149233,0.6679486367288471,16.03076728149233,0.6679486367288471,16.03076728149233,0.6679486367288471,0.23570053541017444,0.0,0.0,0.3544783279588851,0.0,0.0,0.9697961429722889,0.0,560.6451904606283,0.03187977443412182,0.032
raceline_xy,20260415_212047_eb9da4db,2190,70.11199999999583,292.4785206158984,-208.1800098507229,6.082310098541191,0.04996156418417863,6.082515293257542,0.2534381372190642,-2.1780170803424888,0.03568939214284638,0.24936157277292959,1.2468078638646478,0.024085193891821177,-0.020106027716923602,0.0,0.0,0.4698389824440056,15.952603958159145,0.6646918315899644,15.952603958159145,0.6646918315899644,15.952603958159145,0.6646918315899644,0.23825494555807047,0.0,0.0,0.35041747615282565,0.0,0.0,0.9627582412307154,0.0,560.776236068212,0.027553942172378183,0.032
raceline_xy,20260415_212047_eb9da4db,2191,70.14399999999583,292.3691706261354,-208.34101605361914,6.081889024531617,0.05673557271982199,6.082153650799197,0.25342306878329984,-2.1767310246589684,0.04015112007950147,0.2482247162234016,1.2411235811170078,0.026059130378689677,-0.02032835554479817,0.0,0.0,0.4699949078473464,15.876265612933825,0.6615110672055761,15.876265612933825,0.6615110672055761,15.876265612933825,0.6615110672055761,0.24078030035860687,0.0,0.0,0.34628336923607766,0.0,0.0,0.9558743646366488,0.0,561.1017142807226,0.021195621248632113,0.032
raceline_xy,20260415_212047_eb9da4db,2192,70.17599999999582,292.26005830076673,-208.5021724991621,6.081603455099834,0.05706801875197742,6.081871204148153,0.2534113001728397,-2.175342182544873,0.04333719204305725,0.24715308001434497,1.2357654000717249,0.02814301630742122,-0.020425568555764162,0.0,0.0,0.4701508488415073,15.801705149171251,0.6584043812154688,15.801705149171251,0.6584043812154688,15.801705149171251,0.6584043812154688,0.2432764990969467,0.0,0.0,0.3421306692917529,0.0,0.0,0.9490516802099331,0.0,561.3559162666618,0.016788769185122808,0.032
raceline_xy,20260415_212047_eb9da4db,2193,70.20799999999582,292.15104884285495,-208.66339733620515,6.0816140944897334,0.0524116848114744,6.08183993368791,0.25340999723699625,-2.173941893218962,0.04370854956472327,0.24599682781161436,1.2299841390580717,0.03024305672857741,-0.02048896443600512,0.0,0.0,0.4703068074500516,15.728877904421477,0.6553699126842282,15.728877904421477,0.6553699126842282,15.728877904421477,0.6553699126842282,0.24574342427604723,0.0,0.0,0.33805131937657457,0.0,0.0,0.9423080171371452,0.0,561.3840596808809,0.016093846030566773,0.032
raceline_xy,20260415_212047_eb9da4db,2194,70.23999999999582,292.0420976820755,-208.82466788053253,6.08182469061839,0.046600973980116756,6.082003224118791,0.2534168010049496,-2.172606552406741,0.041713578204026346,0.24471308006588083,1.223565400329404,0.03228206679007295,-0.020594899366255692,0.0,0.0,0.47046278568033645,15.657741015486888,0.652405875645287,15.657741015486888,0.652405875645287,15.657741015486888,0.652405875645287,0.24818095925712447,0.0,0.0,0.33411302232010615,0.0,0.0,0.9357167352937318,0.0,561.2370982930873,0.01831379631087309,0.032
raceline_xy,20260415_212047_eb9da4db,2195,70.27199999999581,291.9332479718422,-208.98601530002563,6.0820684518427175,0.04299362696952391,6.082220409099005,0.2534258503791252,-2.1713601378581764,0.038965288661215305,0.24336182014978314,1.2168091007489157,0.03423686582617291,-0.020767202049480904,0.0,0.0,0.4706187855237172,15.588256531194617,0.6495106887997757,15.588256531194617,0.6495106887997757,15.588256531194617,0.6495106887997757,0.2505888767781381,0.0,0.0,0.33032664425300695,0.0,0.0,0.929315804439814,0.0,561.0416318108952,0.02128151396024913,0.032
raceline_xy,20260415_212047_eb9da4db,2196,70.30399999999581,291.8245798951932,-209.14749158586343,6.082238146017856,0.04275243533870521,6.08238839894347,0.2534328499559779,-2.1701763974083645,0.03701783184835491,0.24204597991155247,1.2102298995577623,0.03613515488610375,-0.020977606438485452,0.0,0.0,0.47077480895575297,15.520440979480274,0.6466850408116781,15.520440979480274,0.6466850408116781,15.520440979480274,0.6466850408116781,0.25296508362897807,0.0,0.0,0.32665721871937525,0.0,0.0,0.923122348736016,0.0,560.8904409508765,0.023049381769496703,0.032
raceline_xy,20260415_212047_eb9da4db,2197,70.3359999999958,291.7161548871882,-209.3091339885608,6.082295879057372,0.04484594556718946,6.08246120573178,0.2534358835721575,-2.169007952056112,0.03653137236033981,0.24084527948718176,1.2042263974359086,0.0380272407445581,-0.02118134050311582,0.0,0.0,0.47093085793641404,15.454136993661592,0.6439223747358996,15.454136993661592,0.6439223747358996,15.454136993661592,0.6439223747358996,0.2553136503681359,0.0,0.0,0.3230486771289364,0.0,0.0,0.9170531553153666,0.0,560.8249148413972,0.022893594517993745,0.032
raceline_xy,20260415_212047_eb9da4db,2198,70.3679999999958,291.6079865500362,-209.47094779213467,6.082265387467832,0.04725599426229454,6.082448961773779,0.2534353734072408,-2.1678185048776175,0.03717038114047231,0.23978228487203251,1.1989114243601624,0.03995085949462407,-0.021342535884739,0.0,0.0,0.47108693441029154,15.38926847037165,0.6412195195988187,15.38926847037165,0.6412195195988187,15.38926847037165,0.6412195195988187,0.2576359585063108,0.0,0.0,0.3194653113055923,0.0,0.0,0.9111075440599581,0.0,560.8359344035983,0.0213540596819621,0.032
raceline_xy,20260415_212047_eb9da4db,2199,70.3999999999958,291.50004604014833,-209.6329120944632,6.082215870874648,0.0483743375666279,6.082408238227229,0.2534336765928012,-2.166599591913034,0.03807752587825614,0.23883000358642445,1.1941500179321223,0.04191080820112214,-0.02145316638880157,0.0,0.0,0.47124304030680847,15.325859571093687,0.6385774821289036,15.325859571093687,0.6385774821289036,15.325859571093687,0.6385774821289036,0.2599298540471082,0.0,0.0,0.3159066016489665,0.0,0.0,0.9052991270377124,0.0,560.8725855954934,0.019569979481521407,0.032
raceline_xy,20260415_212047_eb9da4db,2200,70.4319999999958,291.39228914798315,-209.7949983080347,6.082212613382451,0.04776601454988061,6.082400173166392,0.2534333405485997,-2.1653672023709145,0.03849551818837794,0.23794468907854893,1.1897234453927445,0.04389025715188266,-0.02152966783758048,0.0,0.0,0.47139917754043226,15.26386226205664,0.6359942609190267,15.26386226205664,0.6359942609190267,15.26386226205664,0.6359942609190267,0.26219579569572193,0.0,0.0,0.3123882640384529,0.0,0.0,0.8995931080575695,0.0,560.8798441502466,0.018481018241094025,0.032
raceline_xy,20260415_212047_eb9da4db,2201,70.46399999999579,291.28468406716956,-209.95718720714686,6.0822742154413065,0.04606573691603266,6.082448658553542,0.2534353607730642,-2.1641459870327013,0.03815285961788953,0.2370984375583652,1.185492187791826,0.045863955637814424,-0.021597146135604817,0.0,0.0,0.4715553480108897,15.203230147251674,0.633467922802153,15.203230147251674,0.633467922802153,15.203230147251674,0.633467922802153,0.2644342503660053,0.0,0.0,0.30893103235164016,0.0,0.0,0.8939946798210782,0.0,560.836207301812,0.018370874412904782,0.032
raceline_xy,20260415_212047_eb9da4db,2202,70.49599999999579,291.1772242766414,-210.11947580566428,6.082375780039075,0.04431783905441877,6.082537233791865,0.2534390514079944,-2.1629533198112183,0.0372710621004601,0.23629367135500318,1.1814683567750157,0.04781439353645567,-0.021673438502832987,0.0,0.0,0.47171155360338285,15.143918390128732,0.6309965995886971,15.143918390128732,0.6309965995886971,15.143918390128732,0.6309965995886971,0.26664569285365136,0.0,0.0,0.305546450971744,0.0,0.0,0.8885141306144549,0.0,560.7564895873209,0.018903193090006872,0.032
raceline_xy,20260415_212047_eb9da4db,2203,70.52799999999579,291.0699237122895,-210.2818734255225,6.082479737049634,0.04328426542934105,6.0826337452828065,0.25344307272011696,-2.161791982515961,0.036299850793739825,0.2355567958775335,1.1777839793876674,0.04973902019778631,-0.021761797927162707,0.0,0.0,0.47186779618880625,15.085843689904088,0.6285768204126704,15.085843689904088,0.6285768204126704,15.085843689904088,0.6285768204126704,0.26883211681181196,0.0,0.0,0.302230507118653,0.0,0.0,0.8831392808563867,0.0,560.6696292454737,0.01948647232023135,0.032
raceline_xy,20260415_212047_eb9da4db,2204,70.55999999999578,290.96280210015914,-210.44439217908715,6.082560213672345,0.04310908485141596,6.082712975814862,0.2534463739922859,-2.1606529655913898,0.03560461339031301,0.23491452154314274,1.1745726077157137,0.05164717387745821,-0.021853592211035444,0.0,0.0,0.47202405227446487,15.028924768073935,0.6262051986697473,15.028924768073935,0.6262051986697473,15.028924768073935,0.6262051986697473,0.27099555736683234,0.0,0.0,0.2989702053226151,0.0,0.0,0.8778630448204582,0.0,560.598321766624,0.019672234909327905,0.032
raceline_xy,20260415_212047_eb9da4db,2205,70.59199999999578,290.8558713961383,-210.6070386541323,6.082611491018634,0.04341936580430561,6.082766458775051,0.25344860244896045,-2.159523904329708,0.03529106124818722,0.23425919205883547,1.1712959602941773,0.053551400656136394,-0.021934970897016903,0.0,0.0,0.4721798446459216,14.973262845165102,0.6238859518818792,14.973262845165102,0.6238859518818792,14.973262845165102,0.6238859518818792,0.2731311295264076,0.0,0.0,0.2957735678646248,0.0,0.0,0.8727480779185455,0.0,560.5501871024535,0.019273328075667163,0.032
raceline_xy,20260415_212047_eb9da4db,2206,70.62399999999577,290.7491303448345,-210.76981100963587,6.082645002928936,0.0436769968147348,6.0828018142717015,0.2534500755946542,-2.1583968100812,0.03522560433009537,0.2321213353231508,1.160606676615754,0.055162463894538494,-0.021406255567820498,0.0,0.0,0.472257755918116,14.945874836303997,0.6227447848459998,14.945874836303997,0.6227447848459998,14.945874836303997,0.6227447848459998,0.27418922406145985,0.0,0.0,0.2939400825159053,0.0,0.0,0.8788744278193988,0.0,560.5183671554682,0.0021267990247916674,0.032
raceline_xy,20260415_212047_eb9da4db,2207,70.65599999999577,290.642553723305,-210.93269182387803,6.08267016244783,0.04289568020089751,6.0828214131694684,0.2534508922153945,-2.157256380803406,0.035637393356187846,0.2295622305743471,1.1478111528717354,0.05708946199477083,-0.021448914189209578,0.0,0.0,0.4724136085585653,14.891970248916703,0.6204987603715293,14.891970248916703,0.6204987603715293,14.891970248916703,0.6204987603715293,0.276285963008716,0.0,0.0,0.2910539269591202,0.0,0.0,0.8652544265248941,0.0,560.500728147478,0.017081168272913255,0.032
raceline_xy,20260415_212047_eb9da4db,2208,70.68799999999577,290.53583574763695,-211.0954901100859,6.083000260559175,0.03193579706345595,6.0830840915687725,0.25346183714869885,-2.156294119904926,0.03014603235480878,0.2266830783053509,1.1334153915267544,0.0588381948789225,-0.021651530837491606,0.0,0.0,0.4725695012168093,14.839208902210423,0.6183003709254343,14.839208902210423,0.6183003709254343,14.839208902210423,0.6183003709254343,0.27835667767745775,0.0,0.0,0.28837964678184325,0.0,0.0,0.8602863484080292,0.0,560.2643175881044,0.024293404714464454,0.032
raceline_xy,20260415_212047_eb9da4db,2209,70.71999999999576,290.42933860055507,-211.258438021389,6.083117650565796,0.03476662184595991,6.083216999961427,0.2534673749983928,-2.1553892293289554,0.028347475132871277,0.22391545737190333,1.1195772868595166,0.06053607397521965,-0.021893326934999457,0.0,0.0,0.4727254337512796,14.787569129273528,0.6161487137197303,14.787569129273528,0.6161487137197303,14.787569129273528,0.6161487137197303,0.28040125745969924,0.0,0.0,0.28577768548724314,0.0,0.0,0.8555518978864141,0.0,560.1447000347156,0.02574608846039613,0.032
raceline_xy,20260415_212047_eb9da4db,2210,70.75199999999576,290.3231953249646,-211.42161382341394,6.082997330856292,0.04204103509806778,6.083142606896282,0.2534642752873451,-2.154422962035863,0.030217622638152017,0.22142215580198057,1.1071107790099028,0.06230419233138651,-0.02205557491037613,0.0,0.0,0.4728814060100089,14.73703007097054,0.6140429196237726,14.73703007097054,0.6140429196237726,14.73703007097054,0.6140429196237726,0.28241958985804727,0.0,0.0,0.2831407995641626,0.0,0.0,0.8509646510565257,0.0,560.2116537933457,0.02235282061560122,0.032
raceline_xy,20260415_212047_eb9da4db,2211,70.78399999999576,290.2173657428957,-211.584985311666,6.08275237677586,0.04705936469311078,6.082934412023336,0.2534556005009723,-2.153349148533083,0.03353096204863978,0.21916367548992577,1.0958183774496288,0.06418789499910149,-0.02209099538693815,0.0,0.0,0.4730374178307887,14.687599567258804,0.6119833153024502,14.687599567258804,0.6119833153024502,14.687599567258804,0.6119833153024502,0.2844104311770854,0.0,0.0,0.2804401438085017,0.0,0.0,0.8464798788561891,0.0,560.399029178997,0.017331287751105734,0.032
raceline_xy,20260415_212047_eb9da4db,2212,70.81599999999575,290.111728610575,-211.74847537461943,6.082596147104847,0.04713191402156003,6.082778748737625,0.2534491145307344,-2.1522002688183797,0.03585665395826281,0.21700850997177687,1.0850425498588843,0.06615245788668656,-0.02203238045006195,0.0,0.0,0.47319346904132803,14.639250418289578,0.6099687674287324,14.639250418289578,0.6099687674287324,14.639250418289578,0.6099687674287324,0.28637395788112086,0.0,0.0,0.2777115927547088,0.0,0.0,0.8420302310095452,0.0,560.539126136137,0.013815634180122861,0.032
raceline_xy,20260415_212047_eb9da4db,2213,70.84799999999575,290.00617792257714,-211.9120214471338,6.08262927472942,0.04333752482736131,6.082783658396337,0.25344931909984736,-2.151047279486531,0.035995915265653,0.21484487518347414,1.0742243759173706,0.06813004493772112,-0.02195145992992087,0.0,0.0,0.47334955945941143,14.591855069665758,0.6079939612360733,14.591855069665758,0.6079939612360733,14.591855069665758,0.6079939612360733,0.28831451065803293,0.0,0.0,0.2750106935382417,0.0,0.0,0.8375854890023811,0.0,560.5347074432966,0.013183082681398436,0.032
raceline_xy,20260415_212047_eb9da4db,2214,70.87999999999575,289.90067819951315,-212.07560531665064,6.082790035945836,0.03864037218737071,6.082912764438162,0.25345469851825675,-2.149949641120144,0.03429341938119044,0.2126435101976217,1.0632175509881086,0.07005664520213717,-0.02190761805154917,0.0,0.0,0.4735056888930566,14.545468780098062,0.6060611991707526,14.545468780098062,0.6060611991707526,14.545468780098062,0.6060611991707526,0.2902290248799,0.0,0.0,0.27238958689340864,0.0,0.0,0.8332569844223544,0.0,560.4185120056538,0.014820572800180808,0.032
raceline_xy,20260415_212047_eb9da4db,2215,70.91199999999574,289.79526266166215,-212.23924966025248,6.082971476630164,0.03565037340213095,6.083075943519026,0.25346149764662607,-2.1489261085647655,0.03200168722807843,0.21045514738188115,1.0522757369094056,0.07191296836479699,-0.021919532337888015,0.0,0.0,0.4736618571406715,14.500093743618315,0.6041705726507631,14.500093743618315,0.6041705726507631,14.500093743618315,0.6041705726507631,0.29211658128071116,0.0,0.0,0.26985807537491296,0.0,0.0,0.829054069847139,0.0,560.2716508328766,0.01704549943986329,0.032
raceline_xy,20260415_212047_eb9da4db,2216,70.94399999999574,289.6899935290065,-212.40299320213958,6.0831045725500665,0.03527682257522846,6.083206859444329,0.25346695247684703,-2.1479563413289453,0.0303303530271738,0.20836410003343192,1.0418205001671594,0.07372045569494201,-0.021966784037697806,0.0,0.0,0.47381806399121146,14.455712334954775,0.6023213472897823,14.455712334954775,0.6023213472897823,14.455712334954775,0.6023213472897823,0.29397709459464094,0.0,0.0,0.2673916878335649,0.0,0.0,0.8249679406415212,0.0,560.1538265001037,0.01834187615625858,0.032
raceline_xy,20260415_212047_eb9da4db,2217,70.97599999999574,289.58491819165266,-212.566863823375,6.083165788251263,0.03672246219872033,6.083276629135037,0.25346985954729323,-2.147003486600676,0.02979536937514241,0.20643668162816456,1.0321834081408228,0.07551677612781171,-0.022012441169830144,0.0,0.0,0.4739743092243357,14.412307564973439,0.6005128152072267,14.412307564973439,0.6005128152072267,14.412307564973439,0.6005128152072267,0.2958104784342481,0.0,0.0,0.26495603259413847,0.0,0.0,0.8209882690004875,0.0,560.0910337784662,0.018143431518798544,0.032
raceline_xy,20260415_212047_eb9da4db,2218,71.00799999999573,289.4800463833893,-212.7308653779995,6.083171285659923,0.0384194470592929,6.083292607181554,0.2534705252992314,-2.146039237776993,0.03013806563187078,0.20469461323059138,1.0234730661529567,0.07733036337711807,-0.022028117081866583,0.0,0.0,0.47413059261056445,14.36986305731299,0.598744294054708,14.36986305731299,0.598744294054708,14.36986305731299,0.598744294054708,0.2976166453167335,0.0,0.0,0.2625279508032271,0.0,0.0,0.8171015727795851,0.0,560.0766535366009,0.01686714551017207,0.032
raceline_xy,20260415_212047_eb9da4db,2219,71.03999999999573,289.37535453468274,-212.89498180364365,6.083165105719861,0.03911540257893131,6.083290862532108,0.2534704526055045,-2.1450569098248913,0.030692484710319393,0.20312084208126122,1.015604210406306,0.07916743308747254,-0.022007045839279815,0.0,0.0,0.47428691391143407,14.328264547677787,0.5970110228199078,14.328264547677787,0.5970110228199078,14.328264547677787,0.5970110228199078,0.2993997431347424,0.0,0.0,0.26010070180773137,0.0,0.0,0.8132534057713732,0.0,560.0782237211025,0.015398051732756792,0.032
raceline_xy,20260415_212047_eb9da4db,2220,71.07199999999573,289.27080711798885,-213.05919098398542,6.083187921693224,0.03846898922029629,6.083309555970824,0.2534712314987843,-2.1440688598589643,0.03086892318505377,0.2016315223674259,1.0081576118371294,0.08101495519116453,-0.021960497571848148,0.0,0.0,0.4744429451659778,14.287612158216294,0.5953171732590122,14.287612158216294,0.5953171732590122,14.287612158216294,0.5953171732590122,0.3011547754546937,0.0,0.0,0.2576951987083054,0.0,0.0,0.8095162442159862,0.0,560.0613996262581,0.01445380996057152,0.032
raceline_xy,20260415_212047_eb9da4db,2221,71.10399999999572,289.16637840861466,-213.22347771852498,6.083250927829216,0.03697105346293039,6.083363272872102,0.2534734697030043,-2.143094214711656,0.030455176702142463,0.20019165296570282,1.000958264828514,0.08285331571095078,-0.021907886848782088,0.0,0.0,0.4745987713202307,14.247890630281614,0.5936621095950673,14.247890630281614,0.5936621095950673,14.247890630281614,0.5936621095950673,0.3028816610585938,0.0,0.0,0.2553280572446169,0.0,0.0,0.8058584443723046,0.0,560.0130544151077,0.014258749625263838,0.032
raceline_xy,20260415_212047_eb9da4db,2222,71.13599999999572,289.06206226798093,-213.3878389284787,6.083338636184844,0.035424160232920165,6.083441775313338,0.25347674063805575,-2.142146614656114,0.02961817440221095,0.19883655122632996,0.9941827561316497,0.08466874201436836,-0.02186362759859195,0.0,0.0,0.4747546348191187,14.20906511016127,0.5920443795900528,14.20906511016127,0.5920443795900528,14.20906511016127,0.5920443795900528,0.3045812027936039,0.0,0.0,0.2530039036010772,0.0,0.0,0.8022792030994516,0.0,559.9424022179958,0.014596886687970975,0.032
raceline_xy,20260415_212047_eb9da4db,2223,71.16799999999571,288.95786845083506,-213.55228087444127,6.083427928999539,0.03441898670442356,6.083525296567556,0.25348022069031484,-2.1412285438897154,0.028701712557702867,0.19758834649018592,0.9879417324509295,0.08645890059824524,-0.021830218370730403,0.0,0.0,0.4749105356886464,14.171118992212751,0.590463291342198,14.171118992212751,0.590463291342198,14.171118992212751,0.590463291342198,0.30625344299650603,0.0,0.0,0.2507217739321535,0.0,0.0,0.798787513618019,0.0,559.8672330891991,0.014990101631273258,0.032
raceline_xy,20260415_212047_eb9da4db,2224,71.19999999999571,288.8538119402645,-213.71681248946908,6.0835023581503105,0.034095495931406816,6.083597902924157,0.2534832459551732,-2.1403329886862297,0.02800002534270616,0.1964747152153331,0.9823735760766655,0.08823104514479319,-0.02180065985499402,0.0,0.0,0.47506647394635204,14.134036244256787,0.5889181768440328,14.134036244256787,0.5889181768440328,14.134036244256787,0.5889181768440328,0.30789842288749414,0.0,0.0,0.24847348014450324,0.0,0.0,0.7953823475692536,0.0,559.8018873682583,0.015074939190864552,0.032
raceline_xy,20260415_212047_eb9da4db,2225,71.23199999999571,288.74990176626227,-213.8814386924859,6.083558227882622,0.03416931482218377,6.083654185940698,0.2534855910808624,-2.1394500683068944,0.02760331084125293,0.19539780109837437,0.9769890054918718,0.08969762423195471,-0.021343743020786565,0.0,0.0,0.4751444570989776,14.115813775449496,0.5881589073103957,14.115813775449496,0.5881589073103957,14.115813775449496,0.5881589073103957,0.30871070279632296,0.0,0.0,0.24701974119132322,0.0,0.0,0.7994716894164234,0.0,559.7512326533717,0.0028746753267027605,0.032
raceline_xy,20260415_212047_eb9da4db,2226,71.2639999999957,288.6461271752956,-214.04615183871928,6.083598441758469,0.03379948776373265,6.083692333274191,0.2534871805530913,-2.1385619243600065,0.027761307428818372,0.19196704277540805,0.9598352138770402,0.09147175574493405,-0.021293561375228087,0.0,0.0,0.47530045145371763,14.079998654004633,0.5866666105835264,14.079998654004633,0.5866666105835264,14.079998654004633,0.5866666105835264,0.31031480284907476,0.0,0.0,0.2450705010944871,0.0,0.0,0.790430179259078,0.0,559.7169000532281,0.013574553838523924,0.032
raceline_xy,20260415_212047_eb9da4db,2227,71.2959999999957,288.54226627666844,-214.2108171168642,6.083809222514703,0.026097653655496433,6.083865197675018,0.25349438323645906,-2.1378019588865538,0.023808019254838487,0.18836130715737498,0.9418065357868749,0.09311810431216916,-0.021351669398395945,0.0,0.0,0.4754564832045178,14.045037050291,0.5852098770954584,14.045037050291,0.5852098770954584,14.045037050291,0.5852098770954584,0.3118904806531102,0.0,0.0,0.24325272104206408,0.0,0.0,0.7871764921232135,0.0,559.5613220924835,0.01845910234844383,0.032
raceline_xy,20260415_212047_eb9da4db,2228,71.3279999999957,288.43857801716416,-214.37559465540755,6.083892537973448,0.0281531623808835,6.083957676887722,0.2534982365369884,-2.137082110602205,0.022548196823582733,0.1848885672823396,0.924442836411698,0.09473224419964454,-0.021431425285272088,0.0,0.0,0.4756125523405768,14.010843505189268,0.5837851460495528,14.010843505189268,0.5837851460495528,14.010843505189268,0.5837851460495528,0.3134409923377195,0.0,0.0,0.24147186208298238,0.0,0.0,0.7840473144035917,0.0,559.47809080105,0.019164977359862712,0.032
raceline_xy,20260415_212047_eb9da4db,2229,71.3599999999957,288.3351511914571,-214.54053549095852,6.083842916196974,0.033146206690943814,6.083933209690759,0.2534972170704483,-2.1363195590625317,0.023847818074955944,0.18166332959928788,0.9083166479964394,0.09639969992156505,-0.02145010159357552,0.0,0.0,0.47576865884336517,13.977388906916506,0.5823912044548544,13.977388906916506,0.5823912044548544,13.977388906916506,0.5823912044548544,0.3149671148408819,0.0,0.0,0.23965833692925748,0.0,0.0,0.7810051980641617,0.0,559.5001112783165,0.016498200559842382,0.032
raceline_xy,20260415_212047_eb9da4db,2230,71.39199999999569,288.23195057905735,-214.70561451803724,6.083733439742918,0.03635148337446026,6.083842042343779,0.25349341843099077,-2.1354849752627567,0.02606573833266538,0.17865829704947453,0.8932914852473726,0.09814507346281376,-0.021378463392547342,0.0,0.0,0.4759248026867894,13.944716350911627,0.5810298479546511,13.944716350911627,0.5810298479546511,13.944716350911627,0.5810298479546511,0.3164663379884276,0.0,0.0,0.23779887617388196,0.0,0.0,0.7780448725926234,0.0,559.5821618905986,0.012816034358703182,0.032
raceline_xy,20260415_212047_eb9da4db,2231,71.42399999999569,288.1288867099167,-214.87077686244973,6.0836801288096725,0.03599752830168157,6.083786627727627,0.2534911094886511,-2.1346043964193075,0.027490282430737763,0.17578482362804349,0.8789241181402174,0.09994068517045296,-0.021242642974824477,0.0,0.0,0.4760809838373546,13.912812094206853,0.5797005039252855,13.912812094206853,0.5797005039252855,13.912812094206853,0.5797005039252855,0.3179387414737507,0.0,0.0,0.2359184535067289,0.0,0.0,0.775120758028749,0.0,559.6320350451352,0.010317688460762382,0.032
raceline_xy,20260415_212047_eb9da4db,2232,71.45599999999568,288.02588487818383,-215.0359791527727,6.083730383670114,0.0329788805347464,6.083819769499442,0.25349249039581007,-2.1337292125968315,0.027330716977761158,0.1729719456179943,0.8648597280899715,0.10173379343877809,-0.02109412641558661,0.0,0.0,0.47623720225432825,13.881662810103297,0.5784026170876374,13.881662810103297,0.5784026170876374,13.881662810103297,0.5784026170876374,0.3193844057850397,0.0,0.0,0.23405810235391625,0.0,0.0,0.7722419529337283,0.0,559.6022074505017,0.009899648615186423,0.032
raceline_xy,20260415_212047_eb9da4db,2233,71.48799999999568,287.9229223857196,-215.20120965135033,6.083846288888918,0.02944842765051847,6.083917559987031,0.25349656499945966,-2.1329006985650807,0.02589211928640116,0.17020907930765736,0.8510453965382867,0.10348270891710643,-0.020974285361825995,0.0,0.0,0.476393457889903,13.851255574691486,0.5771356489454785,13.851255574691486,0.5771356489454785,13.851255574691486,0.5771356489454785,0.3208034121349015,0.0,0.0,0.23224710004566354,0.0,0.0,0.7694336428621783,0.0,559.5141960116713,0.011050772331557077,0.032
raceline_xy,20260415_212047_eb9da4db,2234,71.51999999999568,287.8200248225659,-215.36648485390825,6.083969702102037,0.027223079655954496,6.084030607431352,0.2535012753096397,-2.1321303535390683,0.02409112789852674,0.16754205102853265,0.8377102551426632,0.10517637619986697,-0.020894716706159056,0.0,0.0,0.4765497506893596,13.821518786930724,0.5758966161221135,13.821518786930724,0.5758966161221135,13.821518786930724,0.5758966161221135,0.32219862111184305,0.0,0.0,0.2304873362379754,0.0,0.0,0.7666832562688499,0.0,559.4124533117831,0.012546091081254353,0.032
raceline_xy,20260415_212047_eb9da4db,2235,71.55199999999567,287.71723648457606,-215.53183152429185,6.084064581649573,0.026871855006652456,6.084123924631572,0.2535051635263155,-2.131402288718597,0.02277550700922001,0.1650381999402222,0.825190999701111,0.10683145358761337,-0.02083957462384589,0.0,0.0,0.47670605551682166,13.792480427011405,0.5746866844588085,13.792480427011405,0.5746866844588085,13.792480427011405,0.5746866844588085,0.32356826065777655,0.0,0.0,0.22876273646395517,0.0,0.0,0.7640236446357475,0.0,559.3284678315847,0.013327883207969415,0.032
raceline_xy,20260415_212047_eb9da4db,2236,71.58399999999567,287.6145892416997,-215.6972680660554,6.0841201178119775,0.02776542949267835,6.0841834724997685,0.2535076446874904,-2.130689939744345,0.022279326216794813,0.16271548475797445,0.8135774237898722,0.10847504324785717,-0.020781337084852414,0.0,0.0,0.47686188665510626,13.764185930235179,0.5735077470931325,13.764185930235179,0.5735077470931325,13.764185930235179,0.5735077470931325,0.3249097066902893,0.0,0.0,0.22705528844421058,0.0,0.0,0.7614596043644235,0.0,559.2748747502079,0.013033425165199244,0.032
raceline_xy,20260415_212047_eb9da4db,2237,71.61599999999567,287.5120873403876,-215.8627958840929,6.084146943471608,0.02877141278447981,6.084214971871763,0.25350895716132343,-2.129973760653195,0.022389474912162893,0.16058479301277093,0.8029239650638546,0.11012672987078087,-0.020701646336611645,0.0,0.0,0.47701775399510116,13.73660758012021,0.5723586491716754,13.73660758012021,0.5723586491716754,13.73660758012021,0.5723586491716754,0.32622379207642194,0.0,0.0,0.22535012233183543,0.0,0.0,0.7589587902519205,0.0,559.246525315413,0.012001484380553533,0.032
raceline_xy,20260415_212047_eb9da4db,2238,71.64799999999566,287.40971166889057,-216.0284026899143,6.084169347326873,0.02902102565515996,6.084238560977207,0.253509940040717,-2.129249962325604,0.022620418790212343,0.15863760478601183,0.793188023930059,0.1117899261379054,-0.0205967319937308,0.0,0.0,0.4771736569740922,13.709742758612432,0.5712392816088513,13.709742758612432,0.5712392816088513,13.709742758612432,0.5712392816088513,0.3275101779905496,0.0,0.0,0.2236454043858476,0.0,0.0,0.7565222872492551,0.0,559.2252951205134,0.0108736597975062,0.032
raceline_xy,20260415_212047_eb9da4db,2239,71.67999999999566,287.30743573723646,-216.1940724391907,6.084207971690995,0.028314114786201827,6.084273854116396,0.25351141058818316,-2.1285280087703757,0.022561548061036267,0.15685728713702632,0.7842864356851316,0.11345466620892619,-0.020476076425235412,0.0,0.0,0.4773295950235686,13.68358909134166,0.5701495454725691,13.68358909134166,0.5701495454725691,13.68358909134166,0.5701495454725691,0.32876852312103644,0.0,0.0,0.22194890692036345,0.0,0.0,0.7541481583571881,0.0,559.1935312952434,0.01015533746428263,0.032
raceline_xy,20260415_212047_eb9da4db,2240,71.71199999999565,287.2052410358906,-216.35979431594774,6.084267203733594,0.02703198414583241,6.084327254068034,0.2535136355861681,-2.1278215861778573,0.022080187775740757,0.15523687248371737,0.7761843624185868,0.11510690946916391,-0.020353383803124903,0.0,0.0,0.47748556756937116,13.65814444447167,0.5690893518529863,13.65814444447167,0.5690893518529863,13.65814444447167,0.5690893518529863,0.32999848377620555,0.0,0.0,0.22027043907458949,0.0,0.0,0.7518397622182014,0.0,559.1454713387689,0.009980254246986555,0.032
raceline_xy,20260415_212047_eb9da4db,2241,71.74399999999565,287.1031235019916,-216.5255662033692,6.084337895076281,0.025757569479098574,6.0843924161617595,0.25351635067340667,-2.1271399053885593,0.02131281871173417,0.15378612045000972,0.7689306022500486,0.11673734973502192,-0.020237882566576104,0.0,0.0,0.4776415740318398,13.633406921704292,0.5680586217376788,13.633406921704292,0.5680586217376788,13.633406921704292,0.5680586217376788,0.3311997139974401,0.0,0.0,0.21861539356264498,0.0,0.0,0.749601597029616,0.0,559.086825454416,0.01014524035463371,0.032
raceline_xy,20260415_212047_eb9da4db,2242,71.77599999999565,287.0010901597989,-216.69139241951768,6.084407883009721,0.024897487141643637,6.084458823239484,0.25351911763497853,-2.1264839876173145,0.020511961836143552,0.15252704432327407,0.7626352216163703,0.11834506681278345,-0.02012995403451523,0.0,0.0,0.4777976138259609,13.609388304413965,0.5670578460172485,13.609388304413965,0.5670578460172485,13.609388304413965,0.5670578460172485,0.33237120857262914,0.0,0.0,0.2169830099707001,0.0,0.0,0.7474414485212574,0.0,559.0270590844638,0.01031965133622301,0.032
raceline_xy,20260415_212047_eb9da4db,2243,71.80799999999564,286.8991506557008,-216.8572785935913,6.084469510568972,0.02451061501591223,6.084518879524649,0.2535216199801937,-2.125848514443602,0.01987417362420437,0.15148370234759803,0.7574185117379901,0.11994030191371907,-0.020024987743497036,0.0,0.0,0.47795368636151425,13.586020674838569,0.5660841947849403,13.586020674838569,0.5660841947849403,13.586020674838569,0.5660841947849403,0.33351587283218187,0.0,0.0,0.21536272106158602,0.0,0.0,0.7453275259046527,0.0,558.9730084278157,0.010263526175159781,0.032
raceline_xy,20260415_212047_eb9da4db,2244,71.83999999999564,286.79730982509903,-217.02322730373066,6.084521722358136,0.024377106508902457,6.084570554539553,0.2535237731058147,-2.1252266080429223,0.01944878802684259,0.1506735578152048,0.753367789076024,0.1215274000301041,-0.019916156581505362,0.0,0.0,0.4781097910432192,13.563328711522018,0.5651386963134174,13.563328711522018,0.5651386963134174,13.563328711522018,0.5651386963134174,0.334632111675361,0.0,0.0,0.21375104186949814,0.0,0.0,0.7432896705626846,0.0,558.9265009144017,0.009932504696725544,0.032
raceline_xy,20260415_212047_eb9da4db,2245,71.87199999999564,286.6955650547737,-217.1892366586131,6.084568574500119,0.02420001493281898,6.084616699391766,0.2535256958079903,-2.124614072075083,0.019153803935618788,0.14723733261881525,0.7361866630940762,0.1228144681390364,-0.019553629930296967,0.0,0.0,0.47818785525150576,13.552242909553975,0.5646767878980823,13.552242909553975,0.5646767878980823,13.552242909553975,0.5646767878980823,0.33517911440801695,0.0,0.0,0.2129075284603689,0.0,0.0,0.7458162614247285,0.0,558.8849705474099,0.0027329381882753457,0.032
raceline_xy,20260415_212047_eb9da4db,2246,71.90399999999563,286.5939031689455,-217.35529843329715,6.084615067504275,0.02355553007161415,6.084660662904466,0.25352752762101943,-2.1240044998793213,0.01905879363726696,0.1432150435107958,0.716075217553979,0.1243959840046438,-0.019431036741118124,0.0,0.0,0.47834400702557794,13.530586914448303,0.5637744547686793,13.530586914448303,0.5637744547686793,13.530586914448303,0.5637744547686793,0.3362508776300195,0.0,0.0,0.21162388185617634,0.0,0.0,0.740365461834599,0.0,558.8454033859803,0.00873695971120529,0.032
raceline_xy,20260415_212047_eb9da4db,2247,71.93599999999563,286.4921950858701,-217.5213356916094,6.08473246027822,0.01871270467963093,6.084761234303271,0.25353171809596964,-2.1234766289716047,0.016536370186794422,0.13916481762057098,0.6958240881028549,0.12589633700200986,-0.01937278110209384,0.0,0.0,0.4785001894364208,13.50961227488703,0.5629005114536262,13.50961227488703,0.5629005114536262,13.50961227488703,0.5629005114536262,0.33729297278649684,0.0,0.0,0.2104134944707644,0.0,0.0,0.7384742495927672,0.0,558.7548891270554,0.011470507961200992,0.032
raceline_xy,20260415_212047_eb9da4db,2248,71.96799999999563,286.39059077894404,-217.68743898764927,6.084796856347982,0.0195386687435537,6.0848282262195825,0.25353450942581596,-2.122980705032239,0.015535411627965085,0.1352731941623234,0.6763659708116169,0.12736794189237077,-0.01932913534921399,0.0,0.0,0.4786564018721923,13.489311891255742,0.5620546621356559,13.489311891255742,0.5620546621356559,13.489311891255742,0.5620546621356559,0.33830538587166714,0.0,0.0,0.20922785765184143,0.0,0.0,0.7366790779799552,0.0,558.6945964023753,0.011829697721304286,0.032
raceline_xy,20260415_212047_eb9da4db,2249,71.99999999999562,286.28914211416566,-217.85363819019437,6.084809335519786,0.022136409053111983,6.084849601283051,0.2535354000534605,-2.1224687194178316,0.01601789939090633,0.13161992643979623,0.658099632198981,0.12885969213011528,-0.019252117182965378,0.0,0.0,0.47881264371664567,13.46964525925775,0.5612352191357396,13.46964525925775,0.5612352191357396,13.46964525925775,0.5612352191357396,0.3392897919348643,0.0,0.0,0.208027589285338,0.0,0.0,0.7349422679327885,0.0,558.6753588452536,0.010229867979577761,0.032
raceline_xy,20260415_212047_eb9da4db,2250,72.03199999999562,286.18782889428456,-218.0199198505945,6.084799371032424,0.023769554097034185,6.08484579734101,0.2535352415558754,-2.121922747319341,0.01706107551212771,0.12820448432443599,0.6410224216221799,0.13038910630553557,-0.019123827811285743,0.0,0.0,0.47896891434927363,13.450606851097284,0.5604419521290535,13.450606851097284,0.5604419521290535,13.450606851097284,0.5604419521290535,0.3402461433174331,0.0,0.0,0.20680102125467975,0.0,0.0,0.7332620305036136,0.0,558.6787823930908,0.008002626095478187,0.032
raceline_xy,20260415_212047_eb9da4db,2251,72.06399999999562,286.0865988205435,-218.18625247178372,6.084809700026842,0.023373413953653444,6.084854591690799,0.2535356079871166,-2.1213568031290713,0.01767764279722029,0.1250166474741309,0.6250832373706545,0.13194120152695898,-0.01895804830350034,0.0,0.0,0.4791250195674568,13.432191763416341,0.5596746568090142,13.432191763416341,0.5596746568090142,13.432191763416341,0.5596746568090142,0.3411743725204963,0.0,0.0,0.20555790832222098,0.0,0.0,0.7316289168662251,0.0,558.6708674782809,0.006419819381802226,0.032
raceline_xy,20260415_212047_eb9da4db,2252,72.09599999999561,285.9854072853784,-218.35261007174958,6.084857745521341,0.02142054213719291,6.0848954488024285,0.25353731036676785,-2.120800073724835,0.017394575805953064,0.12200098116819968,0.6100049058409984,0.1334859694191448,-0.018783982631425555,0.0,0.0,0.47928093143131917,13.414370509304998,0.5589321045543749,13.414370509304998,0.5589321045543749,13.414370509304998,0.5589321045543749,0.3420756686062112,0.0,0.0,0.20432134780777048,0.0,0.0,0.7300361212325753,0.0,558.634096077814,0.006029494479435985,0.032
raceline_xy,20260415_212047_eb9da4db,2253,72.12799999999561,285.88423922785074,-218.5189843652018,6.084929847217361,0.019133078423806626,6.084959927579365,0.25353999698247354,-2.1202765484433455,0.016368165438979884,0.11912015400956304,0.5956007700478152,0.13499912775819256,-0.018625941061913842,0.0,0.0,0.4794368699122499,13.397108302102499,0.5582128459209375,13.397108302102499,0.5582128459209375,13.397108302102499,0.5582128459209375,0.3429515170033248,0.0,0.0,0.20310960719759613,0.0,0.0,0.7284880997092167,0.0,558.5760651785712,0.006543932223313721,0.032
raceline_xy,20260415_212047_eb9da4db,2254,72.1599999999956,285.7831076932032,-218.68538347795894,6.085004422341426,0.01757087145472136,6.0850297908423086,0.2535429079517629,-2.1197932959484103,0.015119296201383131,0.11641129796437821,0.5820564898218911,0.1364738132023735,-0.018491005109781078,0.0,0.0,0.4795928342800639,13.380377115606013,0.5575157131502505,13.380377115606013,0.5575157131502505,13.380377115606013,0.5575157131502505,0.34380308770664136,0.0,0.0,0.201923724221394,0.0,0.0,0.726989057101785,0.0,558.5131882419219,0.007274562698465485,0.032
raceline_xy,20260415_212047_eb9da4db,2255,72.1919999999956,285.68203676537945,-218.85182174475236,6.085068184586772,0.017076573858279875,6.0850921456001705,0.25354550606667375,-2.1193416270418863,0.014135746773009715,0.11392513182409623,0.5696256591204811,0.137919113261618,-0.018370497941447184,0.0,0.0,0.4797488238010905,13.364149539356752,0.5568395641398647,13.364149539356752,0.5568395641398647,13.364149539356752,0.5568395641398647,0.34463154291364173,0.0,0.0,0.20075326502182433,0.0,0.0,0.7255360785421758,0.0,558.4570689598461,0.007612122365311967,0.032
raceline_xy,20260415_212047_eb9da4db,2256,72.2239999999956,285.5810437325838,-219.01830915999992,6.085117526149507,0.01730654239382412,6.08514213666875,0.2535475890278646,-2.118906467369589,0.013617194461444644,0.11170456996737431,0.5585228498368715,0.13935037613422674,-0.01824935707844233,0.0,0.0,0.4799048377383127,13.348398750050919,0.5561832812521216,13.348398750050919,0.5561832812521216,13.348398750050919,0.5561832812521216,0.3454380369966783,0.0,0.0,0.19958435910319336,0.0,0.0,0.7241246608578304,0.0,558.4120769981242,0.007339923565289376,0.032
raceline_xy,20260415_212047_eb9da4db,2257,72.2559999999956,285.48013016655057,-219.18484624929425,6.0851565759853345,0.017618536287870246,6.08518208167007,0.2535492534029196,-2.118476497442126,0.013449739688386333,0.10977376935059995,0.5488688467529997,0.14077891359317718,-0.018116203494707328,0.0,0.0,0.48006087535150677,13.333099865385876,0.5555458277244115,13.333099865385876,0.5555458277244115,13.333099865385876,0.5555458277244115,0.34622364548496165,0.0,0.0,0.19840728026297852,0.0,0.0,0.7227504763171263,0.0,558.3761264969363,0.006638232392334634,0.032
raceline_xy,20260415_212047_eb9da4db,2258,72.28799999999559,285.37928420155686,-219.35142566589295,6.085193858662579,0.01751113807712601,6.085219054188725,0.2535507939245302,-2.1180492805536018,0.013359671185425633,0.10814058483496611,0.5407029241748305,0.1422104695055748,-0.01796857328933532,0.0,0.0,0.4802169358973808,13.318199160927641,0.5549249650386517,13.318199160927641,0.5549249650386517,13.318199160927641,0.5549249650386517,0.3469909501249493,0.0,0.0,0.19721638753119525,0.0,0.0,0.7213970065118747,0.0,558.3428512301471,0.005869781440961248,0.032
raceline_xy,20260415_212047_eb9da4db,2259,72.31999999999559,285.278489518615,-219.5180376383717,6.085236368998321,0.016857806341863846,6.0852597193722575,0.2535524883071774,-2.1176300303360946,0.013109980620524578,0.10680691146842565,0.5340345573421282,0.14363807470493528,-0.01781184808362557,0.0,0.0,0.4803730186297143,13.303694285385255,0.5543205952243856,13.303694285385255,0.5543205952243856,13.303694285385255,0.5543205952243856,0.3477399106127508,0.0,0.0,0.19601612069469487,0.0,0.0,0.7200795405584373,0.0,558.3062525649678,0.005327898423950502,0.032
raceline_xy,20260415_212047_eb9da4db,2260,72.35199999999558,285.17773416344266,-219.6846751331557,6.085285474541415,0.015866994341844798,6.085306160594895,0.2535544233581206,-2.1172265465165605,0.012619505188161214,0.10577847271607499,0.528892363580375,0.14505160271522755,-0.01765385389474039,0.0,0.0,0.48052912279949617,13.289600255333141,0.5537333439722142,13.289600255333141,0.5537333439722142,13.289600255333141,0.5537333439722142,0.3484695909034512,0.0,0.0,0.19481318906253117,0.0,0.0,0.7188062181057266,0.0,558.2644554645942,0.005096115479191302,0.032
raceline_xy,20260415_212047_eb9da4db,2261,72.38399999999558,285.07701439561447,-219.8513360099329,6.085337998370924,0.01487019906369813,6.085356166835038,0.2535565069514599,-2.1168442084255137,0.011962011854570472,0.10506835432574936,0.5253417716287467,0.14644562430282848,-0.017499995912861,0.0,0.0,0.48068524765506315,13.275914530920932,0.5531631054550389,13.275914530920932,0.5531631054550389,13.275914530920932,0.5531631054550389,0.3491799628252359,0.0,0.0,0.19361030615909638,0.0,0.0,0.7175728622156433,0.0,558.2194498484652,0.005063586716533619,0.032
raceline_xy,20260415_212047_eb9da4db,2262,72.41599999999558,284.9763328993857,-220.01802188100635,6.085389875941937,0.014104364429071037,6.085406221059738,0.25355859254415575,-2.116483750301038,0.011280732990555162,0.10469384255890642,0.5234692127945321,0.1478194686160732,-0.01735103379143421,0.0,0.0,0.48084139244223784,13.262634670644179,0.5526097779435074,13.262634670644179,0.5526097779435074,13.262634670644179,0.5526097779435074,0.34987099813441347,0.0,0.0,0.19240684454347748,0.0,0.0,0.7163800182271554,0.0,558.1744010462351,0.005042409307393907,0.032
raceline_xy,20260415_212047_eb9da4db,2263,72.44799999999557,284.8756939888404,-220.18473524882063,6.085438666084071,0.013609536337084283,6.0854538843171255,0.25356057851321356,-2.1161422255825304,0.010689782761003597,0.10467015387311229,0.5233507693655615,0.1491761733367749,-0.01720404592727398,0.0,0.0,0.4809975564044665,13.249754169486827,0.5520730903952845,13.249754169486827,0.5520730903952845,13.249754169486827,0.5520730903952845,0.3505428857968478,0.0,0.0,0.1911998616974489,0.0,0.0,0.7152256768521947,0.0,558.1315041145866,0.004892904001110419,0.032
raceline_xy,20260415_212047_eb9da4db,2264,72.47999999999557,284.7750993165089,-220.35147698373845,6.085484115997032,0.013264234710711253,6.085498571684545,0.25356244048685606,-2.115815703427627,0.01022022551751611,0.10059430029987092,0.5029715014993545,0.1502399887966317,-0.01696844018933641,0.0,0.0,0.48107564533918734,13.24345419011522,0.5518105912548008,13.24345419011522,0.5518105912548008,13.24345419011522,0.5518105912548008,0.35087210005171343,0.0,0.0,0.19067889198714122,0.0,0.0,0.7166548978686905,0.0,558.0912854839088,0.0029168947863054398,0.032
raceline_xy,20260415_212047_eb9da4db,2265,72.51199999999557,284.67454494992455,-220.51824463093587,6.085527913236245,0.012840609808390191,6.085541460218453,0.2535642275091022,-2.1155001187471774,0.009876969876955573,0.09581731632887068,0.47908658164435336,0.15157535060353222,-0.016821999400082888,0.0,0.0,0.48123183664060026,13.231121674494897,0.5512967364372874,13.231121674494897,0.5512967364372874,13.231121674494897,0.5512967364372874,0.3515176729668381,0.0,0.0,0.18987854353064818,0.0,0.0,0.7135451274151713,0.0,558.0526858033921,0.004336402603747482,0.032
raceline_xy,20260415_212047_eb9da4db,2266,72.54399999999556,284.5739954404669,-220.685017077338,6.0855810137296285,0.011309550004338309,6.085591522653146,0.2535663134438811,-2.1152144285077217,0.00894955719827842,0.09114686240435138,0.4557343120217569,0.1528819750535022,-0.016688554204607797,0.0,0.0,0.48138804521619066,13.219103088921294,0.5507959620383872,13.219103088921294,0.5507959620383872,13.219103088921294,0.5507959620383872,0.3521482427367517,0.0,0.0,0.18909451339635144,0.0,0.0,0.7124461925579542,0.0,558.0076296121686,0.004723278886477458,0.032
raceline_xy,20260415_212047_eb9da4db,2267,72.57599999999556,284.47348738969805,-220.85181614340328,6.0856248468010925,0.011208636707184638,6.085635168948238,0.25356813203950995,-2.114944935529109,0.00844169098562685,0.08674099519050332,0.4337049759525166,0.15417422534279224,-0.01655432859694761,0.0,0.0,0.4815440642899861,13.20734960982551,0.5503062337427296,13.20734960982551,0.5503062337427296,13.20734960982551,0.5503062337427296,0.3527662729700105,0.0,0.0,0.18830451681989577,0.0,0.0,0.7113631279622008,0.0,557.968347946585,0.0044628334162091395,0.032
raceline_xy,20260415_212047_eb9da4db,2268,72.60799999999556,284.3730287663238,-221.01864638754247,6.085662045002898,0.011426263083056831,6.085672771804027,0.2535696988251678,-2.1146806614119935,0.008273467604439326,0.08254367714889044,0.4127183857444522,0.15546323285620822,-0.016408461165418498,0.0,0.0,0.48170006191955067,13.195809154858182,0.5498253814524242,13.195809154858182,0.5498253814524242,13.195809154858182,0.5498253814524242,0.35337442349001025,0.0,0.0,0.18750476940024838,0.0,0.0,0.7102853588526375,0.0,557.9345053763756,0.003754538256774827,0.032
raceline_xy,20260415_212047_eb9da4db,2269,72.63999999999555,284.27260947486127,-221.1855016459079,6.085698078050132,0.011291944960623912,6.085708554080131,0.25357118975333875,-2.1144192972645293,0.00817841170718545,0.07856113088985138,0.39280565444925686,0.15675113762968973,-0.0162486687223522,0.0,0.0,0.481856074279755,13.184431843081637,0.5493513267950682,13.184431843081637,0.5493513267950682,13.184431843081637,0.5493513267950682,0.3539752625425381,0.0,0.0,0.1866922667676771,0.0,0.0,0.7092070137196962,0.0,557.9023013278821,0.002972852298293597,0.032
raceline_xy,20260415_212047_eb9da4db,2270,72.67199999999555,284.17221341983003,-221.3523723116616,6.0857374443777275,0.010622099541786056,6.0857467143235455,0.2535727797634811,-2.114166189801483,0.007919545196577558,0.07481526472223246,0.3740763236111623,0.15803231830808473,-0.016080303047943723,0.0,0.0,0.4820121004958522,13.173168635585654,0.5488820264827355,13.173168635585654,0.5488820264827355,13.173168635585654,0.5488820264827355,0.35457133681397535,0.0,0.0,0.18586778815230404,0.0,0.0,0.708123092786387,0.0,557.8679571088086,0.0024213206551525783,0.032
raceline_xy,20260415_212047_eb9da4db,2271,72.70399999999555,284.0718284823555,-221.51925122042556,6.08578075899231,0.009610907775365884,6.085788347952078,0.2535745144980032,-2.1139292836567325,0.007415391515402216,0.07133707337426953,0.35668536687134766,0.1592986269416481,-0.01591131327162021,0.0,0.0,0.48216813969176353,13.16197094951627,0.5484154562298446,13.16197094951627,0.5484154562298446,13.16197094951627,0.5484154562298446,0.3551651909431719,0.0,0.0,0.1850331718900405,0.0,0.0,0.7070297901492563,0.0,557.8304868431296,0.0021859002671643203,0.032
raceline_xy,20260415_212047_eb9da4db,2272,72.73599999999554,283.9714508280674,-221.68613613252288,6.0858257281421,0.008592747687861557,6.085831794309562,0.25357632476289843,-2.1137140352063986,0.006741830446606627,0.06817198258442682,0.3408599129221341,0.16054455089278985,-0.01574715969515772,0.0,0.0,0.4823241909902117,13.150790657329456,0.5479496107220606,13.150790657329456,0.5479496107220606,13.150790657329456,0.5479496107220606,0.3557593670325856,0.0,0.0,0.1841876304287575,0.0,0.0,0.7059235091438761,0.0,557.7913851213939,0.0021530733275090877,0.032
raceline_xy,20260415_212047_eb9da4db,2273,72.76799999999554,283.87108317389675,-221.85302866799017,6.085869870838693,0.00780957353070022,6.085874881577907,0.25357812006574615,-2.113521158930201,0.006045101699830742,0.06537756235917189,0.3268878117958594,0.16177107726379703,-0.015588559953724435,0.0,0.0,0.48248025351285356,13.139567676989955,0.5474819865412481,13.139567676989955,0.5474819865412481,13.139567676989955,0.5474819865412481,0.3563570659503865,0.0,0.0,0.18332511065116547,0.0,0.0,0.704794940618341,0.0,557.7526065798831,0.002130790063333667,0.032
raceline_xy,20260415_212047_eb9da4db,2274,72.79999999999553,283.7707298989105,-222.01993139822198,6.085911960636042,0.0073027988601102045,6.085916342136493,0.2535798475890205,-2.1133476277474887,0.005441212899182036,0.06301608127787406,0.3150804063893703,0.16298036923763037,-0.015432492536546327,0.0,0.0,0.4826363263804133,13.128294091364602,0.5470122538068584,13.128294091364602,0.5470122538068584,13.128294091364602,0.5470122538068584,0.3569587286453304,0.0,0.0,0.18243989653421022,0.0,0.0,0.7036594452411018,0.0,557.7152920771563,0.00197685540841115,0.032
raceline_xy,20260415_212047_eb9da4db,2275,72.83199999999553,283.670392661287,-222.18684525047934,6.085952023071746,0.006948683978280634,6.085955989927967,0.253581499580332,-2.1131894328200627,0.00496115730377768,0.0611460511882248,0.30573025594112396,0.16417587891692964,-0.015274949313643482,0.0,0.0,0.48279240871281487,13.116976566747152,0.5465406902811313,13.116976566747152,0.5465406902811313,13.116976566747152,0.5465406902811313,0.3575640190294114,0.0,0.0,0.18152618260066258,0.0,0.0,0.7025219207273103,0.0,557.6796090648289,0.0016623849149063003,0.032
raceline_xy,20260415_212047_eb9da4db,2276,72.86399999999553,283.57006878924375,-222.35376856996908,6.085990834115881,0.006574496005681496,6.085994385220894,0.2535830993842039,-2.1130440776018045,0.004558683179061685,0.05981594880892932,0.2990797440446466,0.165360129082186,-0.015113433105763185,0.0,0.0,0.48294849962931496,13.105616097976277,0.5460673374156783,13.105616097976277,0.5460673374156783,13.105616097976277,0.5460673374156783,0.358172902446821,0.0,0.0,0.18057942364937057,0.0,0.0,0.7013804045428452,0.0,557.6450533011953,0.0012546042303920148,0.032
raceline_xy,20260415_212047_eb9da4db,2277,72.89599999999552,283.4697525183213,-222.52069787320744,6.08602927726292,0.006067689236877616,6.0860323019644005,0.2535846792485167,-2.1129115170663884,0.004158124539200491,0.059060946261353435,0.29530473130676715,0.16653313594667152,-0.014947897683771139,0.0,0.0,0.48310459824863533,13.094213737772591,0.545592239073858,13.094213737772591,0.545592239073858,13.094213737772591,0.545592239073858,0.3587853408304449,0.0,0.0,0.17959771537424052,0.0,0.0,0.7002348755990132,0.0,557.6109282320392,0.0008520095281754729,0.032
raceline_xy,20260415_212047_eb9da4db,2278,72.92799999999552,283.3694375651349,-222.68762938329493,6.086067788960078,0.005420170235383992,6.086070202525008,0.253586258438542,-2.1127934809331474,0.0037044022045399335,0.0589015761963348,0.29450788098167396,0.16769313174687017,-0.014780070995104033,0.0,0.0,0.48326070368909524,13.082771284614765,0.5451154701922819,13.082771284614765,0.5451154701922819,13.082771284614765,0.5451154701922819,0.3594012555957691,0.0,0.0,0.1785814276056681,0.0,0.0,0.6990857965898754,0.0,557.5768177274927,0.0005213270783030717,0.032
raceline_xy,20260415_212047_eb9da4db,2279,72.95999999999552,283.26911923466463,-222.8545602773929,6.086106249215845,0.004702340308736286,6.086108065812548,0.2535878360755228,-2.112692022644734,0.003187174487714027,0.05934294511828132,0.2967147255914066,0.16883805312618616,-0.01461200414138597,0.0,0.0,0.4834168150687443,13.071294289199749,0.5446372620499895,13.071294289199749,0.5446372620499895,13.071294289199749,0.5446372620499895,0.36002036484451994,0.0,0.0,0.17753235986174346,0.0,0.0,0.6979350427707841,0.0,557.5427407687067,0.0002702676747359106,0.032
raceline_xy,20260415_212047_eb9da4db,2280,72.99199999999551,283.16879503999337,-223.02148904902222,6.08614429733778,0.004001668257598734,6.086145612895408,0.25358940053730866,-2.112608314227744,0.0026334542501953956,0.060374149163907535,0.30187074581953766,0.16996675717266108,-0.014444866240121534,0.0,0.0,0.48357293150549424,13.05979210971621,0.5441580045715088,13.05979210971621,0.5441580045715088,13.05979210971621,0.5441580045715088,0.3606421781594804,0.0,0.0,0.17645297326896467,0.0,0.0,0.6967848386332592,0.0,557.5089483941321,6.053871672413204e-05,0.032
raceline_xy,20260415_212047_eb9da4db,2281,73.02399999999551,283.0684639288141,-223.18841504487364,6.086181675343982,0.003369824355254014,6.0861826082536385,0.25359094201056825,-2.1125422749230367,0.0020819343030873522,0.061968672231022315,0.3098433611551116,0.17107937898118575,-0.014278573055202415,0.0,0.0,0.48372905211725237,13.04827543781342,0.5436781432422259,13.04827543781342,0.5436781432422259,13.04827543781342,0.5436781432422259,0.36126612850900264,0.0,0.0,0.1753460353953626,0.0,0.0,0.6956366691073497,0.0,557.4756525717249,-0.00015776478705905976,0.032
raceline_xy,20260415_212047_eb9da4db,2282,73.0559999999955,282.96812494828737,-223.35533766869654,6.086218336779875,0.002804847729088511,6.086218983090107,0.25359245762875443,-2.1124929935472867,0.0015584116541212244,0.0640545574993768,0.320272787496884,0.1721768855541641,-0.014112219910983548,0.0,0.0,0.48388514357814655,13.036754621938798,0.5431981092474499,13.036754621938798,0.5431981092474499,13.036754621938798,0.5431981092474499,0.36189166254272553,0.0,0.0,0.17421696476697415,0.0,0.0,0.6944914061488047,0.0,557.4429152189035,-0.0004214060157681091,0.032
raceline_xy,20260415_212047_eb9da4db,2283,73.0879999999955,282.8677762394999,-223.52225578148884,6.086254372120856,0.0022676829569059365,6.086254794579852,0.2535939497741605,-2.1124594758417654,0.0010656259405439853,0.05910208886244618,0.2955104443122309,0.17299527894238276,-0.014013858384298583,0.0,0.0,0.4839631834580061,13.030995908735445,0.5429581628639769,13.030995908735445,0.5429581628639769,13.030995908735445,0.5429581628639769,0.36220484838471245,0.0,0.0,0.17391181327481195,0.0,0.0,0.6957185813348107,0.0,557.4106848781329,0.0027632269344923183,0.032
raceline_xy,20260415_212047_eb9da4db,2284,73.1199999999955,282.7674175326657,-223.6891691408108,6.086288199638552,0.0018330172466245465,6.086288475664928,0.2535953531527053,-2.1124446281991283,0.0004825617227291761,0.05330955344674688,0.26654776723373436,0.17406235904364964,-0.013856701854707332,0.0,0.0,0.4841192645864519,13.01948832795376,0.5424786803314067,13.01948832795376,0.5424786803314067,13.01948832795376,0.5424786803314067,0.36283170717260793,0.0,0.0,0.17336440294634908,0.0,0.0,0.6927801410432314,0.0,557.3803719015648,-0.0005090297418731205,0.032
raceline_xy,20260415_212047_eb9da4db,2285,73.1519999999955,282.66710793187167,-223.85611311291453,6.086316894814743,0.003428695435379492,6.0863178605836685,0.2535965775243195,-2.112409725667902,0.0010941343864179535,0.04760473308922147,0.2380236654461073,0.17515233254788098,-0.013662659403970157,0.0,0.0,0.4842753468075385,13.008002270243495,0.542000094593479,13.008002270243495,0.542000094593479,13.008002270243495,0.542000094593479,0.3634587560833129,0.0,0.0,0.1727947545640727,0.0,0.0,0.6916481807347585,0.0,557.3539254746979,-0.0023880468982785735,0.032
raceline_xy,20260415_212047_eb9da4db,2286,73.18399999999549,282.5667703982374,-224.02304154709785,6.086350898766463,0.0022418871556268982,6.0863513116622965,0.25359797131926237,-2.1123787509679044,0.0009718975073376058,0.04194776350718573,0.20973881753592863,0.17623991750042833,-0.01345571001080037,0.0,0.0,0.48443142924300037,12.996547658050321,0.5415228190854301,12.996547658050321,0.5415228190854301,12.996547658050321,0.5415228190854301,0.3640854480389186,0.0,0.0,0.17222169309702529,0.0,0.0,0.6905194185199767,0.0,557.3238195039328,-0.003129567167456216,0.032
raceline_xy,20260415_212047_eb9da4db,2287,73.21599999999549,282.4663725966814,-224.18993501781404,6.0863855139273815,5.432002364980093e-05,6.0863855141697805,0.25359939642374085,-2.112377028273123,6.711884657900741e-05,0.03633864699357127,0.18169323496785633,0.17729928619579383,-0.013261173545557003,0.0,0.0,0.4845875110152957,12.985134234952856,0.5410472597897024,12.985134234952856,0.5410472597897024,12.985134234952856,0.5410472597897024,0.3647112410486,0.0,0.0,0.17166187346701153,0.0,0.0,0.6893987403559777,0.0,557.2930372471972,-0.002841101530664315,0.032
raceline_xy,20260415_212047_eb9da4db,2288,73.24799999999549,282.3659181581074,-224.35679556353455,6.086416293571958,-0.0017563227516919078,6.086416546978017,0.25360068945741737,-2.112415864474224,-0.0011904115367788438,0.030822448542981613,0.15411224271490806,0.17831914794717196,-0.013090345369592526,0.0,0.0,0.48474359124773825,12.973772343778567,0.5405738476574403,12.973772343778567,0.5405738476574403,12.973772343778567,0.5405738476574403,0.3653355555152715,0.0,0.0,0.1711197374961966,0.0,0.0,0.688287935138715,0.0,557.2651077197839,-0.002148379093722788,0.032
raceline_xy,20260415_212047_eb9da4db,2289,73.27999999999548,282.26542846518265,-224.5236359824551,6.086445511614557,-0.0025727283644911836,6.086446055358104,0.25360191897325435,-2.1124901044595568,-0.0022919439919890576,0.025496263439706065,0.12748131719853031,0.17930519018487656,-0.012937949229824497,0.0,0.0,0.48489966906463067,12.962465158510842,0.5401027149379517,12.962465158510842,0.5401027149379517,12.962465158510842,0.5401027149379517,0.36595820211502383,0.0,0.0,0.17058520166575494,0.0,0.0,0.6871831744471798,0.0,557.2385501777057,-0.0017099147493167886,0.032
raceline_xy,20260415_212047_eb9da4db,2290,73.31199999999548,282.16492281274174,-224.69046794078844,6.0864763833903295,-0.0025546906519275936,6.08647691953338,0.2536032049805575,-2.1125856753653363,-0.0029598576641308018,0.02053521366028304,0.1026760683014152,0.1802718961292067,-0.012789997509202067,0.0,0.0,0.48505574359139625,12.951210883646574,0.5396337868186073,12.951210883646574,0.5396337868186073,12.951210883646574,0.5396337868186073,0.3665792645484136,0.0,0.0,0.170037257330277,0.0,0.0,0.6860820564973489,0.0,557.2107724199573,-0.0018500736566215018,0.032
raceline_xy,20260415_212047_eb9da4db,2291,73.34399999999548,282.0644065032602,-224.85729469309405,6.086509000583664,-0.0022895775848104094,6.086509431221763,0.2536045596342401,-2.112689896785241,-0.0032350029740594983,0.016274445807416823,0.0813722290370841,0.18123208848782912,-0.012633789263060802,0.0,0.0,0.4852118139547128,12.940009912959397,0.5391670797066416,12.940009912959397,0.5391670797066416,12.940009912959397,0.5391670797066416,0.36719870615577577,0.0,0.0,0.16944536970109558,0.0,0.0,0.6849860844496634,0.0,557.1815119004132,-0.0024803892229575217,0.032
raceline_xy,20260415_212047_eb9da4db,2292,73.37599999999547,281.9638704036056,-225.0241107547825,6.086542037059104,-0.002333503331320319,6.086542484376937,0.25360593684903904,-2.1127980404261457,-0.0033621041304789413,0.013370396707959848,0.06685198353979924,0.18219038037078228,-0.012464575168154912,0.0,0.0,0.48536787928264474,12.92886265476934,0.5387026106153892,12.92886265476934,0.5387026106153892,12.92886265476934,0.5387026106153892,0.3678164892787672,0.0,0.0,0.16876286914789923,0.0,0.0,0.6838958495734628,0.0,557.151764060756,-0.0032692699642997377,0.032
raceline_xy,20260415_212047_eb9da4db,2293,73.40799999999547,281.86329863569193,-225.19090652970436,6.086574299106239,-0.0029119216573749718,6.08657499566286,0.2536072914859525,-2.1129136215803843,-0.0035962825405936416,0.012751596800194609,0.06375798400097304,0.1831430209372633,-0.012285849004665561,0.0,0.0,0.4855239387047761,12.91777856434117,0.5382407735142154,12.91777856434117,0.5382407735142154,12.91777856434117,0.5382407735142154,0.3684320730854318,0.0,0.0,0.16793112186752468,0.0,0.0,0.6828152152634985,0.0,557.1225039034254,-0.0038949529444755934,0.032
raceline_xy,20260415_212047_eb9da4db,2294,73.43999999999546,281.7626777478975,-225.35767383286256,6.086604671599845,-0.0038917961375561916,6.086605915813692,0.2536085798255705,-2.1130440875343632,-0.004060191059822569,0.014693069741752152,0.07346534870876076,0.18408237024710417,-0.012105036074452347,0.0,0.0,0.48567999135234385,12.906769684477275,0.5377820701865531,12.906769684477275,0.5377820701865531,12.906769684477275,0.5377820701865531,0.3690447681562743,0.0,0.0,0.1669391511936866,0.0,0.0,0.681746275593093,0.0,557.0946757676768,-0.004219016301559,0.032
raceline_xy,20260415_212047_eb9da4db,2295,73.47199999999546,281.66200187494877,-225.52440902320106,6.086632665363705,-0.0049592324286775735,6.0866346856911635,0.2536097785704651,-2.113195607303215,-0.00471538550098508,0.018397316738618965,0.09198658369309481,0.185002201459187,-0.011928282945859348,0.0,0.0,0.4858360363583707,12.89585043440604,0.537327101433585,12.89585043440604,0.537327101433585,12.89585043440604,0.537327101433585,0.3696537468041403,0.0,0.0,0.1658470866509669,0.0,0.0,0.6806911028888015,0.0,557.0687828779525,-0.004308738933142718,0.032
raceline_xy,20260415_212047_eb9da4db,2296,73.50399999999546,281.56127221637394,-225.69111274375868,6.086659112832119,-0.005844481660449485,6.086661918801483,0.25361091328339513,-2.1133700790693695,-0.005430298357687911,0.02302700017510952,0.1151350008755476,0.1859006844902087,-0.011757464902321768,0.0,0.0,0.48599207285779855,12.885043749116424,0.536876822879851,12.885043749116424,0.536876822879851,12.885043749116424,0.536876822879851,0.3702576983061858,0.0,0.0,0.16471393291732525,0.0,0.0,0.6796542017011993,0.0,557.0442730786647,-0.004340261706580336,0.032
raceline_xy,20260415_212047_eb9da4db,2297,73.53599999999545,281.46049278797403,-225.85778739181012,6.086685522655433,-0.006456985117544445,6.086688947560902,0.25361203948170424,-2.113565347771094,-0.006079397819990538,0.028135441016880057,0.14067720508440026,0.1867800930564285,-0.011590394088592415,0.0,0.0,0.4861481085332526,12.874372596475943,0.536432191519831,12.874372596475943,0.536432191519831,12.874372596475943,0.536432191519831,0.37085529968173914,0.0,0.0,0.16356908752138116,0.0,0.0,0.6786374995551205,0.0,557.0199471951876,-0.004470403685686991,0.032
raceline_xy,20260415_212047_eb9da4db,2298,73.56799999999545,281.3596658734043,-226.02443435537793,6.08671278663105,-0.00688272849456073,6.086716678053074,0.25361319491887807,-2.113777577687621,-0.006610133594623935,0.03367316018795014,0.1683658009397507,0.18764435097522325,-0.011423057014937399,0.0,0.0,0.4863042763298272,12.863862385093967,0.535994266045582,12.863862385093967,0.535994266045582,12.863862385093967,0.535994266045582,0.3714450806553997,0.0,0.0,0.16241424133833646,0.0,0.0,0.6776443181613768,0.0,556.9949897522329,-0.004792886257854474,0.032
raceline_xy,20260415_212047_eb9da4db,2299,73.59999999999545,281.2587897263239,-226.19105258385102,6.086740709621134,-0.007286870368703902,6.086745071435057,0.2536143779764607,-2.114003818044015,-0.007049332393026598,0.039346649902023405,0.196733249510117,0.18849642533088318,-0.011252640279747705,0.0,0.0,0.4864604330918872,12.853532769377253,0.5355638653907189,12.853532769377253,0.5355638653907189,12.853532769377253,0.5355638653907189,0.3720258838301467,0.0,0.0,0.1612674996965589,0.0,0.0,0.676675104252935,0.0,556.9694357084486,-0.005207840811036774,0.032
raceline_xy,20260415_212047_eb9da4db,2300,73.63199999999544,281.1578585256027,-226.35763852164212,6.086768191589557,-0.007820687023536887,6.086773215858459,0.25361555066076913,-2.114243771830205,-0.0074788207358882156,0.04509846191421483,0.22549230957107413,0.1893365565570213,-0.011078836012534232,0.0,0.0,0.4866165780335551,12.843405928354276,0.5351419136814282,12.843405928354276,0.5351419136814282,12.843405928354276,0.5351419136814282,0.37259640137741235,0.0,0.0,0.16013296810251973,0.0,0.0,0.6757332055850922,0.0,556.9441057273864,-0.00561596497434173,0.032
raceline_xy,20260415_212047_eb9da4db,2301,73.66399999999544,281.0568658726929,-226.52418822320635,6.086794326734813,-0.008496411945080773,6.0868002567019595,0.25361667736258164,-2.114499001804772,-0.007956312192043357,0.050897108778365,0.254485543891825,0.19016311469531022,-0.010903195617103734,0.0,0.0,0.48677271037157266,12.833503931803268,0.5347293304918028,12.833503931803268,0.5347293304918028,12.833503931803268,0.5347293304918028,0.3731553228535125,0.0,0.0,0.15901412515895075,0.0,0.0,0.6748208396492456,0.0,556.9197689682361,-0.005957939434790912,0.032
raceline_xy,20260415_212047_eb9da4db,2302,73.69599999999544,280.95580702142666,-226.69069872248804,6.086818810402971,-0.009242338232789749,6.086825827267562,0.25361774280281507,-2.114771427201699,-0.008493159253943797,0.04757846371930016,0.2378923185965008,0.19071568764253222,-0.010953765027303053,0.0,0.0,0.48685077157019435,12.828644234310392,0.5345268430962663,12.828644234310392,0.5345268430962663,12.828644234310392,0.5345268430962663,0.3734300183372423,0.0,0.0,0.1587759239938301,0.0,0.0,0.6759133760289657,0.0,556.8967554591936,0.0025960031587878175,0.032
raceline_xy,20260415_212047_eb9da4db,2303,73.72799999999543,280.85468650144213,-226.85717240960142,6.08683502106981,-0.009665519278537982,6.086842695189751,0.2536184456329063,-2.1150706250934608,-0.009327732554510578,0.043639322412234866,0.21819661206117433,0.19150083289667696,-0.010796401708672132,0.0,0.0,0.48700688354019467,12.81913427943164,0.5341305949763183,12.81913427943164,0.5341305949763183,12.81913427943164,0.5341305949763183,0.37396831180918433,0.0,0.0,0.15832534313099575,0.0,0.0,0.6735197347146532,0.0,556.8815743292238,-0.005502869189021552,0.032
raceline_xy,20260415_212047_eb9da4db,2304,73.75999999999543,280.75366061344465,-227.0237050395029,6.086880816630398,-0.004799361708990091,6.0868827087217605,0.2536201128634067,-2.1152977460021187,-0.007112025297356453,0.040136482394754154,0.20068241197377076,0.19236263027900202,-0.010549595721400795,0.0,0.0,0.48716298096075883,12.809885251634523,0.5337452188181051,12.809885251634523,0.5337452188181051,12.809885251634523,0.5337452188181051,0.3744927789229573,0.0,0.0,0.15780449855863987,0.0,0.0,0.6726744263330111,0.0,556.8455621504152,-0.00973794424621069,0.032
raceline_xy,20260415_212047_eb9da4db,2305,73.79199999999543,280.65253572044844,-227.19017886249765,6.086913161530878,-0.007073461321496222,6.0869172714825766,0.2536215529784407,-2.11551531193774,-0.006811102000492465,0.037278523573294566,0.18639261786647282,0.19323511955216732,-0.010275737874812396,0.0,0.0,0.4873190630588764,12.800898572215889,0.5333707738423287,12.800898572215889,0.5333707738423287,12.800898572215889,0.5333707738423287,0.37500326233808723,0.0,0.0,0.15724153791669915,0.0,0.0,0.6718650105915199,0.0,556.8144556656807,-0.011004727842612777,0.032
raceline_xy,20260415_212047_eb9da4db,2306,73.82399999999542,280.5512380663015,-227.35654786165586,6.086912440740477,-0.011738967002442369,6.086923760372515,0.2536218233488548,-2.1157862782614636,-0.00845658081344003,0.035281821642700203,0.176409108213501,0.1940540338839285,-0.010038035166393122,0.0,0.0,0.487475129064774,12.792168966329967,0.5330070402637487,12.792168966329967,0.5330070402637487,12.792168966329967,0.5330070402637487,0.375499987370258,0.0,0.0,0.1566630067678835,0.0,0.0,0.6710892457723315,0.0,556.8086156647363,-0.009709797116071698,0.032
raceline_xy,20260415_212047_eb9da4db,2307,73.85599999999542,280.44978526977735,-227.5228214520973,6.08688192693122,-0.015299069901612228,6.086901153620106,0.25362088140083777,-2.1161364411587673,-0.010907859821212978,0.03429838480051293,0.17149192400256463,0.1947938924317283,-0.00986224177657613,0.0,0.0,0.4876311782120534,12.783696377865088,0.5326540157443787,12.783696377865088,0.5326540157443787,12.783696377865088,0.5326540157443787,0.3759828855151204,0.0,0.0,0.15607553718622733,0.0,0.0,0.670342107915106,0.0,556.8289617419041,-0.007503276468808265,0.032
raceline_xy,20260415_212047_eb9da4db,2308,73.88799999999542,280.3482368385977,-227.68903594864918,6.086860570235326,-0.01629344885955586,6.086882377536242,0.2536200990640101,-2.1165502186055365,-0.012885403782021678,0.03436462912254019,0.17182314561270093,0.19547135248723535,-0.009732733494092649,0.0,0.0,0.4877872097378289,12.775500220271166,0.5323125091779652,12.775500220271166,0.5323125091779652,12.775500220271166,0.5323125091779652,0.37645077780311675,0.0,0.0,0.15546697211553545,0.0,0.0,0.6696177347088643,0.0,556.8458602173814,-0.006035733966733025,0.032
raceline_xy,20260415_212047_eb9da4db,2309,73.91999999999541,280.24664394542697,-227.85522364893862,6.086873339390042,-0.015232575356816547,6.086892399338868,0.2536205166391195,-2.1169910248287724,-0.013734652599331229,0.035409735483008874,0.17704867741504435,0.1961239364049545,-0.009612882200291217,0.0,0.0,0.48794322288286684,12.767576439543841,0.5319823516476601,12.767576439543841,0.5319823516476601,12.767576439543841,0.5319823516476601,0.37690382313900805,0.0,0.0,0.15481878427700102,0.0,0.0,0.6689084066896829,0.0,556.8368405950181,-0.006063284079693948,0.032
raceline_xy,20260415_212047_eb9da4db,2310,73.95199999999541,280.14502123802856,-228.02139441636749,6.086911669235208,-0.013647290657686995,6.086926968316117,0.25362195701317153,-2.117427418254344,-0.01360929235463477,0.03731139459585122,0.18655697297925608,0.1967833691458023,-0.009471203840816678,0.0,0.0,0.4880992168917227,12.759919137534546,0.5316632973972727,12.759919137534546,0.5316632973972727,12.759919137534546,0.5316632973972727,0.3773422896849743,0.0,0.0,0.15411985013468343,0.0,0.0,0.6682225150693293,0.0,556.8057285154941,-0.007298826250118843,0.032
raceline_xy,20260415_212047_eb9da4db,2311,73.9839999999954,280.0433476666782,-228.1875356623298,6.086955782176787,-0.01291948230508222,6.0869694928756175,0.2536237288698174,-2.1178488502241786,-0.013152953575553362,0.039945314152055406,0.19972657076027703,0.1974598397884506,-0.00929710716704557,0.0,0.0,0.48825519101288106,12.752534056527601,0.53135558568865,12.752534056527601,0.53135558568865,12.752534056527601,0.53135558568865,0.37776578171012787,0.0,0.0,0.15337281486044801,0.0,0.0,0.6675697650620322,0.0,556.7674564119438,-0.008876086141552084,0.032
raceline_xy,20260415_212047_eb9da4db,2312,74.0159999999954,279.94158684516646,-228.35362487596973,6.086991529781278,-0.013558543957013836,6.0870066303350825,0.25362527626396175,-2.1182653779668,-0.013003807834321044,0.04319908656958661,0.21599543284793304,0.19814265300075684,-0.009100606731433647,0.0,0.0,0.48841114449889406,12.745426916108567,0.531059454837857,12.745426916108567,0.531059454837857,12.745426916108567,0.531059454837857,0.3781739050705637,0.0,0.0,0.1525920929405692,0.0,0.0,0.666951021454544,0.0,556.7340326984254,-0.009994149015415404,0.032
raceline_xy,20260415_212047_eb9da4db,2313,74.0479999999954,279.8397099881461,-228.51964383964523,6.087011668074835,-0.015175165024173154,6.087030584193963,0.2536262743414151,-2.1186961698923046,-0.013446412170281256,0.04700801733231991,0.23504008666159953,0.19881213455873192,-0.008900560183649375,0.0,0.0,0.4885672132206913,12.738608073561998,0.5307753363984166,12.738608073561998,0.5307753363984166,12.738608073561998,0.5307753363984166,0.37856599925005785,0.0,0.0,0.1517943737848603,0.0,0.0,0.6663677975707327,0.0,556.712474225433,-0.0103534113074752,0.032
raceline_xy,20260415_212047_eb9da4db,2314,74.0799999999954,279.73770796592964,-228.6855863103099,6.0870170543158135,-0.01695803689080888,6.087040676268457,0.25362669484451905,-2.1191563531813005,-0.014358365494542363,0.051326355266903954,0.2566317763345198,0.1994530013730933,-0.008711941416574831,0.0,0.0,0.48872344574828486,12.73208511078385,0.5305035462826604,12.73208511078385,0.5305035462826604,12.73208511078385,0.5305035462826604,0.37894156295340764,0.0,0.0,0.1509921039476983,0.0,0.0,0.6658178193755727,0.0,556.7033913583881,-0.010173958797606415,0.032
raceline_xy,20260415_212047_eb9da4db,2315,74.11199999999539,279.6355886853827,-228.85145677910995,6.087016820677067,-0.018252842023845695,6.087044187571459,0.2536268411488108,-2.119650057792388,-0.015400566769891037,0.055994893075610015,0.27997446537805004,0.20006127413152974,-0.008539218774833213,0.0,0.0,0.4888796555726632,12.725857062454146,0.5302440442689228,12.725857062454146,0.5302440442689228,12.725857062454146,0.5302440442689228,0.37930058834024516,0.0,0.0,0.15019736858596736,0.0,0.0,0.6652951122281656,0.0,556.7002311856862,-0.00982693118756919,0.032
raceline_xy,20260415_212047_eb9da4db,2316,74.14399999999539,279.53336571804516,-229.01726360936738,6.087021339039926,-0.018878912809036752,6.087050615468567,0.25362710897785695,-2.120171783913107,-0.016274540119782074,0.06091129720099612,0.3045564860049806,0.2006427080610309,-0.008376876624700547,0.0,0.0,0.48903584213190116,12.719929117015681,0.52999704654232,12.719929117015681,0.52999704654232,12.719929117015681,0.52999704654232,0.37964271517315984,0.0,0.0,0.14941284848042327,0.0,0.0,0.6648004799857977,0.0,556.694446078289,-0.009726477826632125,0.032
raceline_xy,20260415_212047_eb9da4db,2317,74.17599999999538,279.43104873564573,-229.18301299956403,6.087035711381949,-0.019034940558277924,6.087065473658157,0.2536277280690899,-2.120711766678127,-0.01684698672271494,0.06600011424990893,0.3300005712495446,0.2012061532180227,-0.008215133953722642,0.0,0.0,0.4891920048689563,12.714325345541724,0.5297635560642385,12.714325345541724,0.5297635560642385,12.714325345541724,0.5297635560642385,0.37996649302168484,0.0,0.0,0.14863819581499182,0.0,0.0,0.6643429055466146,0.0,556.6810737076582,-0.01002038426713391,0.032
raceline_xy,20260415_212047_eb9da4db,2318,74.20799999999538,279.32863750981585,-229.34870500326113,6.087057393634732,-0.019130392584484124,6.087087455041507,0.2536286439600628,-2.121262554588869,-0.01718818269272906,0.07121295325432192,0.3560647662716096,0.20175950031790713,-0.008046522795484456,0.0,0.0,0.48934814323181525,12.70904001179677,0.5295433338248654,12.70904001179677,0.5295433338248654,12.70904001179677,0.5295433338248654,0.38027219350969244,0.0,0.0,0.14787146499558293,0.0,0.0,0.663914767141176,0.0,556.6612904626433,-0.0105972106951457,0.032
raceline_xy,20260415_212047_eb9da4db,2319,74.23999999999538,279.22612328403244,-229.5143342004154,6.087080163508373,-0.019492375430409936,6.087111373194764,0.2536296405497818,-2.12182242206703,-0.017474762985794843,0.07652159714100243,0.38260798570501214,0.2023049882509249,-0.007868947726763498,0.0,0.0,0.48950425667363956,12.704067229584645,0.5293361345660269,12.704067229584645,0.5293361345660269,12.704067229584645,0.5293361345660269,0.3805601015761435,0.0,0.0,0.147112944322752,0.0,0.0,0.6635171609184164,0.0,556.6397641247119,-0.011223162518041483,0.032
raceline_xy,20260415_212047_eb9da4db,2320,74.27199999999537,279.1234944870973,-229.67989321118307,6.087098571615658,-0.020207861965038543,6.0871321144074555,0.2536305047669773,-2.1223946603241126,-0.01786226102200453,0.08190844150065028,0.4095422075032514,0.2028391184192584,-0.007685246005930235,0.0,0.0,0.48966034465291325,12.699414135865254,0.5291422556610522,12.699414135865254,0.5291422556610522,12.699414135865254,0.5291422556610522,0.38082975160357346,0.0,0.0,0.1463659584011206,0.0,0.0,0.6631553467080464,0.0,556.6210970332896,-0.011705786449132774,0.032
raceline_xy,20260415_212047_eb9da4db,2321,74.30399999999537,279.0207423482986,-229.84537626611478,6.087110427590321,-0.021145135484780475,6.08714715399862,0.25363113141660915,-2.1229843322816695,-0.01840622401514744,0.08250894059280765,0.4125447029640382,0.2031016857237784,-0.007890268584837656,0.0,0.0,0.4897383789263611,12.69720283141785,0.5290501179757437,12.69720283141785,0.5290501179757437,12.69720283141785,0.5290501179757437,0.38095798335535047,0.0,0.0,0.14612494302161194,0.0,0.0,0.6636997795524515,0.0,556.6075614012417,0.0023522883881398433,0.032
raceline_xy,20260415_212047_eb9da4db,2322,74.33599999999537,278.917875010138,-230.01078746423158,6.087101674521596,-0.021587218729525404,6.087139952718032,0.2536308313632513,-2.123608728166655,-0.01948763613192954,0.08227152848557549,0.4113576424278774,0.2035855870490062,-0.007731974902114747,0.0,0.0,0.4898944277084691,12.693010894862535,0.5288754539526056,12.693010894862535,0.5288754539526056,12.693010894862535,0.5288754539526056,0.38120122101722576,0.0,0.0,0.145760534371373,0.0,0.0,0.6626734934989534,0.0,556.6140425537707,-0.010763931440272033,0.032
raceline_xy,20260415_212047_eb9da4db,2323,74.36799999999536,278.8151464251262,-230.17628813104128,6.08721178761191,-0.013391561185298162,6.087226517976176,0.25363443824900733,-2.1241077076731374,-0.01562505019268062,0.08220711276129737,0.4110355638064868,0.20420047639994898,-0.007430367871179566,0.0,0.0,0.4900504496984844,12.689153652873443,0.5287147355363935,12.689153652873443,0.5287147355363935,12.689153652873443,0.5287147355363935,0.3814252124069597,0.0,0.0,0.14531387868505952,0.0,0.0,0.6623583465900683,0.0,556.5361338214412,-0.01741640362916997,0.032
raceline_xy,20260415_212047_eb9da4db,2324,74.39999999999536,278.71224458424035,-230.34168297444046,6.087252181105777,-0.016836009789959583,6.087275463423903,0.2536364776426626,-2.124584076579267,-0.014914101888107014,0.08261594248772078,0.41307971243860386,0.204837952664493,-0.007088202410656219,0.0,0.0,0.4902064443746769,12.685616315184962,0.5285673464660401,12.685616315184962,0.5285673464660401,12.685616315184962,0.5285673464660401,0.3816307739411311,0.0,0.0,0.14483378324759036,0.0,0.0,0.6621150308442799,0.0,556.4920829184871,-0.019190225705906,0.032
raceline_xy,20260415_212047_eb9da4db,2325,74.43199999999536,278.60905517456604,-230.50689672398948,6.087179265634974,-0.024074502698277378,6.087226872201866,0.2536344530084111,-2.125139528009224,-0.01734881175100227,0.0836159451504313,0.4180797257521565,0.2053942371390085,-0.006807121051358056,0.0,0.0,0.4903624112213028,12.682386542469288,0.528432772602887,12.682386542469288,0.528432772602887,12.682386542469288,0.528432772602887,0.38181858530710233,0.0,0.0,0.1443757310106424,0.0,0.0,0.6619266881397134,0.0,556.5358150183205,-0.016826389175162663,0.032
raceline_xy,20260415_212047_eb9da4db,2326,74.46399999999535,278.5056114831769,-230.67194642173575,6.08702443099624,-0.029421924996530624,6.087095536724851,0.2536289806968688,-2.1258143199743156,-0.021041746759247373,0.08516038742162181,0.42580193710810904,0.2058296317392796,-0.006627331509792889,0.0,0.0,0.49051834972875186,12.6794641842318,0.528311007676325,12.6794641842318,0.528311007676325,12.6794641842318,0.528311007676325,0.3819886218007591,0.0,0.0,0.14396567924846282,0.0,0.0,0.6617723014905403,0.0,556.6540169476337,-0.013047411683434448,0.032
raceline_xy,20260415_212047_eb9da4db,2327,74.49599999999535,278.4020120205937,-230.836894171714,6.08690719187074,-0.030567496638595593,6.086983943982315,0.2536243309992631,-2.126581606120892,-0.023916796532260153,0.0871137135548895,0.4355685677744475,0.2061727550040029,-0.0065219374687126574,0.0,0.0,0.49067425939369724,12.676849133161554,0.5282020472150647,12.676849133161554,0.5282020472150647,12.676849133161554,0.5282020472150647,0.38214085936667175,0.0,0.0,0.14359253172754846,0.0,0.0,0.6616143230013352,0.0,556.7544504159165,-0.01052712951747045,0.032
raceline_xy,20260415_212047_eb9da4db,2328,74.52799999999534,278.2983396152907,-231.00179524284124,6.086895364485742,-0.028405656684402647,6.086961644328777,0.25362340184703236,-2.127381332802903,-0.024938495818031557,0.08934542585674862,0.4467271292837431,0.20648518163187024,-0.006430835683254976,0.0,0.0,0.49083013971924394,12.674541324587185,0.528105888524466,12.674541324587185,0.528105888524466,12.674541324587185,0.528105888524466,0.3822752746312523,0.0,0.0,0.14322620849679749,0.0,0.0,0.6614561668078229,0.0,556.7745201041007,-0.010455809669425113,0.032
raceline_xy,20260415_212047_eb9da4db,2329,74.55999999999534,278.19461751401354,-231.16666697769367,6.086959158941944,-0.025451957483559884,6.087012371004922,0.25362551545853845,-2.1281627767698845,-0.02438702351222667,0.09176221197988882,0.4588110598994441,0.20681808109761457,-0.006302217865172377,0.0,0.0,0.4909863540285326,12.672558509660359,0.5280232712358482,12.672558509660359,0.5280232712358482,12.672558509660359,0.5280232712358482,0.3823908090982977,0.0,0.0,0.14284290714612535,0.0,0.0,0.6613335859759594,0.0,556.7288660955694,-0.01236441114716665,0.032
raceline_xy,20260415_212047_eb9da4db,2330,74.59199999999534,278.0908120386714,-231.33148900229244,6.08703855658622,-0.02393884152475101,6.087085629223627,0.2536285678843178,-2.1289095983500523,-0.02332247130752713,0.09444711480304709,0.4722355740152354,0.20718719812263142,-0.0061204858009507035,0.0,0.0,0.49114261694723055,12.670887135155631,0.5279536306314846,12.670887135155631,0.5279536306314846,12.670887135155631,0.5279536306314846,0.382488231082843,0.0,0.0,0.1424293375412142,0.0,0.0,0.6612511513611958,0.0,556.6629336987353,-0.014772545996738433,0.032
raceline_xy,20260415_212047_eb9da4db,2331,74.62399999999533,277.9868653491192,-231.49622412582403,6.087091645962332,-0.024679253274316082,6.087141675029963,0.2536309031262485,-2.1296391876702563,-0.022790041829296205,0.09744127913710429,0.48720639568552143,0.20757409814738637,-0.005903234117788259,0.0,0.0,0.49129884927247003,12.669522925842028,0.5278967885767512,12.669522925842028,0.5278967885767512,12.669522925842028,0.5278967885767512,0.3825677722572922,0.0,0.0,0.14199475403883313,0.0,0.0,0.6612119141054132,0.0,556.6124924730326,-0.016382616029735862,0.032
raceline_xy,20260415_212047_eb9da4db,2332,74.65599999999533,277.88273342488134,-231.66084289938675,6.087099746758483,-0.026986623583960423,6.087159567880544,0.25363164866168936,-2.1303831204033017,-0.023233105834855827,0.10075964595161674,0.5037982297580836,0.2079448553914376,-0.005682022193915781,0.0,0.0,0.4914550507361834,12.66849226018699,0.5278538441744579,12.66849226018699,0.5278538441744579,12.66849226018699,0.5278538441744579,0.38262787988954994,0.0,0.0,0.14155921841523306,0.0,0.0,0.6612242620053327,0.0,556.5963889075099,-0.016718140531762953,0.032
raceline_xy,20260415_212047_eb9da4db,2333,74.68799999999533,277.7784047615122,-231.82533631960283,6.087068532081988,-0.02951313196133798,6.087140078823628,0.2536308366176512,-2.131165647677024,-0.024429037744352716,0.10438018679978886,0.5219009339989442,0.2082758443444832,-0.005481084786878032,0.0,0.0,0.49161122107769784,12.66778050375008,0.5278241876562534,12.66778050375008,0.5278241876562534,12.66778050375008,0.5278241876562534,0.38266939599282335,0.0,0.0,0.14113747551414452,0.0,0.0,0.6612670685114704,0.0,556.6139290587341,-0.016137090047928092,0.032
raceline_xy,20260415_212047_eb9da4db,2334,74.71999999999532,277.67389544969456,-231.98971371573163,6.08702563032247,-0.031188604015686128,6.087105531631853,0.2536293971513272,-2.1319925694728283,-0.025808421987416272,0.10825000228146202,0.5412500114073101,0.20856224517287147,-0.005306205441245382,0.0,0.0,0.49176736004389277,12.667375884372262,0.5278073285155109,12.667375884372262,0.5278073285155109,12.667375884372262,0.5278073285155109,0.3826929996264443,0.0,0.0,0.14073461813482113,0.0,0.0,0.661331117363162,0.0,556.6450215313315,-0.015394747897098021,0.032
raceline_xy,20260415_212047_eb9da4db,2335,74.75199999999532,277.56923061999066,-232.15399128001357,6.08700041395786,-0.031723221926560186,6.08708307831695,0.25362846159653957,-2.1328534587602723,-0.026868027019482717,0.11230804881154492,0.5615402440577246,0.20881494127169953,-0.0051456852926312635,0.0,0.0,0.491923467389357,12.667300299749744,0.5278041791562393,12.667300299749744,0.5278041791562393,12.667300299749744,0.5278041791562393,0.3826974090909969,0.0,0.0,0.14034765536951654,0.0,0.0,0.661424901388217,0.0,556.6652295147445,-0.015114448488966904,0.032
raceline_xy,20260415_212047_eb9da4db,2336,74.78399999999532,277.46442646025173,-232.31818006844554,6.087003419708482,-0.03153754081054094,6.087085119170188,0.25362854663209117,-2.133732118337223,-0.027426931437299348,0.11650689156832278,0.5825344578416138,0.20905043092560938,-0.0049840840021615485,0.0,0.0,0.4920795428765475,12.66754093028431,0.527814205428513,12.66754093028431,0.527814205428513,12.66754093028431,0.527814205428513,0.38268337138335395,0.0,0.0,0.1399691313686368,0.0,0.0,0.6615396845757135,0.0,556.6633927468308,-0.015485043416572454,0.032
raceline_xy,20260415_212047_eb9da4db,2337,74.81599999999531,277.3594824256167,-232.48228027098148,6.087025114841549,-0.03132434513217186,6.087105713170236,0.2536294047154265,-2.1346171437498995,-0.027631511462450065,0.1208217345108673,0.6041086725543365,0.20928011642247935,-0.0048103089953701605,0.0,0.0,0.492235586275947,12.668101181458209,0.5278375492274253,12.668101181458209,0.5278375492274253,12.668101181458209,0.5278375492274253,0.3826506904456055,0.0,0.0,0.13959400775374864,0.0,0.0,0.6616871942273372,0.0,556.6448581467872,-0.016284450995066733,0.032
raceline_xy,20260415_212047_eb9da4db,2338,74.84799999999531,277.25438487743384,-232.64628312995754,6.087048251183482,-0.031589543503090844,6.087130219692579,0.25363042582052414,-2.1355067836475357,-0.0277799245615961,0.12524559528132706,0.6262279764066353,0.20950550521251232,-0.004622539720552599,0.0,0.0,0.4923915973662229,12.669010148499552,0.527875422854148,12.669010148499552,0.527875422854148,12.669010148499552,0.527875422854148,0.38259767553804247,0.0,0.0,0.13922269371593035,0.0,0.0,0.6618825068640781,0.0,556.6228022766785,-0.01712105326030694,0.032
raceline_xy,20260415_212047_eb9da4db,2339,74.8799999999953,277.1491168332443,-232.8101771972384,6.087059398698996,-0.03242948616069263,6.0871457839337495,0.2536310743305729,-2.1364071048130775,-0.028114809794873505,0.1297774722299367,0.6488873611496835,0.20972022079254238,-0.004426775376908498,0.0,0.0,0.4925475759343856,12.670233174133191,0.5279263822555497,12.670233174133191,0.5279263822555497,12.670233174133191,0.5279263822555497,0.38252635811062285,0.0,0.0,0.1388584144498674,0.0,0.0,0.662102983314891,0.0,556.6087944596251,-0.017697248674841515,0.032
raceline_xy,20260415_212047_eb9da4db,2340,74.9119999999953,277.0436667118152,-232.97395422676124,6.087054434956168,-0.033597493129600586,6.087147154921109,0.2536311314550462,-2.1373264188603978,-0.028706832761088243,0.13312923975407034,0.6656461987703517,0.2096635056359415,-0.0047910223841487465,0.0,0.0,0.4926255529584358,12.67096292519928,0.52795678854997,12.67096292519928,0.52795678854997,12.67096292519928,0.52795678854997,0.3824838127083585,0.0,0.0,0.13871012794400747,0.0,0.0,0.6620253800321421,0.0,556.6075605710017,0.002104715655528295,0.032
raceline_xy,20260415_212047_eb9da4db,2341,74.9439999999953,276.9380478594861,-233.13762091468809,6.087010540945869,-0.03403627825356903,6.087105699248492,0.25362940413535384,-2.138289280476716,-0.030062455133232163,0.13427678014408712,0.6713839007204355,0.20981556575642069,-0.004629660990716822,0.0,0.0,0.4927814823627161,12.672659845169338,0.5280274935487225,12.672659845169338,0.5280274935487225,12.672659845169338,0.5280274935487225,0.38238490341397124,0.0,0.0,0.13859174138919034,0.0,0.0,0.6625131028344997,0.0,556.6448706763566,-0.016183179026313332,0.032
raceline_xy,20260415_212047_eb9da4db,2342,74.9759999999953,276.8326124121452,-233.30141238575527,6.087237372848739,-0.022346118987484065,6.08727838877443,0.2536365995322679,-2.1390714264735653,-0.02448986816693765,0.13527299437061788,0.6763649718530893,0.2101548012549328,-0.0042687462562396306,0.0,0.0,0.4929373787499563,12.674674588779283,0.5281114411991368,12.674674588779283,0.5281114411991368,12.674674588779283,0.5281114411991368,0.38226751119858804,0.0,0.0,0.13837641058265573,0.0,0.0,0.6627278657017325,0.0,556.4894501030127,-0.02534810294357418,0.032
raceline_xy,20260415_212047_eb9da4db,2343,75.00799999999529,276.72692951302304,-233.46504727289465,6.087296648029772,-0.026959745377043376,6.08735634811905,0.25363984783829374,-2.1398168020197703,-0.023334853171490578,0.13658347429533274,0.6829173714766636,0.2105294503066486,-0.0038521620284321934,0.0,0.0,0.49309324193762305,12.677008689086879,0.5282086953786199,12.677008689086879,0.5282086953786199,12.677008689086879,0.5282086953786199,0.38213156846401697,0.0,0.0,0.13813098775806146,0.0,0.0,0.6630806258067452,0.0,556.4192866928548,-0.027676398726830587,0.032
raceline_xy,20260415_212047_eb9da4db,2344,75.03999999999529,276.6208443080926,-233.62841655020566,6.087111675663991,-0.03684672542535328,6.087223195610577,0.2536342998171074,-2.140667183165479,-0.026567756671734298,0.13834520200198414,0.6917260100099206,0.21079484738692278,-0.0035211515457000964,0.0,0.0,0.4932491989034162,12.679671828902435,0.5283196595376015,12.679671828902435,0.5283196595376015,12.679671828902435,0.5283196595376015,0.38197653688361743,0.0,0.0,0.13793355770438723,0.0,0.0,0.663526256047153,0.0,556.53912395048,-0.024196560618663657,0.032
raceline_xy,20260415_212047_eb9da4db,2345,75.07199999999528,276.514405868891,-233.79154443451753,6.086763464210134,-0.04405687018965576,6.086922907106205,0.25362178779609185,-2.1416782200300375,-0.03154020364407863,0.1404645867454685,0.7023229337273424,0.21089615228160463,-0.003330431600026884,0.0,0.0,0.4934054792066627,12.682680644931242,0.5284450268721351,12.682680644931242,0.5284450268721351,12.682680644931242,0.5284450268721351,0.38180147837870004,0.0,0.0,0.13782055557407813,0.0,0.0,0.6640141112112973,0.0,556.8093836044153,-0.018711307424668606,0.032
raceline_xy,20260415_212047_eb9da4db,2346,75.10399999999528,276.40775212697366,-233.9545219525305,6.086500722834485,-0.04535921467657866,6.086669738651899,0.2536112391104958,-2.1428115737615343,-0.03534282991378474,0.1428775168397063,0.7143875841985314,0.21087421776717408,-0.0032429627480929923,0.0,0.0,0.4935617262296258,12.686013454808833,0.5285838939503681,12.686013454808833,0.5285838939503681,12.686013454808833,0.5285838939503681,0.381607688371953,0.0,0.0,0.13776710691168556,0.0,0.0,0.6644556461282541,0.0,557.0372352132903,-0.015071679834242083,0.032
raceline_xy,20260415_212047_eb9da4db,2347,75.13599999999528,276.30099854801017,-234.11743159516172,6.086459507853153,-0.04200571756681937,6.08660445741666,0.2536085190590275,-2.1439822043294763,-0.03651902470444866,0.14542428879927902,0.727121443996395,0.2108144912438572,-0.0031737008477668027,0.0,0.0,0.4937179403186273,12.689702030171471,0.5287375845904779,12.689702030171471,0.5287375845904779,12.689702030171471,0.5287375845904779,0.3813933577451971,0.0,0.0,0.1377309282293949,0.0,0.0,0.6648797398895631,0.0,557.095988325006,-0.014878743546226703,0.032
raceline_xy,20260415_212047_eb9da4db,2348,75.16799999999527,276.1941766794914,-234.28029971431772,6.086573265385559,-0.03758280608159348,6.086689295686054,0.25361205398691894,-2.1451190714262562,-0.035490638208751396,0.14804273920796,0.7402136960397999,0.21078962338367413,-0.0030516019390685045,0.0,0.0,0.4938741218300779,12.693730123397202,0.5289054218082168,12.693730123397202,0.5289054218082168,12.693730123397202,0.5289054218082168,0.38115947366220526,0.0,0.0,0.13767423334741127,0.0,0.0,0.6653293091172588,0.0,557.0196338825509,-0.017384493450564503,0.032
raceline_xy,20260415_212047_eb9da4db,2349,75.19999999999527,276.0872400178731,-234.44309744598775,6.086717020009454,-0.035211473036668384,6.086818867808223,0.2536174528253426,-2.146199796908845,-0.03375934208463144,0.15076639252878246,0.7538319626439123,0.21082195522678626,-0.00285428470005078,0.0,0.0,0.494030271130646,12.698084776732738,0.5290868656971974,12.698084776732738,0.5290868656971974,12.698084776732738,0.5290868656971974,0.38090683348400134,0.0,0.0,0.1375841412091326,0.0,0.0,0.6658356628627045,0.0,556.9030189725992,-0.02057615344401906,0.032
raceline_xy,20260415_212047_eb9da4db,2350,75.23199999999527,275.98011089135775,-234.60577219292387,6.086806630366298,-0.0359653837410856,6.086912884566262,0.25362137019026093,-2.1472485475204177,-0.03276843426496234,0.15366943653953352,0.7683471826976676,0.2108858946141745,-0.0026054653031852837,0.0,0.0,0.4941863885974247,12.702774669317499,0.5292822778882291,12.702774669317499,0.5292822778882291,12.702774669317499,0.5292822778882291,0.38063498200054635,0.0,0.0,0.1374728870093983,0.0,0.0,0.666406527886223,0.0,556.8184038903639,-0.02264904701746207,0.032
raceline_xy,20260415_212047_eb9da4db,2351,75.26399999999526,275.87273112417944,-234.7682822937101,6.086806687492613,-0.038881569027980234,6.086930870916383,0.253622119621516,-2.1483090441132475,-0.033129160351340114,0.15680499455037447,0.7840249727518723,0.21093662990792428,-0.002347931743926779,0.0,0.0,0.4943424746181002,12.707816906155028,0.5294923710897929,12.707816906155028,0.5294923710897929,12.707816906155028,0.5294923710897929,0.3803429817139894,0.0,0.0,0.13736428147026178,0.0,0.0,0.6670377957659406,0.0,556.8022161752548,-0.022933858879023484,0.032
raceline_xy,20260415_212047_eb9da4db,2352,75.29599999999526,275.765087234199,-234.93061547849078,6.086731045356932,-0.04208512820692212,6.08687653698743,0.2536198557078096,-2.149414733016222,-0.03452864318747313,0.16017338357515915,0.8008669178757957,0.2109404354739688,-0.0021164355518252798,0.0,0.0,0.4944985295911199,12.713195784577835,0.5297164910240765,12.713195784577835,0.5297164910240765,12.713195784577835,0.5297164910240765,0.3800317999012548,0.0,0.0,0.13727719374187683,0.0,0.0,0.6677034843713752,0.0,556.8511167113128,-0.021931484951000675,0.032
raceline_xy,20260415_212047_eb9da4db,2353,75.32799999999526,275.65720350470593,-235.09278624754344,6.086635671278341,-0.044084074550641006,6.0867953144907805,0.25361647143711585,-2.1505732795818684,-0.036170635740785224,0.16372928014975388,0.8186464007487694,0.2108900725287164,-0.0019186238376511788,0.0,0.0,0.4946545539258598,12.718949606963506,0.5299562336234794,12.718949606963506,0.5299562336234794,12.718949606963506,0.5299562336234794,0.3796992845721259,0.0,0.0,0.13721817244871443,0.0,0.0,0.6684067264805249,0.0,556.9242169582972,-0.020697237732903367,0.032
raceline_xy,20260415_212047_eb9da4db,2354,75.35999999999525,275.54911638176105,-235.25481941381187,6.086577929610274,-0.04447514799143226,6.086740419305538,0.25361418413773074,-2.1517696956315993,-0.037352241701974896,0.16741237571006148,0.8370618785503073,0.2108012010056335,-0.0017394900041489691,0.0,0.0,0.49481054804279195,12.725037651320662,0.530209902138361,12.725037651320662,0.530209902138361,12.725037651320662,0.530209902138361,0.3793478566983124,0.0,0.0,0.1371797136260067,0.0,0.0,0.669111094576497,0.0,556.9736226250157,-0.02010145645830934,0.032
raceline_xy,20260415_212047_eb9da4db,2355,75.39199999999525,275.44084989231004,-235.41673258145542,6.086577154293953,-0.04384646978136342,6.0867350827915425,0.25361396178298096,-2.1529809480649575,-0.03782121932912237,0.17117768588443524,0.8558884294221761,0.21069731056157348,-0.0015559823468955791,0.0,0.0,0.4949665123736527,12.731461741908241,0.53047757257951,12.731461741908241,0.53047757257951,12.731461741908241,0.53047757257951,0.37897747856834796,0.0,0.0,0.13715046657779154,0.0,0.0,0.6698371352217951,0.0,556.9784254876114,-0.020407462713469396,0.032
raceline_xy,20260415_212047_eb9da4db,2356,75.42399999999525,275.33240514640573,-235.57852763673569,6.086613808190572,-0.04316554499904246,6.086766868735093,0.2536152861972955,-2.154190702368731,-0.037782434119873885,0.17500889817362275,0.8750444908681138,0.21059476972122493,-0.0013517475547306645,0.0,0.0,0.49512244736160915,12.738223768383946,0.5307593236826644,12.738223768383946,0.5307593236826644,12.738223768383946,0.5307593236826644,0.37858811276021154,0.0,0.0,0.1371222549110657,0.0,0.0,0.670597433231535,0.0,556.9498181384163,-0.021304995012322872,0.032
raceline_xy,20260415_212047_eb9da4db,2357,75.45599999999524,275.2237654575829,-235.74019342063897,6.086654500257211,-0.04313840151966675,6.086807367346779,0.25361697363944913,-2.1553961006856532,-0.03765246125888163,0.17891240757119783,0.8945620378559891,0.21049613347127494,-0.0011239087712620055,0.0,0.0,0.495278353461427,12.745325686973409,0.5310552369572253,12.745325686973409,0.5310552369572253,12.745325686973409,0.5310552369572253,0.3781797221349059,0.0,0.0,0.13709382505351622,0.0,0.0,0.6714000073860914,0.0,556.9133693878985,-0.022247460712589453,0.032
raceline_xy,20260415_212047_eb9da4db,2358,75.48799999999524,275.11490974622194,-235.90171479627853,6.086674171429804,-0.043899129877201126,6.086832476974758,0.2536180198739482,-2.156605197254992,-0.037770121678186566,0.18290105477874768,0.9145052738937384,0.21039295358852783,-0.0008805010268204683,0.0,0.0,0.4954342311396372,12.752769521689903,0.5313653967370793,12.752769521689903,0.5313653967370793,12.752769521689903,0.5313653967370793,0.3777522698294611,0.0,0.0,0.1370697462547943,0.0,0.0,0.6722461190169603,0.0,556.8907707227177,-0.02281972822313583,0.032
raceline_xy,20260415_212047_eb9da4db,2359,75.51999999999524,275.005824488055,-236.06308124953603,6.086665778057412,-0.045103118150780386,6.086832886242415,0.25361803692676727,-2.1578291809640264,-0.03823404344858808,0.18701310987276396,0.9350655493638197,0.21027378048840983,-0.0006322068426296568,0.0,0.0,0.4955901854627347,12.76056586420389,0.5316902443418288,12.76056586420389,0.5316902443418288,12.76056586420389,0.5316902443418288,0.3773052323104866,0.0,0.0,0.13705464839802936,0.0,0.0,0.6731357939576643,0.0,556.8904023818263,-0.022827245636450708,0.032
raceline_xy,20260415_212047_eb9da4db,2360,75.55199999999523,274.8965081417879,-236.22429054803303,6.086639165827792,-0.046251529777298295,6.0868148927822325,0.2536172871992597,-2.1590752509070334,-0.03892184412037416,0.1902226797840377,0.9511133989201884,0.20988180062598172,-0.0011341613707953613,0.0,0.0,0.49566830889100555,12.76460660980348,0.5318586087418117,12.76460660980348,0.5318586087418117,12.76460660980348,0.5318586087418117,0.37707380248871214,0.0,0.0,0.13717162881076442,0.0,0.0,0.6723697359412819,0.0,556.9065964959904,0.0023226700149321204,0.032
raceline_xy,20260415_212047_eb9da4db,2361,75.58399999999523,274.7870001673913,-236.38536825442876,6.0866050021394535,-0.045702845711842244,6.086776585531555,0.2536156910638148,-2.1603587991455004,-0.04009115360983656,0.19192267073030878,0.9596133536515439,0.20970153245574252,-0.0009149625691433627,0.0,0.0,0.4958245351743338,12.772949387923635,0.5322062244968181,12.772949387923635,0.5322062244968181,12.772949387923635,0.5322062244968181,0.3765965472506889,0.0,0.0,0.1373457385013846,0.0,0.0,0.6745501966152013,0.0,556.9410730215999,-0.02059432763659885,0.032
raceline_xy,20260415_212047_eb9da4db,2362,75.61599999999522,274.6777153248575,-236.54660843857894,6.086983855712694,-0.03071451095859823,6.087061346897236,0.25362755612071813,-2.161405224861129,-0.03276901725476849,0.19326830425840064,0.9663415212920031,0.20976401631434882,-0.0004392849418031197,0.0,0.0,0.4959807343035929,12.781672448251712,0.5325696853438213,12.781672448251712,0.5325696853438213,12.781672448251712,0.5325696853438213,0.37609835656247137,0.0,0.0,0.1374031632193578,0.0,0.0,0.6754034674598419,0.0,556.6847877924876,-0.031881250421002316,0.032
raceline_xy,20260415_212047_eb9da4db,2363,75.64799999999522,274.56812984932515,-236.70764968986794,6.0870904327423485,-0.03596708112111857,6.087196692017419,0.25363319550072577,-2.162392990264312,-0.030930465734747437,0.1948626322711892,0.9743131613559459,0.20988176844045947,0.00011441044062721062,0.0,0.0,0.4961369066222184,12.790766141828083,0.5329485892428368,12.790766141828083,0.5329485892428368,12.790766141828083,0.5329485892428368,0.37557988751382165,0.0,0.0,0.1374245413090863,0.0,0.0,0.6764528594238145,0.0,556.5629771843226,-0.03467366285585918,0.032
raceline_xy,20260415_212047_eb9da4db,2364,75.67999999999522,274.4580487482764,-236.86834408833352,6.086788092106838,-0.04812007024607334,6.086978299564907,0.25362409581520445,-2.1635016170888175,-0.03465057014677633,0.1969356610873509,0.9846783054367544,0.20987255555542017,0.0005666024114545642,0.0,0.0,0.4962930524865752,12.800213748208758,0.5333422395086983,12.800213748208758,0.5333422395086983,12.800213748208758,0.5333422395086983,0.37504219953434514,0.0,0.0,0.1375042066205148,0.0,0.0,0.6776309340511121,0.0,556.759530391583,-0.030111919338150495,0.032
raceline_xy,20260415_212047_eb9da4db,2365,75.71199999999521,274.3475375586209,-237.02872448151146,6.086235982373031,-0.05683986331455371,6.0865013926880716,0.25360422469533633,-2.1648011847604787,-0.040561111685987486,0.19940763020152238,0.9970381510076118,0.20966737408141922,0.0008472115219486653,0.0,0.0,0.4964491722661305,12.810017176524049,0.5337507156885021,12.810017176524049,0.5337507156885021,12.810017176524049,0.5337507156885021,0.3744852915605632,0.0,0.0,0.13768450619331848,0.0,0.0,0.6788406673473012,0.0,557.1887465807353,-0.023076187919990214,0.032
raceline_xy,20260415_212047_eb9da4db,2366,75.74399999999521,274.2367690882315,-237.18891194928642,6.085829785789827,-0.05809922139261836,6.086107105624505,0.2535877960676877,-2.166243520672861,-0.04499959626469336,0.202060639019851,1.010303195099255,0.2093176062106865,0.0010052880896083138,0.0,0.0,0.49660526634362656,12.82019390931372,0.5341747462214049,12.82019390931372,0.5341747462214049,12.82019390931372,0.5341747462214049,0.37390828479229476,0.0,0.0,0.13794241736382026,0.0,0.0,0.6799780372693687,0.0,557.5436049379452,-0.018275601794608475,0.032
raceline_xy,20260415_212047_eb9da4db,2367,75.77599999999521,274.12588595788174,-237.34901638428272,6.085777080674538,-0.05352123586369917,6.086012421803942,0.2535838509084976,-2.167722355955764,-0.046153478101663606,0.20470506839903063,1.023525341995153,0.2089322779227225,0.00114656984454653,0.0,0.0,0.49676133511525367,12.830736710582478,0.5346140296076033,12.830736710582478,0.5346140296076033,12.830736710582478,0.5346140296076033,0.37331170927723356,0.0,0.0,0.1382222629583784,0.0,0.0,0.6810519186794881,0.0,557.6288203764516,-0.01778799268260639,0.032
raceline_xy,20260415_212047_eb9da4db,2368,75.8079999999952,274.01492896821435,-237.50907516194667,6.085968411354484,-0.04755457990391454,6.086154199662908,0.2535897583192878,-2.1691482043002575,-0.04452902412138539,0.2072738665001632,1.0363693325008159,0.20860172900574936,0.0013603835841196066,0.0,0.0,0.4969173789908219,12.841693765650628,0.5350705735687762,12.841693765650628,0.5350705735687762,12.841693765650628,0.5350705735687762,0.37269296916474515,0.0,0.0,0.13847858404407393,0.0,0.0,0.6821781911606545,0.0,557.5012203033824,-0.020709286095718142,0.032
raceline_xy,20260415_212047_eb9da4db,2369,75.8399999999952,273.90384331423627,-237.66905286014307,6.086204498042759,-0.044123766658535235,6.0863644401875945,0.25359851834114977,-2.1704922724832763,-0.04200068429963916,0.20981972327881526,1.0490986163940763,0.20835376872207556,0.0016755943762323255,0.0,0.0,0.49707339839393433,12.853022146800608,0.5355425894500253,12.853022146800608,0.5355425894500253,12.853022146800608,0.5355425894500253,0.3720546243880536,0.0,0.0,0.13869478778193867,0.0,0.0,0.6833735319000925,0.0,557.3120038311646,-0.024527561056592276,0.032
raceline_xy,20260415_212047_eb9da4db,2370,75.8719999999952,273.7925355210484,-237.8288820964369,6.086355250747191,-0.04460879953034169,6.0865187244674965,0.2536049468528124,-2.1717843448577883,-0.04038577565408497,0.2124462260935655,1.0622311304678274,0.20815685924980754,0.0020624751038886835,0.0,0.0,0.49722939376215836,12.864724185925116,0.5360301744135465,12.864724185925116,0.5360301744135465,12.864724185925116,0.5360301744135465,0.371396676042278,0.0,0.0,0.1388852263875107,0.0,0.0,0.6846510140732437,0.0,557.1731479792527,-0.026970052984000334,0.032
raceline_xy,20260415_212047_eb9da4db,2371,75.9039999999952,273.6809356724582,-237.98850903540807,6.08636899744518,-0.0478299079647857,6.086556930905827,0.2536065387877428,-2.173079231825419,-0.04046636410179994,0.21523077018461,1.07615385092305,0.20795484202076464,0.002466257572172559,0.0,0.0,0.49738536554719764,12.876803637760023,0.5365334849066676,12.876803637760023,0.5365334849066676,12.876803637760023,0.5365334849066676,0.3707190503466564,0.0,0.0,0.1390786703065115,0.0,0.0,0.6859973131649957,0.0,557.1387621847554,-0.027177168223998294,0.032
raceline_xy,20260415_212047_eb9da4db,2372,75.93599999999519,273.5690286348267,-238.14791799354515,6.086268538995256,-0.05144354322934808,6.08648594567534,0.25360358106980585,-2.1744193092036213,-0.041863362785258984,0.21818452189696502,1.090922609484825,0.2077050062259822,0.0028445927208742283,0.0,0.0,0.49754131421506365,12.889264073546308,0.5370526697310961,12.889264073546308,0.5370526697310961,12.889264073546308,0.5370526697310961,0.3700216894068227,0.0,0.0,0.13929884171928783,0.0,0.0,0.6873911037269665,0.0,557.2026488921932,-0.025760117109023463,0.032
raceline_xy,20260415_212047_eb9da4db,2373,75.96799999999519,273.45684570600076,-238.3071285644354,6.086139051207878,-0.053567609281354844,6.086374786307663,0.25359894942948596,-2.1758147901914686,-0.04358277930295131,0.22126070983213167,1.1063035491606583,0.20739769406765518,0.00318727824015852,0.0,0.0,0.49769724024624695,12.902108872524742,0.5375878696885309,12.902108872524742,0.5375878696885309,12.902108872524742,0.5375878696885309,0.36930455163413756,0.0,0.0,0.13955276287727839,0.0,0.0,0.6888064115186511,0.0,557.3026923231032,-0.02403701051418968,0.032
raceline_xy,20260415_212047_eb9da4db,2374,75.99999999999518,273.3444332290012,-238.4661743482841,6.08606675041905,-0.05367800539489531,6.0863034609539035,0.253595977539746,-2.177247354065843,-0.044738954104938784,0.22439250155317444,1.1219625077658721,0.2070520981767583,0.0035126294584735263,0.0,0.0,0.4978531441358882,12.915341213119419,0.5381392172133092,12.915341213119419,0.5381392172133092,12.915341213119419,0.5381392172133092,0.36856761216233425,0.0,0.0,0.13983189984469702,0.0,0.0,0.6902321330732721,0.0,557.3668851414865,-0.023105285393562186,0.032
raceline_xy,20260415_212047_eb9da4db,2375,76.03199999999518,273.2318224259538,-238.6250798783741,6.086079773448228,-0.05249877614671172,6.086306197544824,0.25359609156436763,-2.1786883228751233,-0.04500734087914962,0.2275549947224554,1.137774973612277,0.20669750486473148,0.00385023041978938,0.0,0.0,0.4980091923016362,12.92898079451123,0.5387075331046346,12.92898079451123,0.5387075331046346,12.92898079451123,0.5387075331046346,0.3678099350772053,0.0,0.0,0.14012062572416575,0.0,0.0,0.6916862990999524,0.0,557.3644222096584,-0.023062408046808675,0.032
raceline_xy,20260415_212047_eb9da4db,2376,76.06399999999518,273.1190166345261,-238.78384929085044,6.086147726015319,-0.05123231976658271,6.086363355360088,0.25359847314000367,-2.1801174252976097,-0.044645421055911315,0.2307264925945635,1.1536324629728174,0.2063542679022543,0.004219623192237787,0.0,0.0,0.4981652687784551,12.943018028245806,0.5392924178435753,12.943018028245806,0.5392924178435753,12.943018028245806,0.5392924178435753,0.36703222025042814,0.0,0.0,0.14040874723047783,0.0,0.0,0.693177586340471,0.0,557.31298017592,-0.023914566823531134,0.032
raceline_xy,20260415_212047_eb9da4db,2377,76.09599999999517,273.00600137299614,-238.94247262125026,6.086228016037435,-0.05062438880729481,6.08643855566957,0.2536016064862321,-2.1815285673254294,-0.04409170591483275,0.2339103781259197,1.1695518906295983,0.20602556042693054,0.0046265262278586405,0.0,0.0,0.4983213296508528,12.95749931153016,0.53989580464709,12.95749931153016,0.53989580464709,12.95749931153016,0.53989580464709,0.3662320765675484,0.0,0.0,0.1406958979122002,0.0,0.0,0.6947369157598461,0.0,557.2452998973864,-0.025021293820078325,0.032
raceline_xy,20260415_212047_eb9da4db,2378,76.12799999999517,272.8927528185961,-239.10093170002364,6.086281319333214,-0.051008992055205926,6.086495068209201,0.25360396117538336,-2.18293032368715,-0.04380137155689784,0.23712861617595268,1.1856430808797633,0.20570491931000623,0.0050622495316750005,0.0,0.0,0.49847737829903177,12.972377924147185,0.540515746839466,12.972377924147185,0.540515746839466,12.972377924147185,0.540515746839466,0.36541226902090074,0.0,0.0,0.14098420449291943,0.0,0.0,0.696334309012046,0.0,557.1944386117185,-0.025734721813132678,0.032
raceline_xy,20260415_212047_eb9da4db,2379,76.15999999999516,272.7792527666381,-239.25921149771432,6.086291492597072,-0.05209468263025352,6.0865144367542445,0.2536047681980935,-2.184337732626501,-0.04397638256209678,0.24039736589470376,1.2019868294735188,0.20537703140503627,0.0055116366254921445,0.0,0.0,0.4986334181193137,12.987653245298624,0.5411522185541093,12.987653245298624,0.5411522185541093,12.987653245298624,0.5411522185541093,0.36457300832858586,0.0,0.0,0.14128182726680485,0.0,0.0,0.6979802272353921,0.0,557.1770069211796,-0.0258286804109331,0.032
raceline_xy,20260415_212047_eb9da4db,2380,76.19199999999516,272.66549759953904,-239.41730757390644,6.086269560563542,-0.05324950841101739,6.086502499300263,0.25360427080417763,-2.185762116153869,-0.044503166517349306,0.2437154742430183,1.2185773712150914,0.2050304864404029,0.005963244303727411,0.0,0.0,0.49878945252426676,13.003326305021062,0.5418052627092109,13.003326305021062,0.5418052627092109,13.003326305021062,0.5418052627092109,0.3637144180314489,0.0,0.0,0.14159530504578668,0.0,0.0,0.6996671183839904,0.0,557.1877506297631,-0.025480251346109463,0.032
raceline_xy,20260415_212047_eb9da4db,2381,76.22399999999516,272.5514960287528,-239.57522520959753,6.086241596580282,-0.053969198981973054,6.086480875381344,0.253603369807556,-2.1872058459341925,-0.04510495177623731,0.2451353531748407,1.2256767658742034,0.20441704386029347,0.0054638024001509855,0.0,0.0,0.4988674687668953,13.011296436240084,0.5421373515100035,13.011296436240084,0.5421373515100035,13.011296436240084,0.5421373515100035,0.3632787809281033,0.0,0.0,0.14202446003221578,0.0,0.0,0.6980541640056216,0.0,557.2072121567899,0.001637053794759022,0.032
raceline_xy,20260415_212047_eb9da4db,2382,76.25599999999515,272.43729855245414,-239.7330007059989,6.0862403730022,-0.052578844866580265,6.086467482283091,0.25360281176179544,-2.188676972849777,-0.04596099336024593,0.2465599161307804,1.232799580653902,0.20402165549772588,0.005893477766561794,0.0,0.0,0.49902350148326263,13.027499199295029,0.5428124666372929,13.027499199295029,0.5428124666372929,13.027499199295029,0.5428124666372929,0.36239518229047674,0.0,0.0,0.14249615775189126,0.0,0.0,0.7022296887820565,0.0,557.219265945218,-0.023334360582162032,0.032
raceline_xy,20260415_212047_eb9da4db,2383,76.28799999999515,272.3233275437551,-239.89095438028446,6.086727306754592,-0.036233601518412595,6.086835153071833,0.25361813137799305,-2.189884688216207,-0.037817753820307894,0.2474624823889225,1.2373124119446124,0.20389717024459308,0.0066015618354353656,0.0,0.0,0.4991795373876016,13.04406794976024,0.54350283124001,13.04406794976024,0.54350283124001,13.04406794976024,0.54350283124001,0.3614944204226229,0.0,0.0,0.1428438055869513,0.0,0.0,0.7038288842710488,0.0,556.8883622353497,-0.03539132588360282,0.032
raceline_xy,20260415_212047_eb9da4db,2384,76.31999999999515,272.20902877644613,-240.0486777502135,6.086861257674127,-0.041811628401552614,6.087004861378365,0.2536252025574319,-2.191024834610946,-0.03569933887420011,0.24851184660052897,1.2425592330026447,0.20383727119197736,0.007389195052940334,0.0,0.0,0.4993355799502925,13.060926555161792,0.5442052731317414,13.060926555161792,0.5442052731317414,13.060926555161792,0.5442052731317414,0.36058078950887884,0.0,0.0,0.14315458629740316,0.0,0.0,0.7056335280267529,0.0,556.7356247594707,-0.038157000346635536,0.032
raceline_xy,20260415_212047_eb9da4db,2385,76.35199999999514,272.0942013015531,-240.2060060833046,6.086492807494679,-0.05472627250597961,6.086738836239555,0.25361411817664814,-2.19229080431547,-0.03957247059903839,0.2499590369773815,1.2497951848869076,0.20364458499682803,0.008059968810079532,0.0,0.0,0.4994916326584891,13.078008780032558,0.5449170325013566,13.078008780032558,0.5449170325013566,13.078008780032558,0.5449170325013566,0.3596579992012763,0.0,0.0,0.14353071374234305,0.0,0.0,0.7075570525634998,0.0,556.9750473843998,-0.03301072853141623,0.032
raceline_xy,20260415_212047_eb9da4db,2386,76.38399999999514,271.97891646504684,-240.3629766747592,6.085826017926772,-0.0639269837161085,6.086161760890148,0.25359007337042283,-2.1937579125487874,-0.045799771614677395,0.25172137641320264,1.258606882066013,0.20324497372114525,0.008535553007393837,0.0,0.0,0.4996476990162265,13.095261194360962,0.5456358830983734,13.095261194360962,0.5456358830983734,13.095261194360962,0.5456358830983734,0.35872902548508456,0.0,0.0,0.14401727724016422,0.0,0.0,0.7094725594379265,0.0,557.4944151988665,-0.025206605205386763,0.032
raceline_xy,20260415_212047_eb9da4db,2387,76.41599999999514,271.8633613945068,-240.51973000227636,6.085351697656328,-0.06492358743235194,6.085698017185361,0.2535707507160567,-2.1953721593910664,-0.05037442133211943,0.25356311034328677,1.2678155517164338,0.20269600016182032,0.008866934901806012,0.0,0.0,0.49980378254452407,13.112629711188216,0.546359571299509,13.112629711188216,0.546359571299509,13.112629711188216,0.546359571299509,0.3577968424585367,0.0,0.0,0.1445863620794227,0.0,0.0,0.7112388191225453,0.0,557.9117845331743,-0.019908663494945293,0.032
raceline_xy,20260415_212047_eb9da4db,2388,76.44799999999513,271.74768766349854,-240.67639189764853,6.085308478619275,-0.059591333574331884,6.085600250344481,0.2535666770976867,-2.197017303960852,-0.0513538484125556,0.25528435836617386,1.2764217918308691,0.20211692505245793,0.009167345668356308,0.0,0.0,0.4999598867814844,13.130059582681554,0.5470858159450648,13.130059582681554,0.5470858159450648,13.130059582681554,0.5470858159450648,0.3568644215938286,0.0,0.0,0.1451750919639456,0.0,0.0,0.7128788608808135,0.0,557.999774689967,-0.019332558931552276,0.032
raceline_xy,20260415_212047_eb9da4db,2389,76.47999999999513,271.63193743902934,-240.8330046152604,6.08555527797128,-0.052818766780215576,6.085784490381523,0.2535743537658968,-2.1985964814421006,-0.04932449984409467,0.2568213220666748,1.2841066103333738,0.20160553360126654,0.009530644078688422,0.0,0.0,0.5001160152823895,13.147495401284637,0.5478123083868599,13.147495401284637,0.5478123083868599,13.147495401284637,0.5478123083868599,0.3559347310316614,0.0,0.0,0.145731003455976,0.0,0.0,0.7145004984812958,0.0,557.8339586566287,-0.022449098396298727,0.032
raceline_xy,20260415_212047_eb9da4db,2390,76.51199999999513,271.5160518022872,-240.98952756738376,6.085849666741073,-0.048866245850530454,6.086045849002121,0.2535852437084217,-2.200079428350552,-0.04634491443714294,0.25824211003227643,1.291210550161382,0.20119100845997195,0.009983248675402567,0.0,0.0,0.500272033552249,13.164865214221717,0.5485360505925715,13.164865214221717,0.5485360505925715,13.164865214221717,0.5485360505925715,0.3550115781406644,0.0,0.0,0.14623517328348726,0.0,0.0,0.7161495091306403,0.0,557.5987358980904,-0.02648351672657667,0.032
raceline_xy,20260415_212047_eb9da4db,2391,76.54399999999512,271.3999319792269,-241.14588444476223,6.08603725337437,-0.04919472782478529,6.086236075827687,0.2535931698261536,-2.2014995022985593,-0.04438988741799104,0.2596581485539921,1.2982907427699604,0.20083808913132284,0.010488982487455445,0.0,0.0,0.5004277976462148,13.182115518590074,0.5492548132745864,13.182115518590074,0.5492548132745864,13.182115518590074,0.5492548132745864,0.3540977450370222,0.0,0.0,0.14670280204385178,0.0,0.0,0.7178233390655986,0.0,557.4275317550815,-0.02874663666278894,0.032
raceline_xy,20260415_212047_eb9da4db,2392,76.57599999999512,271.2835058845676,-241.3020154134169,6.086060388683632,-0.05246203892393275,6.086286496726228,0.25359527069692617,-2.2029167677133685,-0.04429421530189658,0.261155170918289,1.3057758545914449,0.20048331126243735,0.010989329390303393,0.0,0.0,0.5005835955018938,13.199313351016304,0.5499713896256794,13.199313351016304,0.5499713896256794,13.199313351016304,0.5499713896256794,0.3531896232182308,0.0,0.0,0.14716830125187,0.0,0.0,0.7195482246771207,0.0,557.3821529463947,-0.028824717892467253,0.032
raceline_xy,20260415_212047_eb9da4db,2393,76.60799999999512,271.16676390008706,-241.45790750031372,6.085958479929458,-0.055965709693273524,6.0862158013076355,0.2535923250544848,-2.204374436147532,-0.04554188451005242,0.2627512470895063,1.3137562354475314,0.20008447319705036,0.011440991667116762,0.0,0.0,0.5007394298816489,13.216431762710148,0.5506846567795894,13.216431762710148,0.5506846567795894,13.216431762710148,0.5506846567795894,0.3522885893367609,0.0,0.0,0.14765441369733867,0.0,0.0,0.7212629761514848,0.0,557.4457788231276,-0.027271019245063144,0.032
raceline_xy,20260415_212047_eb9da4db,2394,76.63999999999511,271.0497397312873,-241.61358335310334,6.085827594219838,-0.057894432885187364,6.08610296264586,0.2535876234435775,-2.2058826379672105,-0.04710949246652523,0.2644087810041176,1.3220439050205879,0.19963276111848982,0.011833753927953161,0.0,0.0,0.5008953035410718,13.233454102639438,0.55139392094331,13.233454102639438,0.55139392094331,13.233454102639438,0.55139392094331,0.35139546299113045,0.0,0.0,0.14816691884234098,0.0,0.0,0.7229425061690723,0.0,557.5473336187254,-0.025427442503540502,0.032
raceline_xy,20260415_212047_eb9da4db,2395,76.67199999999511,270.9324805552415,-241.7690795533312,6.085761056001022,-0.05776558749370464,6.086035203138178,0.2535848001307574,-2.207422550885795,-0.04809788849291105,0.2660712993759462,1.330356496879731,0.19914790513240188,0.01218635458650752,0.0,0.0,0.5010512192289563,13.250377511431463,0.552099062976311,13.250377511431463,0.552099062976311,13.250377511431463,0.552099062976311,0.3505103331903978,0.0,0.0,0.14869610884802023,0.0,0.0,0.7245796286146935,0.0,557.6083171756393,-0.024402476451824792,0.032
raceline_xy,20260415_212047_eb9da4db,2396,76.7039999999951,270.81501782205703,-241.92442256342738,6.085787410758234,-0.05633926590622096,6.086048185959939,0.25358534108166414,-2.208965055903768,-0.04818434777180224,0.2677012355475504,1.3385061777377518,0.19865965208650493,0.012525948189647362,0.0,0.0,0.5012071796872734,13.267162982761057,0.5527984576150441,13.267162982761057,0.5527984576150441,13.267162982761057,0.5527984576150441,0.3496351695125175,0.0,0.0,0.14922536025204408,0.0,0.0,0.7261717675420087,0.0,557.5966326360546,-0.024532191772436228,0.032
raceline_xy,20260415_212047_eb9da4db,2397,76.7359999999951,270.6973549607845,-242.0796169150292,6.085872500744177,-0.05485214262883753,6.086119687688138,0.25358832032033907,-2.2104895407199114,-0.047629686634121204,0.26929687876796987,1.3464843938398492,0.1981886998272251,0.012871245687154254,0.0,0.0,0.5013631876511464,13.283772256933222,0.5534905107055509,13.283772256933222,0.5534905107055509,13.283772256933222,0.5534905107055509,0.3487718784234417,0.0,0.0,0.149742164201529,0.0,0.0,0.7277356582440029,0.0,557.5322810806757,-0.025421998589125975,0.032
raceline_xy,20260415_212047_eb9da4db,2398,76.7679999999951,270.5794738316321,-242.2346489077162,6.085962026498729,-0.054205889841462795,6.086203419741901,0.25359180915591256,-2.2119925586362594,-0.046965199908528724,0.2708849804889233,1.3544249024446164,0.19773814821289282,0.013229448792132725,0.0,0.0,0.5015192458488293,13.300322275564504,0.5541800948151877,13.300322275564504,0.5541800948151877,13.300322275564504,0.5541800948151877,0.3479143135793916,0.0,0.0,0.15024623110579816,0.0,0.0,0.7293434812819122,0.0,557.4569222322887,-0.026375599410956276,0.032
raceline_xy,20260415_212047_eb9da4db,2399,76.7999999999951,270.4613510602749,-242.38949921368453,6.086017072979354,-0.05457306557051034,6.086261745281905,0.253594239386746,-2.2134845882768257,-0.04662359521989259,0.2725001067149429,1.3625005335747145,0.1972970534717069,0.013590078510897996,0.0,0.0,0.5016753570016845,13.31677049081014,0.5548654371170891,13.31677049081014,0.5548654371170891,13.31677049081014,0.5548654371170891,0.3470646302041347,0.0,0.0,0.15074158913200034,0.0,0.0,0.7309422063403049,0.0,557.4044292462851,-0.026863263915285752,0.032
raceline_xy,20260415_212047_eb9da4db,2400,76.83199999999509,270.3429725024966,-242.54415484881397,6.08602796567564,-0.05551583095860968,6.086281163935248,0.253595048497302,-2.214980141326901,-0.04673164820970273,0.27416591897185366,1.3708295948592681,0.19685060744384586,0.013938639560882038,0.0,0.0,0.5018315238241623,13.33311301834458,0.5555463757643575,13.33311301834458,0.5555463757643575,13.33311301834458,0.5555463757643575,0.34622296911502115,0.0,0.0,0.15123562239996843,0.0,0.0,0.732537325111867,0.0,557.3869524582764,-0.026762299913762135,0.032
raceline_xy,20260415_212047_eb9da4db,2401,76.86399999999509,270.22433843266236,-242.69861422441105,6.0860112054311415,-0.05640338877317719,6.086272564952914,0.25359469020637143,-2.2164885601319098,-0.04713041975912357,0.2758880538695231,1.3794402693476153,0.19638945131626473,0.014265822601841283,0.0,0.0,0.5019877490237826,13.349350208117269,0.5562229253382195,13.349350208117269,0.5562229253382195,13.349350208117269,0.5562229253382195,0.34538925239452967,0.0,0.0,0.15173329156384593,0.0,0.0,0.7341214956592157,0.0,557.3946915423771,-0.026305120850527608,0.032
raceline_xy,20260415_212047_eb9da4db,2402,76.89599999999508,270.1054593198555,-242.85288455271305,6.0859942716489215,-0.0568129838144209,6.0862594415349545,0.25359414339728975,-2.2180103246774703,-0.04754545450882365,0.2764019772008449,1.3820098860042245,0.1956688568782261,0.01365868169542317,0.0,0.0,0.5020658843592214,13.357429502536501,0.5565595626056875,13.357429502536501,0.5565595626056875,13.357429502536501,0.5565595626056875,0.3449753443937289,0.0,0.0,0.15229875759339473,0.0,0.0,0.7323747166132756,0.0,557.4065026185406,0.0007554400022457969,0.032
raceline_xy,20260415_212047_eb9da4db,2403,76.92799999999508,269.9863817667046,-243.00700156387134,6.086003773701599,-0.055250513850906735,6.08625455865846,0.2535939399441025,-2.2195546232361254,-0.0482496014882118,0.27634673101201024,1.3817336550600512,0.19516939816228174,0.01393731437971324,0.0,0.0,0.5022222021859496,13.373510077138555,0.5572295865474398,13.373510077138555,0.5572295865474398,13.373510077138555,0.5572295865474398,0.34415336277921194,0.0,0.0,0.15293922418648603,0.0,0.0,0.7364650017915756,0.0,557.4108972073855,-0.02412442227591386,0.032
raceline_xy,20260415_212047_eb9da4db,2404,76.95999999999508,269.86751931388795,-243.1613009513043,6.086538070797225,-0.038690692765730894,6.0866610433776165,0.2536108768074007,-2.220829592054441,-0.03991668014289595,0.2757473362002414,1.378736681001207,0.19494663370149334,0.014476918567375208,0.0,0.0,0.5023785851281826,13.389487661570136,0.557895319232089,13.389487661570136,0.557895319232089,13.389487661570136,0.557895319232089,0.3433390603182267,0.0,0.0,0.1534413479248239,0.0,0.0,0.7378458038611924,0.0,557.0450609601447,-0.0361493003996127,0.032
raceline_xy,20260415_212047_eb9da4db,2405,76.99199999999507,269.7483306242015,-243.3153559269459,6.08668533150856,-0.04411514283953588,6.086845198510409,0.2536185499379337,-2.222031216647105,-0.037618504010523336,0.27528844310171213,1.3764422155085605,0.19479407489887324,0.015081598501434534,0.0,0.0,0.5025350358690496,13.405363787144818,0.5585568244643674,13.405363787144818,0.5585568244643674,13.405363787144818,0.5585568244643674,0.3425323032053278,0.0,0.0,0.15389477681318775,0.0,0.0,0.7394370810378967,0.0,556.8793213406312,-0.03887812311898182,0.032
raceline_xy,20260415_212047_eb9da4db,2406,77.02399999999507,269.6286200141328,-243.46899463542528,6.086306580110491,-0.0569203225650301,6.086572739252951,0.25360719746887295,-2.223354197505662,-0.04135534062115681,0.27533095350790476,1.3766547675395238,0.19451302557999117,0.015552198921275906,0.0,0.0,0.5026907690792771,13.421050189868087,0.559210424577837,13.421050189868087,0.559210424577837,13.421050189868087,0.559210424577837,0.34173750240790834,0.0,0.0,0.15439726003029497,0.0,0.0,0.7411004119798758,0.0,557.124534672344,-0.03358637732338293,0.032
raceline_xy,20260415_212047_eb9da4db,2407,77.05599999999507,269.5084590136417,-243.62225735358044,6.085624848028633,-0.06598664417322464,6.085982585265322,0.2535826077193884,-2.224874375730268,-0.04746270445455712,0.2756865681527235,1.3784328407636175,0.1940277843028766,0.015816619218897987,0.0,0.0,0.5028464150321865,13.436641584332122,0.5598600660138384,13.436641584332122,0.5598600660138384,13.436641584332122,0.5598600660138384,0.34094978714583357,0.0,0.0,0.15500700464233133,0.0,0.0,0.7427719747987582,0.0,557.6556732612098,-0.02554954045935889,0.032
raceline_xy,20260415_212047_eb9da4db,2408,77.08799999999506,269.3880321271745,-243.77529211816625,6.08514642071207,-0.06679505515817175,6.085513005564814,0.2535630418985339,-2.22653742526344,-0.0519054929725998,0.27610456532503447,1.3805228266251723,0.19339588855394263,0.01593012715438169,0.0,0.0,0.5030021303794007,13.452164043470106,0.5605068351445878,13.452164043470106,0.5605068351445878,13.452164043470106,0.5605068351445878,0.3401677956287057,0.0,0.0,0.1556984565214541,0.0,0.0,0.7442959648896524,0.0,558.0782949916669,-0.020170458940201075,0.032
raceline_xy,20260415_212047_eb9da4db,2409,77.11999999999506,269.26748983502296,-243.92823242366143,6.085117748074985,-0.06118197674495951,6.085425313173731,0.2535593880489055,-2.2282253943076427,-0.05269796445798537,0.2763914756460555,1.3819573782302774,0.19273982955333802,0.01601070429346274,0.0,0.0,0.5031579147459199,13.467587560821318,0.5611494817008883,13.467587560821318,0.5611494817008883,13.467587560821318,0.5611494817008883,0.3393929946865062,0.0,0.0,0.15640502614168925,0.0,0.0,0.7456813155615785,0.0,558.1572181436414,-0.019592444839391664,0.032
raceline_xy,20260415_212047_eb9da4db,2410,77.15199999999506,269.1468726581131,-244.08112187632554,6.085385324961775,-0.05417373726593233,6.085626454775999,0.25356776894899996,-2.2298410357488336,-0.0504685460319741,0.27649414549253454,1.3824707274626726,0.1921577695862906,0.016155627473806167,0.0,0.0,0.5033137677505378,13.48291156921788,0.561787982050745,13.48291156921788,0.561787982050745,13.48291156921788,0.561787982050745,0.33862536198317716,0.0,0.0,0.15707277646245224,0.0,0.0,0.747057122202963,0.0,557.9761907016009,-0.022724837533699953,0.032
raceline_xy,20260415_212047_eb9da4db,2411,77.18399999999505,269.02612167482783,-244.23391694432658,6.085696839327728,-0.05007255159213919,6.08590283200664,0.25357928466694335,-2.2313549429921062,-0.047315559905158774,0.27649086268174167,1.3824543134087082,0.19167800372367427,0.016394332967303527,0.0,0.0,0.5034696890058842,13.4981355072789,0.5624223128032875,13.4981355072789,0.5624223128032875,13.4981355072789,0.5624223128032875,0.3378648752122646,0.0,0.0,0.1576832585714849,0.0,0.0,0.7484821476114467,0.0,557.7274511940233,-0.0267639146737459,0.032
raceline_xy,20260415_212047_eb9da4db,2412,77.21599999999505,268.9051397815448,-244.38653739336547,6.08589440710522,-0.05031351436113374,6.086102380354933,0.2535875991814555,-2.23280177134812,-0.04522838098113085,0.27651292276400424,1.3825646138200212,0.1912639509210976,0.01668820592235898,0.0,0.0,0.5036256781184684,13.51317862889108,0.5630491095371283,13.51317862889108,0.5630491095371283,13.51317862889108,0.5630491095371283,0.33711550126885337,0.0,0.0,0.15825071111001884,0.0,0.0,0.7499191652500435,0.0,557.5478576805601,-0.029228446286185667,0.032
raceline_xy,20260415_212047_eb9da4db,2413,77.24799999999505,268.7838566689618,-244.5389207922503,6.085921073466345,-0.05352353191566239,6.086156429219551,0.2535898512174813,-2.2342425252534994,-0.04503074994630103,0.2766600076614813,1.3833000383074063,0.19085316259839225,0.01697896148065814,0.0,0.0,0.503781734688722,13.528119025084795,0.5636716260451998,13.528119025084795,0.5636716260451998,13.528119025084795,0.5636716260451998,0.3363732837961835,0.0,0.0,0.1588091465307904,0.0,0.0,0.7514062805310018,0.0,557.4992137024034,-0.029221534897079047,0.032
raceline_xy,20260415_212047_eb9da4db,2414,77.27999999999504,268.66226014825577,-244.6910510643097,6.085811546233595,-0.05709885198405251,6.086079399347994,0.25358664163949973,-2.235723442630894,-0.04627067635247744,0.27695771857608065,1.3847885928804031,0.19039908813328044,0.017221706274129556,0.0,0.0,0.5039378583110414,13.542980202120361,0.5642908417550151,13.542980202120361,0.5642908417550151,13.542980202120361,0.5642908417550151,0.3356370104008932,0.0,0.0,0.15938540054358888,0.0,0.0,0.7529013691329407,0.0,557.5685405868054,-0.0274576826714703,0.032
raceline_xy,20260415_212047_eb9da4db,2415,77.31199999999504,268.5403859084078,-244.84295397580422,6.085672441110146,-0.05899227471703172,6.085958359121743,0.25358159829673926,-2.237254954817793,-0.047840053519632005,0.2773681886179902,1.3868409430899509,0.189891956965885,0.017406019547285823,0.0,0.0,0.5040940485738304,13.557740263308226,0.5649058443045094,13.557740263308226,0.5649058443045094,13.557740263308226,0.5649058443045094,0.3349077221579546,0.0,0.0,0.15998590782637995,0.0,0.0,0.7543567527063727,0.0,557.6774767904311,-0.025401265701242626,0.032
raceline_xy,20260415_212047_eb9da4db,2416,77.34399999999503,268.41828401465403,-244.99467109814248,6.085605964869433,-0.058671321479282224,6.085888783375732,0.2535786993073222,-2.23881636732016,-0.04877193759678187,0.2778323791044795,1.3891618955223974,0.18935345363179268,0.017552606095057488,0.0,0.0,0.5042503050595415,13.572399341273748,0.5655166392197395,13.572399341273748,0.5655166392197395,13.572399341273748,0.5655166392197395,0.3341853649406441,0.0,0.0,0.16059960295024467,0.0,0.0,0.7557672495167576,0.0,557.7400949618408,-0.024246908094644234,0.032
raceline_xy,20260415_212047_eb9da4db,2417,77.37599999999503,268.29598768881493,-245.14623233230984,6.085641527135495,-0.05696645898613584,6.0859081470430905,0.2535795061267954,-2.240376181437685,-0.04872764549110813,0.2783116161712983,1.3915580808564914,0.18881575928137817,0.017692974637312897,0.0,0.0,0.5044066273447186,13.586957573481058,0.5661232322283775,13.586957573481058,0.5661232322283775,13.586957573481058,0.5661232322283775,0.3334698850569806,0.0,0.0,0.16120866307407777,0.0,0.0,0.7571472896360938,0.0,557.7226676612182,-0.024345746124017992,0.032
raceline_xy,20260415_212047_eb9da4db,2418,77.40799999999503,268.1735005360128,-245.29764277591013,6.085739963997701,-0.05521806092861059,6.085990465294162,0.2535829360539234,-2.24191237598695,-0.04799818079364268,0.27880580307886504,1.394029015394325,0.1883009879314974,0.01784915609533977,0.0,0.0,0.504563015000038,13.601415102109286,0.5667256292545536,13.601415102109286,0.5667256292545536,13.601415102109286,0.5667256292545536,0.33276122924963625,0.0,0.0,0.16179994636031905,0.0,0.0,0.7585192922875585,0.0,557.6485812352537,-0.02526059608533783,0.032
raceline_xy,20260415_212047_eb9da4db,2419,77.43999999999502,268.05080360409283,-245.44888715872895,6.085841689018027,-0.05439425761903793,6.086084767652495,0.25358686531885394,-2.243421587630124,-0.047161378691971664,0.2793451112123097,1.3967255560615484,0.1878121299731279,0.01802452326331938,0.0,0.0,0.5047194675903495,13.615772073954421,0.5673238364147676,13.615772073954421,0.5673238364147676,13.615772073954421,0.5673238364147676,0.33205934469455967,0.0,0.0,0.1623703933022899,0.0,0.0,0.7598961275385164,0.0,557.5637091127542,-0.02623534925718657,0.032
raceline_xy,20260415_212047_eb9da4db,2420,77.47199999999502,267.92787270441585,-245.5999441516004,6.085905065229234,-0.054670408261985326,6.086150615661954,0.25358960898591476,-2.244915428191888,-0.04668274774048891,0.27996747461900723,1.399837373095036,0.18733707738617644,0.018207473490746917,0.0,0.0,0.5048759846747186,13.630028640308872,0.5679178600128697,13.630028640308872,0.5679178600128697,13.630028640308872,0.5679178600128697,0.33136417900066917,0.0,0.0,0.16292547775901875,0.0,0.0,0.7612785239228548,0.0,557.5044459042408,-0.026700927804102336,0.032
raceline_xy,20260415_212047_eb9da4db,2421,77.50399999999502,267.8046935800054,-245.75079976613137,6.0859203872711625,-0.05556482118680073,6.086174037074219,0.25359058487809244,-2.246409709431809,-0.046694334460701294,0.28054999146739545,1.4027499573369773,0.1868597086532362,0.01837833528531041,0.0,0.0,0.5050318442403418,13.644105311842704,0.568504387993446,13.644105311842704,0.568504387993446,13.644105311842704,0.568504387993446,0.3306795488335963,0.0,0.0,0.16348273431697857,0.0,0.0,0.7626268368650699,0.0,557.4833666332025,-0.02653103419065412,0.032
raceline_xy,20260415_212047_eb9da4db,2422,77.53599999999501,267.68126719797993,-245.90145286831216,6.085906010620115,-0.05639381403405208,6.086167285933189,0.2535903035805495,-2.2479145268660936,-0.04702018280439146,0.281160539210331,1.405802696051655,0.18636870073580747,0.018529658159813778,0.0,0.0,0.5051875265365317,13.658081473434589,0.5690867280597746,13.658081473434589,0.5690867280597746,13.658081473434589,0.5690867280597746,0.3300015347518652,0.0,0.0,0.16404566947990712,0.0,0.0,0.7639891647916743,0.0,557.4894426601297,-0.025898849069148498,0.032
raceline_xy,20260415_212047_eb9da4db,2423,77.56799999999501,267.557605211797,-246.05191216167836,6.085891666017243,-0.05670121912377857,6.086155798100165,0.2535898249208402,-2.2494304386364625,-0.047364781275809696,0.28061829901446506,1.4030914950723252,0.18562174059041991,0.01783893441490436,0.0,0.0,0.5052653911262338,13.665043550802878,0.5693768146167866,13.665043550802878,0.5693768146167866,13.665043550802878,0.5693768146167866,0.3296644297125235,0.0,0.0,0.16470221913515976,0.0,0.0,0.7624891266429787,0.0,557.4997817098508,2.5543394800466024e-05,0.032
raceline_xy,20260415_212047_eb9da4db,2424,77.599999999995,267.4337485253016,-246.2022107107157,6.085892921481447,-0.05522845251140174,6.0861435107713975,0.2535893129488082,-2.2509688096436804,-0.04806570728569912,0.2797382351964574,1.3986911759822869,0.1850935571951582,0.01794519224394353,0.0,0.0,0.5054211669314888,13.678893043229035,0.5699538768012098,13.678893043229035,0.5699538768012098,13.678893043229035,0.5699538768012098,0.3289950976375251,0.0,0.0,0.1653986690469728,0.0,0.0,0.7660140098867201,0.0,557.5108403057419,-0.023524605360223667,0.032
raceline_xy,20260415_212047_eb9da4db,2425,77.631999999995,267.3100922461064,-246.35269104842806,6.086425548862109,-0.03902206094605054,6.086550639161881,0.253606276631745,-2.2522445187929883,-0.03993410180866117,0.2783318748478175,1.3916593742390875,0.18483515474972823,0.018306471657798973,0.0,0.0,0.5055770045573177,13.692642578585279,0.5705267741077199,13.692642578585279,0.5705267741077199,13.692642578585279,0.5705267741077199,0.32833225428792545,0.0,0.0,0.16595599166554703,0.0,0.0,0.7671726041797166,0.0,557.144424754307,-0.035068690931535876,0.032
raceline_xy,20260415_212047_eb9da4db,2426,77.663999999995,267.1861286184995,-246.50292583306532,6.086573127986284,-0.04401407406065516,6.086732266252571,0.2536138444271904,-2.2534440888157707,-0.037549920566501714,0.2770593381838894,1.3852966909194468,0.184649881548979,0.018736277086825126,0.0,0.0,0.5057329035821867,13.706291672775116,0.5710954863656298,13.706291672775116,0.5710954863656298,13.706291672775116,0.5710954863656298,0.32767588136256576,0.0,0.0,0.16646128815453207,0.0,0.0,0.7685449647142155,0.0,556.980960372686,-0.0377438258219361,0.032
raceline_xy,20260415_212047_eb9da4db,2427,77.695999999995,267.0616750608758,-246.6527447635476,6.086227158457555,-0.05611682331704193,6.086485859854232,0.2536035774939263,-2.254754394941699,-0.04096063025908848,0.27617390309019263,1.3808695154509631,0.18434702593023555,0.019047446676795587,0.0,0.0,0.5058888635790427,13.71983329925143,0.5716597208021429,13.71983329925143,0.5716597208021429,13.71983329925143,0.5716597208021429,0.32702627432397025,0.0,0.0,0.1670193429264042,0.0,0.0,0.7700101567736517,0.0,557.2027261311908,-0.03278804512575548,0.032
raceline_xy,20260415_212047_eb9da4db,2428,77.72799999999499,266.93679863728005,-246.80218885613763,6.085601403465098,-0.06466637027656486,6.0859449702820285,0.25358104042841784,-2.2562487941524862,-0.046663914072463904,0.2756057707137324,1.3780288535686618,0.18385438436499113,0.019163035854259824,0.0,0.0,0.5060448841153503,13.733194316308666,0.5722164298461944,13.733194316308666,0.5722164298461944,13.733194316308666,0.5722164298461944,0.32638688599079835,0.0,0.0,0.16767664000798216,0.0,0.0,0.7714220310783366,0.0,557.6895267461739,-0.02525501052964876,0.032
raceline_xy,20260415_212047_eb9da4db,2429,77.75999999999499,266.8116678678566,-246.95140183556944,6.085156603133608,-0.06547819433076896,6.085508875894717,0.25356286982894655,-2.2578778709010106,-0.05085215565936518,0.2751425023496886,1.375712511748443,0.18322474898268348,0.01913646914823408,0.0,0.0,0.5062009647531311,13.746493752755597,0.5727705730314833,13.746493752755597,0.5727705730314833,13.746493752755597,0.5727705730314833,0.32575197311456217,0.0,0.0,0.16841027215417925,0.0,0.0,0.7727298561949284,0.0,558.0820116947546,-0.020033297979470146,0.032
raceline_xy,20260415_212047_eb9da4db,2430,77.79199999999499,266.68642103297066,-247.10051374950663,6.085123413557493,-0.06022217709227018,6.085421404376145,0.25355922518233937,-2.2595316468134197,-0.05163534941000143,0.27460238757761674,1.3730119378880836,0.18257100867032783,0.01907776717719356,0.0,0.0,0.506357105049002,13.759693606848685,0.5733205669520286,13.759693606848685,0.5733205669520286,13.759693606848685,0.5733205669520286,0.3251233172887815,0.0,0.0,0.16915683053257174,0.0,0.0,0.773905237298425,0.0,558.1607360614689,-0.019290424422195442,0.032
raceline_xy,20260415_212047_eb9da4db,2431,77.82399999999498,266.5610984024689,-247.2495696677468,6.085370330820782,-0.05351397437564431,6.085605623821454,0.2535669009925606,-2.2611172708363405,-0.04953276038599301,0.27393179812566365,1.369658990628318,0.1819869425557452,0.019079825816181728,0.0,0.0,0.5065133045542123,13.772795317351722,0.5738664715563218,13.772795317351722,0.5738664715563218,13.772795317351722,0.5738664715563218,0.32450081155984467,0.0,0.0,0.1698627900014378,0.0,0.0,0.7750684956150364,0.0,557.9949385606908,-0.022099072901983464,0.032
raceline_xy,20260415_212047_eb9da4db,2432,77.85599999999498,266.4356487100294,-247.39852954017067,6.085664837413762,-0.049434750437765906,6.085865616975543,0.2535777340406476,-2.2626047191053917,-0.046488425740448855,0.2732013968613547,1.3660069843067735,0.18150158514131798,0.019172716299495463,0.0,0.0,0.5066695628146818,13.785800395411592,0.5744083498088163,13.785800395411592,0.5744083498088163,13.785800395411592,0.5744083498088163,0.3238843466764063,0.0,0.0,0.1705084665639954,0.0,0.0,0.7762763820982254,0.0,557.7609447220111,-0.025858007071588602,0.032
raceline_xy,20260415_212047_eb9da4db,2433,77.88799999999497,266.3099838020819,-247.5473159486927,6.085857080008714,-0.049429636723271386,6.086057811693772,0.25358574215390717,-2.264024811753293,-0.04439220123494905,0.2725344119962091,1.3626720599810453,0.18108231944987896,0.019325668384063466,0.0,0.0,0.5068258793710384,13.798710424352002,0.5749462676813334,13.798710424352002,0.5749462676813334,13.798710424352002,0.5749462676813334,0.3232738111162332,0.0,0.0,0.17110802030888903,0.0,0.0,0.7775269318475965,0.0,557.5879694756048,-0.028205996308543882,0.032
raceline_xy,20260415_212047_eb9da4db,2434,77.91999999999497,266.18403834434235,-247.69586741533573,6.085891954823975,-0.05228536251704963,6.086116548746395,0.2535881895310998,-2.265434564081782,-0.04406258311870501,0.27202671794848143,1.3601335897424072,0.1806707501912692,0.019481719149952337,0.0,0.0,0.5069822537586549,13.811527059480536,0.5754802941450223,13.811527059480536,0.5754802941450223,13.811527059480536,0.5754802941450223,0.3226690911115848,0.0,0.0,0.17169249107834464,0.0,0.0,0.7788024837114023,0.0,557.5351061282445,-0.028241988887932397,0.032
raceline_xy,20260415_212047_eb9da4db,2435,77.95199999999497,266.0577996939405,-247.84416715345063,6.085799642980299,-0.05557353740976856,6.0860533773997885,0.25358555739165783,-2.26687834153881,-0.04511246370624355,0.2717052529252956,1.358526264626478,0.18022218480268037,0.019596557995758435,0.0,0.0,0.5071386855076866,13.824252027885883,0.5760105011619118,13.824252027885883,0.5760105011619118,13.824252027885883,0.5760105011619118,0.3220700706742763,0.0,0.0,0.1722879803523898,0.0,0.0,0.7800779600706089,0.0,557.59196034019,-0.02659044545552844,0.032
raceline_xy,20260415_212047_eb9da4db,2436,77.98399999999496,265.9312996783919,-247.99223952431674,6.0856767246485655,-0.057335971720964274,6.085946812993233,0.2535811172080514,-2.2683672732419193,-0.04651290221956284,0.27153147523172494,1.3576573761586246,0.17972609525246108,0.019658808603503886,0.0,0.0,0.5072951130882584,13.836880637993637,0.5765366932497349,13.836880637993637,0.5765366932497349,13.836880637993637,0.5765366932497349,0.3214769361055727,0.0,0.0,0.17290234577085944,0.0,0.0,0.7813221907107619,0.0,557.6878683060903,-0.02461413303623323,0.032
raceline_xy,20260415_212047_eb9da4db,2437,78.01599999999496,265.8045843851557,-248.140125091755,6.085617576230689,-0.057018629563260426,6.0858846857499,0.25357852857291246,-2.2698828428280535,-0.04734279178021562,0.27137259308666767,1.3568629654333382,0.17920178809508736,0.01968353207482032,0.0,0.0,0.5074508274757807,13.84934266097991,0.5770559442074963,13.84934266097991,0.5770559442074963,13.84934266097991,0.5770559442074963,0.32089293991101187,0.0,0.0,0.17353005389389714,0.0,0.0,0.7824961364945232,0.0,557.74378282509,-0.02345997589727435,0.032
raceline_xy,20260415_212047_eb9da4db,2438,78.04799999999496,265.67768530084214,-248.28785376198664,6.085651390196498,-0.055363909233383524,6.085903220184015,0.2535793008410006,-2.2713956161037725,-0.04726022097626661,0.27123475291842386,1.3561737645921192,0.17867762936564802,0.019704060851729377,0.0,0.0,0.5076065965652683,13.861757933944258,0.5775732472476774,13.861757933944258,0.5775732472476774,13.861757933944258,0.5775732472476774,0.32031242869621135,0.0,0.0,0.17415434073427186,0.0,0.0,0.7836835974529613,0.0,557.7271018343861,-0.02350896196705302,0.032
raceline_xy,20260415_212047_eb9da4db,2439,78.07999999999495,265.5506068605581,-248.43543142566318,6.08574387829806,-0.05362989168159116,6.0859801772207645,0.2535825073841985,-2.272884498384081,-0.04652127399259918,0.27111579183643275,1.3555789591821636,0.17817669458556296,0.019741531993249684,0.0,0.0,0.5077624192873785,13.8740870586896,0.5780869607787333,13.8740870586896,0.5780869607787333,13.8740870586896,0.5780869607787333,0.3197372200606261,0.0,0.0,0.17476012043114347,0.0,0.0,0.78485138367435,0.0,557.6578405013116,-0.024312876073233913,0.032
raceline_xy,20260415_212047_eb9da4db,2440,78.11199999999495,265.4233320921204,-248.5828435468045,6.085840004503823,-0.05276017940909439,6.0860686980143734,0.2535861957505989,-2.2743460771090778,-0.04567375403160034,0.27104294488715214,1.3552147244357606,0.17770204988716598,0.01979940017714288,0.0,0.0,0.5079182945679498,13.886330048995262,0.5785970853748026,13.886330048995262,0.5785970853748026,13.886330048995262,0.5785970853748026,0.3191672829756431,0.0,0.0,0.17534422344641992,0.0,0.0,0.7860241454696245,0.0,557.5781717870635,-0.02518405511600166,0.032
raceline_xy,20260415_212047_eb9da4db,2441,78.14399999999495,265.29583933180356,-248.7300698548043,6.085901981753588,-0.0529180524990287,6.086132043571889,0.25358883514882874,-2.2757909512000207,-0.045153330604734275,0.2710505706721732,1.3552528533608659,0.17724263589916056,0.019867108344697737,0.0,0.0,0.508074221328043,13.89848692172156,0.5791036217383984,13.89848692172156,0.5791036217383984,13.89848692172156,0.5791036217383984,0.3186025866331277,0.0,0.0,0.1759117701949156,0.0,0.0,0.7872023601770617,0.0,557.5211607852992,-0.025590870577751994,0.032
raceline_xy,20260415_212047_eb9da4db,2442,78.17599999999494,265.1681157945326,-248.87709707285913,6.085920755465274,-0.053661399579865154,6.086157325242906,0.25358988855178777,-2.2772338007217154,-0.04508820276731242,0.27116161046941323,1.3558080523470661,0.1767834830270707,0.019930018039466812,0.0,0.0,0.5082301984839839,13.910557696787581,0.5796065706994825,13.910557696787581,0.5796065706994825,13.910557696787581,0.5796065706994825,0.3180431004440387,0.0,0.0,0.17647079039434838,0.0,0.0,0.7883798534688617,0.0,557.4984072813838,-0.025409284778385905,0.032
raceline_xy,20260415_212047_eb9da4db,2443,78.20799999999494,265.0401624330577,-249.02392423772673,6.085912523068604,-0.05435611182720823,6.0861552580702565,0.253589802419594,-2.2786841468171053,-0.045319488984655404,0.27138051364398474,1.3569025682199236,0.1763150623609988,0.019976381531575882,0.0,0.0,0.5083862249474036,13.92249503020815,0.5801039595920062,13.92249503020815,0.5801039595920062,13.92249503020815,0.5801039595920062,0.3174909824836947,0.0,0.0,0.1770256973951266,0.0,0.0,0.7895287001270325,0.0,557.5002677367688,-0.024871502310242582,0.032
raceline_xy,20260415_212047_eb9da4db,2444,78.23999999999494,264.91198988615236,-249.17055982013,6.085903869395262,-0.05457673606576785,6.086148579162343,0.2535895241317643,-2.2801426299200465,-0.04557191138708974,0.2702350367184291,1.3511751835921453,0.17559577569009654,0.019263470704306673,0.0,0.0,0.5084642563280293,13.928442996014365,0.5803517915005986,13.928442996014365,0.5803517915005986,13.928442996014365,0.5803517915005986,0.3172163190605408,0.0,0.0,0.17771711659106235,0.0,0.0,0.7882479737415152,0.0,557.5062787538913,-0.0006140939528685094,0.032
raceline_xy,20260415_212047_eb9da4db,2445,78.27199999999493,264.7836305580648,-249.31703112694277,6.085896019620496,-0.053335663220585694,6.086129727060029,0.2535887386275012,-2.281623731172843,-0.04627693122269264,0.2688031681780092,1.344015840890046,0.17509409876878035,0.019268476092809017,0.0,0.0,0.5086203547018078,13.9402741289483,0.5808447553728459,13.9402741289483,0.5808447553728459,13.9402741289483,0.5808447553728459,0.3166708486673073,0.0,0.0,0.17842555848145925,0.0,0.0,0.7912634161107664,0.0,557.5232456459737,-0.02246263713089018,0.032
raceline_xy,20260415_212047_eb9da4db,2446,78.30399999999493,264.65545146430003,-249.46367628307163,6.086389768314964,-0.03801394892316168,6.0865084795933555,0.2536045199830565,-2.2828574282641636,-0.03861376906616185,0.2669140295565675,1.3345701477828376,0.17484652461103511,0.01951418701994445,0.0,0.0,0.5087764996418733,13.952018491808698,0.5813341038253624,13.952018491808698,0.5813341038253624,13.952018491808698,0.5813341038253624,0.31613051361349687,0.0,0.0,0.1789961004860571,0.0,0.0,0.7922372444365285,0.0,557.1823683659796,-0.03322455538094458,0.032
raceline_xy,20260415_212047_eb9da4db,2447,78.33599999999493,264.5269878379512,-249.61007922744142,6.086523151478493,-0.04262656409243837,6.086672415815559,0.2536113506589816,-2.2840180522417057,-0.03632597185467826,0.26518847949223007,1.3259423974611502,0.17466918716505475,0.01982629544342762,0.0,0.0,0.5089326900437469,13.963675668645887,0.581819819526912,13.963675668645887,0.581819819526912,13.963675668645887,0.581819819526912,0.3155953047411417,0.0,0.0,0.1795117906365617,0.0,0.0,0.7934149597223857,0.0,557.0348257659965,-0.035685225817950604,0.032
raceline_xy,20260415_212047_eb9da4db,2448,78.36799999999492,264.3980777414926,-249.75608012902902,6.086222756391921,-0.05372677077978727,6.086459891128939,0.2536024954637058,-2.2852785186439455,-0.03940249264872343,0.2638583175715581,1.3192915878577904,0.17438567060999466,0.020031909616835097,0.0,0.0,0.5090889247984363,13.975245278160873,0.5823018865900363,13.975245278160873,0.5823018865900363,13.975245278160873,0.5823018865900363,0.31506521148666344,0.0,0.0,0.18007253868436687,0.0,0.0,0.7946716702541632,0.0,557.2260979839543,-0.031100803130343645,0.032
raceline_xy,20260415_212047_eb9da4db,2449,78.39999999999492,264.26878019280247,-249.901717687125,6.08567288668468,-0.061615804920752915,6.08598480043658,0.25358270001819083,-2.2867076913343283,-0.044630822932039044,0.26286167699261737,1.3143083849630868,0.17392814781063315,0.020062190244322764,0.0,0.0,0.509245202792475,13.98672697378177,0.5827802905742404,13.98672697378177,0.5827802905742404,13.98672697378177,0.5827802905742404,0.31454022189408315,0.0,0.0,0.1807253572522555,0.0,0.0,0.7959099708840667,0.0,557.6536796070776,-0.024089659817533325,0.032
raceline_xy,20260415_212047_eb9da4db,2450,78.43199999999491,264.13924714711976,-250.04712938373768,6.085281620556673,-0.06235143503665874,6.085601046974404,0.2535667102906002,-2.2882605048753017,-0.04847639719758998,0.2620021565569008,1.3100107827845038,0.17334480967726051,0.019962228096209067,0.0,0.0,0.5094015229079615,13.99812044374454,0.5832550184893558,13.99812044374454,0.5832550184893558,13.99812044374454,0.5832550184893558,0.3140203226275826,0.0,0.0,0.18144688198885014,0.0,0.0,0.7970198026005386,0.0,557.9990577230357,-0.0191932866592244,0.032
raceline_xy,20260415_212047_eb9da4db,2451,78.46399999999491,264.0096040837677,-250.19243971870912,6.0852533866721465,-0.05744191985274849,6.08552449293906,0.2535635205391275,-2.2898352408166263,-0.04917128162952636,0.2611103433612697,1.3055517168063484,0.1727400841376694,0.019833767710145,0.0,0.0,0.509557884022597,14.009425411157181,0.5837260587982159,14.009425411157181,0.5837260587982159,14.009425411157181,0.5837260587982159,0.31350549898436997,0.0,0.0,0.18217763059092648,0.0,0.0,0.7980229163560898,0.0,558.0679563548458,-0.018443047851781677,0.032
raceline_xy,20260415_212047_eb9da4db,2452,78.49599999999491,263.87988824792853,-250.33769215751343,6.085474120831547,-0.051153814674008924,6.085689113655593,0.2535703797356497,-2.2913455596702574,-0.0471821226539376,0.2601399887934435,1.3006999439672176,0.1722011876399412,0.01976232092926855,0.0,0.0,0.5097141003803903,14.020622814560564,0.5841926172733568,14.020622814560564,0.5841926172733568,14.020622814560564,0.5841926172733568,0.3129965893834221,0.0,0.0,0.18286508796663586,0.0,0.0,0.7990061809792327,0.0,557.919797709966,-0.020998994377180117,0.032
raceline_xy,20260415_212047_eb9da4db,2453,78.5279999999949,263.7500540491138,-250.48284880932118,6.08573842008699,-0.04728122815576441,6.085922085621768,0.253580086900907,-2.2927631540787603,-0.04430540660003773,0.25914234327572494,1.2957117163786247,0.17175459147939387,0.019775249218284774,0.0,0.0,0.5098699553984072,14.03171069370142,0.5846546122375592,14.03171069370142,0.5846546122375592,14.03171069370142,0.5846546122375592,0.31249365083967673,0.0,0.0,0.1834913176778794,0.0,0.0,0.8000252306919732,0.0,557.710122940408,-0.02450938427268959,0.032
raceline_xy,20260415_212047_eb9da4db,2454,78.5599999999949,263.62002215388213,-250.62783584445918,6.085912570016234,-0.04718637974872353,6.086095494183064,0.25358731225762765,-2.2941161888714348,-0.04229566866707773,0.2582100698509768,1.2910503492548837,0.17137063085366755,0.019846290940232603,0.0,0.0,0.5100258474126402,14.042726682798158,0.5851136117832566,14.042726682798158,0.5851136117832566,14.042726682798158,0.5851136117832566,0.3119949493923504,0.0,0.0,0.18407180428737246,0.0,0.0,0.80109479409022,0.0,557.5540552352423,-0.02678232599007837,0.032
raceline_xy,20260415_212047_eb9da4db,2455,78.5919999999949,263.48973262058945,-250.77259373883453,6.085946043452548,-0.049795610602786144,6.0861497555228645,0.25358957314678604,-2.295457895923006,-0.04193593785572332,0.25743217684887876,1.2871608842443938,0.17099554103017978,0.019922259160056743,0.0,0.0,0.5101817750415587,14.053654690867557,0.5855689454528149,14.053654690867557,0.5855689454528149,14.053654690867557,0.5855689454528149,0.31150118977558616,0.0,0.0,0.184635542846958,0.0,0.0,0.802181034452124,0.0,557.5052200294215,-0.0267939684919932,0.032
raceline_xy,20260415_212047_eb9da4db,2456,78.6239999999949,263.3591724333284,-250.9171051204687,6.0858631818454,-0.052879438765141895,6.086092909509805,0.25358720456290856,-2.2968308170066054,-0.04289918828790434,0.2568345549375216,1.284172774687608,0.17058644124162825,0.01996065673874048,0.0,0.0,0.5103377368993766,14.064494995857896,0.5860206248274124,14.064494995857896,0.5860206248274124,14.064494995857896,0.5860206248274124,0.31101233392414374,0.0,0.0,0.18520851024556517,0.0,0.0,0.8032671662370229,0.0,557.5563814411751,-0.025181441907742835,0.032
raceline_xy,20260415_212047_eb9da4db,2457,78.65599999999489,263.22837121516716,-251.06139421568827,6.085752461371438,-0.05451389976667409,6.085996614060535,0.2535831922525223,-2.2982456130925373,-0.044198098323567796,0.25638340885947625,1.281917044297381,0.17013324464207402,0.019950867036883313,0.0,0.0,0.5104937315960919,14.075247878388353,0.5864686615995147,14.075247878388353,0.5864686615995147,14.075247878388353,0.5864686615995147,0.31052834406102114,0.0,0.0,0.18579852913697792,0.0,0.0,0.8043262432871191,0.0,557.6430473455184,-0.02325739099774717,0.032
raceline_xy,20260415_212047_eb9da4db,2458,78.68799999999489,263.0973722283949,-251.20550138165027,6.085700165673726,-0.054153859325962284,6.085941106103568,0.253580879420982,-2.2996844785066735,-0.04494797135045431,0.25602379436010003,1.2801189718005002,0.16965465653892053,0.01991073855000902,0.0,0.0,0.5106497577375259,14.085913594768346,0.5869130664486811,14.085913594768346,0.5869130664486811,14.085913594768346,0.5869130664486811,0.3100491839039199,0.0,0.0,0.1863958864314927,0.0,0.0,0.8053476589831131,0.0,557.6930045067886,-0.02211869857884028,0.032
raceline_xy,20260415_212047_eb9da4db,2459,78.71999999999488,262.9662051257123,-251.34945633161797,6.085732755964974,-0.05250988174073612,6.085959288781471,0.25358163703256126,-2.3011191424064696,-0.04482110817150006,0.2557177908151303,1.2785889540756514,0.1691795871950923,0.01986745082891339,0.0,0.0,0.5108058139253626,14.096482052876972,0.5873534188698738,14.096482052876972,0.5873534188698738,14.096482052876972,0.5873534188698738,0.30957528116438127,0.0,0.0,0.18698347855607358,0.0,0.0,0.8063387147175556,0.0,557.676640096676,-0.022111528066219716,0.032
raceline_xy,20260415_212047_eb9da4db,2460,78.75199999999488,262.83487434744876,-251.49326507253545,6.085818858923879,-0.05078621119382687,6.086030760921355,0.2535846150383898,-2.3025293281053454,-0.04406320150701608,0.2554618480985606,1.2773092404928028,0.16872842351498418,0.01984243440940725,0.0,0.0,0.510961898757187,14.106974184214543,0.5877905910089393,14.106974184214543,0.5877905910089393,14.106974184214543,0.5877905910089393,0.3091056732396873,0.0,0.0,0.1875489028861188,0.0,0.0,0.8073298549053026,0.0,557.6123151707799,-0.022862602886184018,0.032
raceline_xy,20260415_212047_eb9da4db,2461,78.78399999999488,262.7033646401053,-251.63691378897576,6.085908989357868,-0.04987626990598404,6.086113363144548,0.25358805679768953,-2.303911455587416,-0.043191735447379365,0.25528000515262844,1.276400025763142,0.16830442701758797,0.019839277179681147,0.0,0.0,0.5111180108265225,14.117360411166743,0.588223350465281,14.117360411166743,0.588223350465281,14.117360411166743,0.588223350465281,0.30864165920033804,0.0,0.0,0.18808814276340707,0.0,0.0,0.8083133404820119,0.0,557.5379731699061,-0.023693643240050608,0.032
raceline_xy,20260415_212047_eb9da4db,2462,78.81599999999487,262.5716557122384,-251.78038246259493,6.085968044789081,-0.049964909833059235,6.086173143643586,0.2535905476518161,-2.3052756951308826,-0.04263429903897477,0.25520383453616097,1.2760191726808048,0.16789698589557744,0.019847817158203274,0.0,0.0,0.5112741487228698,14.12762779479997,0.5886511581166655,14.12762779479997,0.5886511581166655,14.12762779479997,0.5886511581166655,0.30818378747036634,0.0,0.0,0.18860599418738377,0.0,0.0,0.809293886443916,0.0,557.4841707207719,-0.024080600625474943,0.032
raceline_xy,20260415_212047_eb9da4db,2463,78.84799999999487,262.439735393735,-251.92365786375166,6.085987303832852,-0.050634475051957395,6.086197935696673,0.25359158065402804,-2.306636385971272,-0.042521728471628446,0.2552540374621948,1.276270187310974,0.1674914797033762,0.01985372382265682,0.0,0.0,0.5114303110317427,14.137763334452046,0.5890734722688352,14.137763334452046,0.5890734722688352,14.137763334452046,0.5890734722688352,0.30773260550428594,0.0,0.0,0.18911035513403612,0.0,0.0,0.8102645831014657,0.0,557.4618578729936,-0.023894297637551583,0.032
raceline_xy,20260415_212047_eb9da4db,2464,78.87999999999487,262.3076044957888,-252.06673906076458,6.085981360069965,-0.0512689196431233,6.086197303509018,0.2535915543128758,-2.3080029835022007,-0.04270354601974508,0.25443943194643853,1.2721971597321926,0.1668384797054201,0.019168109622450746,0.0,0.0,0.5115084008977688,14.142777583826636,0.5892823993261098,14.142777583826636,0.5892823993261098,14.142777583826636,0.5892823993261098,0.3075096939993669,0.0,0.0,0.18973435870795125,0.0,0.0,0.8091685982396462,0.0,557.4624268418833,-0.0014168495552656195,0.032
raceline_xy,20260415_212047_eb9da4db,2465,78.91199999999486,262.17528881885636,-252.2096478799324,6.0859514592139625,-0.05067994254093211,6.086162470759757,0.25359010294832324,-2.3093972096274005,-0.043562924853312916,0.2527210813708745,1.2636054068543725,0.16639672643927295,0.01913122520439403,0.0,0.0,0.5116645971646411,14.152690852667273,0.5896954521944697,14.152690852667273,0.5896954521944697,14.152690852667273,0.5896954521944697,0.3070695710568532,0.0,0.0,0.19041059901747065,0.0,0.0,0.8116950915556875,0.0,557.493776316218,-0.021273307727827883,0.032
raceline_xy,20260415_212047_eb9da4db,2466,78.94399999999486,262.04312902991893,-252.35271539737838,6.086385717307682,-0.03661325259603254,6.086495841624522,0.25360399340102174,-2.310567985255007,-0.03663923484539018,0.25061333455204454,1.2530666727602227,0.16618458173953154,0.019311632817999413,0.0,0.0,0.5118208142906269,14.162439523611678,0.5901016468171533,14.162439523611678,0.5901016468171533,14.162439523611678,0.5901016468171533,0.30663750232568354,0.0,0.0,0.19095437745056545,0.0,0.0,0.8124607057916153,0.0,557.1937425379296,-0.0309476104707198,0.032
raceline_xy,20260415_212047_eb9da4db,2467,78.97599999999485,261.91071208469583,-252.49555113697951,6.086501837152599,-0.04070657930920696,6.086637958615661,0.2536099149423192,-2.311672897974997,-0.03457721286387323,0.24867987133773484,1.243399356688674,0.1660357608785974,0.01955175498017203,0.0,0.0,0.5119770508475769,14.172010402644755,0.5905004334435314,14.172010402644755,0.5905004334435314,14.172010402644755,0.5905004334435314,0.30621403192080754,0.0,0.0,0.1914419772164516,0.0,0.0,0.8133983600969861,0.0,557.0658372459046,-0.033098212342875896,0.032
raceline_xy,20260415_212047_eb9da4db,2468,79.00799999999485,261.7778952157089,-252.63800714081125,6.0862455944625635,-0.05066604954882825,6.086456480144407,0.2536023533393503,-2.3128676499763863,-0.03734708029492488,0.24714747466778614,1.2357373733389305,0.16579139778832142,0.01969534813064122,0.0,0.0,0.5121331770814502,14.18137774494173,0.5908907393725721,14.18137774494173,0.5908907393725721,14.18137774494173,0.5908907393725721,0.3058002548654568,0.0,0.0,0.1919635826486738,0.0,0.0,0.8143812117050073,0.0,557.2291678700333,-0.028899954462050143,0.032
raceline_xy,20260415_212047_eb9da4db,2469,79.03999999999485,261.64473101028034,-252.78012093221417,6.085781927680928,-0.05770236441990173,6.08605547412669,0.2535856447552787,-2.3142136340498283,-0.04203548846600335,0.2459490745164695,1.2297453725823475,0.16538959050755953,0.019681057498003085,0.0,0.0,0.5122891919684893,14.190562862533962,0.5912734526055817,14.190562862533962,0.5912734526055817,14.190562862533962,0.5912734526055817,0.30539518622569073,0.0,0.0,0.1925650036853874,0.0,0.0,0.8153418950804286,0.0,557.5900732859787,-0.02268580578718437,0.032
raceline_xy,20260415_212047_eb9da4db,2470,79.07199999999484,261.51135357067614,-252.92202055159476,6.085456140320266,-0.058278821929957925,6.085735194440124,0.2535722997683385,-2.3156693750588913,-0.04544990105089832,0.24488481898251435,1.2244240949125718,0.1648760830997591,0.01955095548704433,0.0,0.0,0.5124452216522939,14.199545217454986,0.5916477173939577,14.199545217454986,0.5916477173939577,14.199545217454986,0.5916477173939577,0.3049996893548643,0.0,0.0,0.1932250586731639,0.0,0.0,0.816174265593343,0.0,557.8783250038879,-0.01838507187207867,0.032
raceline_xy,20260415_212047_eb9da4db,2471,79.10399999999484,261.377871060361,-253.06381852584656,6.085432781126349,-0.05387111058242411,6.085671222647717,0.2535696342769882,-2.3171441933099306,-0.0460543298116588,0.2438039923667726,1.219019961833863,0.16434400844318375,0.019395766695501138,0.0,0.0,0.5126012645093171,14.208323958714804,0.5920134982797834,14.208323958714804,0.5920134982797834,14.208323958714804,0.5920134982797834,0.30461375817323644,0.0,0.0,0.1938894980785297,0.0,0.0,0.8169059686994619,0.0,557.9358996170545,-0.017662733632017893,0.032
raceline_xy,20260415_212047_eb9da4db,2472,79.13599999999484,261.2443146872705,-253.205552951783,6.0856165568555305,-0.04828654016117806,6.085808119472294,0.2535753383113456,-2.318561895148397,-0.044289516189844225,0.24266134079290405,1.2133067039645202,0.16387033123662187,0.019291729358290155,0.0,0.0,0.5127573189121575,14.216899193666922,0.5923707997361217,14.216899193666922,0.5923707997361217,14.216899193666922,0.5923707997361217,0.3042373454711593,0.0,0.0,0.19451122672415727,0.0,0.0,0.8176149970101251,0.0,557.8126924749347,-0.019850452670883957,0.032
raceline_xy,20260415_212047_eb9da4db,2473,79.16799999999483,261.1106458650607,-253.3471899600511,6.085839240021493,-0.044808338138840664,6.086004193438594,0.2535835080599414,-2.319896945566107,-0.041724392567284975,0.24151114696179038,1.2075557348089518,0.16347981801618028,0.019264422743292986,0.0,0.0,0.5129133832295953,14.225271049346556,0.5927196270561065,14.225271049346556,0.5927196270561065,14.225271049346556,0.5927196270561065,0.303870404331942,0.0,0.0,0.19507189063620103,0.0,0.0,0.818342350520305,0.0,557.636225905265,-0.022855182771007607,0.032
raceline_xy,20260415_212047_eb9da4db,2474,79.19999999999483,260.97679704776374,-253.4886633913223,6.085988229120497,-0.044639248435915935,6.086151935952156,0.2535896639980065,-2.321173522966051,-0.03990386920436833,0.2404509286918438,1.202254643459219,0.16314685447233268,0.019289796058330033,0.0,0.0,0.5130694558266303,14.233441585448642,0.5930600660603601,14.233441585448642,0.5930600660603601,14.233441585448642,0.5930600660603601,0.30351280446015405,0.0,0.0,0.19558285722222485,0.0,0.0,0.8190887982965657,0.0,557.5032576430593,-0.02474766274840835,0.032
raceline_xy,20260415_212047_eb9da4db,2475,79.23199999999483,260.84271761467147,-253.6299204827937,6.086021745967134,-0.046826533520029745,6.086201887600045,0.25359174531666856,-2.322437757711932,-0.03951370576297182,0.23955671000229414,1.1977835500114706,0.1628241990498447,0.019322096513342046,0.0,0.0,0.5132255350645172,14.24144695241575,0.5933936230173229,14.24144695241575,0.5933936230173229,14.24144695241575,0.5933936230173229,0.3031629282596975,0.0,0.0,0.1960716072545336,0.0,0.0,0.8198553287040111,0.0,557.4583011599591,-0.024769177131086197,0.032
raceline_xy,20260415_212047_eb9da4db,2476,79.26399999999482,260.7083973483468,-253.77094684993898,6.085962021142279,-0.04940735633683557,6.086162568453656,0.25359010701890233,-2.3237261113147936,-0.04025770263001275,0.23884859344044349,1.1942429672022175,0.16247513021657278,0.019324413636390148,0.0,0.0,0.5133816193008021,14.249253731306585,0.5937189054711077,14.249253731306585,0.5937189054711077,14.249253731306585,0.5937189054711077,0.3028222020893052,0.0,0.0,0.19656036119293385,0.0,0.0,0.8205979307590724,0.0,557.4936883917088,-0.023403694762612687,0.032
raceline_xy,20260415_212047_eb9da4db,2477,79.29599999999482,260.57386063653405,-253.911763568623,6.085878940424955,-0.050776189781197356,6.08609075671376,0.25358711486307334,-2.325048280453162,-0.041306615415932536,0.23829684901991519,1.191484245099576,0.16209045122065513,0.019287033672990006,0.0,0.0,0.5135377068893582,14.256856328525142,0.5940356803552143,14.256856328525142,0.5940356803552143,14.256856328525142,0.5940356803552143,0.3024908332935463,0.0,0.0,0.197056451569611,0.0,0.0,0.821304044408844,0.0,557.5583189576159,-0.02175023197230216,0.032
raceline_xy,20260415_212047_eb9da4db,2478,79.32799999999482,260.43914341230163,-254.05240578958998,6.085840651417614,-0.05045751595779402,6.086049818672519,0.25358540911135496,-2.326389713120255,-0.04190668278233344,0.23785334602306435,1.1892667301153217,0.16168549447292602,0.019224491423791346,0.0,0.0,0.5136937961804209,14.264254204225434,0.5943439251760597,14.264254204225434,0.5943439251760597,14.264254204225434,0.5943439251760597,0.30216880914598976,0.0,0.0,0.1975520066494242,0.0,0.0,0.8219668634639671,0.0,557.5951631947323,-0.02074299805178123,0.032
raceline_xy,20260415_212047_eb9da4db,2479,79.35999999999481,260.3042707555117,-254.19289970392467,6.085869024821987,-0.049034764234962225,6.086066561860074,0.25358610674416976,-2.3277266233534224,-0.04176890739734835,0.2374836903195402,1.1874184515977009,0.1612846139946802,0.01916055551036333,0.0,0.0,0.5138498855206222,14.271446808821054,0.5946436170342105,14.271446808821054,0.5946436170342105,14.271446808821054,0.5946436170342105,0.3018561183019912,0.0,0.0,0.1980326240221519,0.0,0.0,0.8225951011391573,0.0,557.5800943259333,-0.020689885917837773,0.032
raceline_xy,20260415_212047_eb9da4db,2480,79.39199999999481,260.16924705042754,-254.3332510915665,6.085940354943765,-0.04752151029943841,6.086125885805697,0.25358857857523737,-2.3290416511118215,-0.04109081818017712,0.23718222880903364,1.1859111440451682,0.16090529307866586,0.019112568493369952,0.0,0.0,0.5140059732530255,14.2784335825571,0.5949347326065458,14.2784335825571,0.5949347326065458,14.2784335825571,0.5949347326065458,0.3015527508147753,0.0,0.0,0.19848706620551718,0.0,0.0,0.8232032900378959,0.0,557.5267027748721,-0.02128795692939505,0.032
raceline_xy,20260415_212047_eb9da4db,2481,79.4239999999948,260.03406025672683,-254.4734484598698,6.086015716626614,-0.04668190724684962,6.086194747417335,0.2535914478090556,-2.330331438089754,-0.040306489001149325,0.2369666990190458,1.1848334950952288,0.16055064744793457,0.019083871054234258,0.0,0.0,0.5141620577171601,14.28521395507299,0.5952172481280412,14.28521395507299,0.5952172481280412,14.28521395507299,0.5952172481280412,0.30125869815224604,0.0,0.0,0.19891231270632367,0.0,0.0,0.8238002487154892,0.0,557.464727324398,-0.02196749128631654,0.032
raceline_xy,20260415_212047_eb9da4db,2482,79.4559999999948,259.8986938817597,-254.61347472301006,6.086066915391889,-0.04668628118558571,6.086245978226536,0.2535935824261057,-2.331604356436058,-0.03978073997983375,0.23686145087554475,1.1843072543777238,0.16021195227321172,0.019066073271276185,0.0,0.0,0.5143181372490534,14.291787344986421,0.5954911393744342,14.291787344986421,0.5954911393744342,14.291787344986421,0.5954911393744342,0.30097395321322384,0.0,0.0,0.19931275232624326,0.0,0.0,0.8243867700293002,0.0,557.4186195961171,-0.02228064426962051,0.032
raceline_xy,20260415_212047_eb9da4db,2483,79.4879999999948,259.7631379060361,-254.7533184980119,6.0860866144614745,-0.0471916906122134,6.086269574574394,0.2535945656072664,-2.332872509544938,-0.039630572004972824,0.23688693849164966,1.1844346924582483,0.15987688230490216,0.01904713529540114,0.0,0.0,0.5144742304337994,14.298155043424781,0.5957564601426992,14.298155043424781,0.5957564601426992,14.298155043424781,0.5957564601426992,0.3006984288725474,0.0,0.0,0.19969523697079122,0.0,0.0,0.8249591933194701,0.0,557.397382883045,-0.02210986512629272,0.032
raceline_xy,20260415_212047_eb9da4db,2484,79.5199999999948,259.62739296785884,-254.89297900214186,6.086086080661063,-0.047679060920686744,6.086272839272539,0.2535947016363558,-2.3341440390900594,-0.03973389121450178,0.2362904236575795,1.1814521182878974,0.15929727869830757,0.018398176659245813,0.0,0.0,0.5145523267655641,14.301277734226751,0.595886572259448,14.301277734226751,0.595886572259448,14.301277734226751,0.595886572259448,0.3005634244911928,0.0,0.0,0.2002229555062288,0.0,0.0,0.8242603052579125,0.0,557.3944446547148,-0.0015910486712751443,0.032
raceline_xy,20260415_212047_eb9da4db,2485,79.55199999999479,259.49148143189717,-255.03247628135765,6.086065973474723,-0.047086347111339855,6.086248118304996,0.2535936715960415,-2.3354389227929264,-0.04046030782553865,0.23441364782414384,1.1720682391207191,0.15893213488160907,0.01834395545807954,0.0,0.0,0.5147085123481566,14.307377903263351,0.5961407459693063,14.307377903263351,0.5961407459693063,14.307377903263351,0.5961407459693063,0.30029990520988914,0.0,0.0,0.20079025003919765,0.0,0.0,0.8258058768371713,0.0,557.4166935255029,-0.020054187247965063,0.032
raceline_xy,20260415_212047_eb9da4db,2486,79.58399999999479,259.3557064924371,-255.17211934953616,6.086439443407847,-0.034223018127093496,6.086535657764649,0.2536056524068604,-2.336528067671903,-0.0340827893707639,0.23220631462272268,1.1610315731136134,0.15877870123790228,0.01848953515153484,0.0,0.0,0.5148646870498939,14.313270651911068,0.5963862771629612,14.313270651911068,0.5963862771629612,14.313270651911068,0.5963862771629612,0.30004561151676423,0.0,0.0,0.2012289307759963,0.0,0.0,0.8261983922917657,0.0,557.1579080118152,-0.02894217401394702,0.032
raceline_xy,20260415_212047_eb9da4db,2487,79.61599999999478,259.2196948290231,-255.3115371513544,6.086534395300062,-0.03815968681671311,6.086654015702605,0.25361058398760855,-2.3375590315649273,-0.03226040432862097,0.23018739181893194,1.1509369590946597,0.15868137266265103,0.018687399011129813,0.0,0.0,0.5150208491400283,14.318956145755052,0.5966231727397938,14.318956145755052,0.5966231727397938,14.318956145755052,0.5966231727397938,0.2998005084023454,0.0,0.0,0.201611729761474,0.0,0.0,0.8267376408458261,0.0,557.0513858676553,-0.03075755147707609,0.032
raceline_xy,20260415_212047_eb9da4db,2488,79.64799999999478,259.08331987888033,-255.45059227301067,6.086305585776951,-0.04740383484847355,6.086490187868379,0.2536037578278491,-2.3386754888573424,-0.03489820955956271,0.22854488382034907,1.1427244191017454,0.1584936121273488,0.018793913441808474,0.0,0.0,0.5151769968841646,14.324434567290627,0.5968514403037761,14.324434567290627,0.5968514403037761,14.324434567290627,0.5968514403037761,0.29956456119860553,0.0,0.0,0.20202602870980566,0.0,0.0,0.8273196964908655,0.0,557.1988309184585,-0.026718308514895473,0.032
raceline_xy,20260415_212047_eb9da4db,2489,79.67999999999478,258.9466322062353,-255.58932432534058,6.0859032807946765,-0.05379933360875366,6.086141068976643,0.2535892112073601,-2.339932086455125,-0.03924437699343769,0.22721981363883462,1.136099068194173,0.1581617430958362,0.018754472011215828,0.0,0.0,0.5153331285442954,14.329706115852417,0.5970710881605173,14.329706115852417,0.5970710881605173,14.329706115852417,0.5970710881605173,0.2993377355759912,0.0,0.0,0.20251209305571224,0.0,0.0,0.8278693982199286,0.0,557.5130379210212,-0.02076925789083351,0.032
raceline_xy,20260415_212047_eb9da4db,2490,79.71199999999477,258.8097546029961,-255.727856718024,6.085627369151826,-0.05414997500086827,6.0858682779010564,0.25357784491254404,-2.341288328833536,-0.04234505773221793,0.2260429386734538,1.130214693367269,0.15772893581131253,0.018610293890425567,0.0,0.0,0.5154892423788338,14.334792228294678,0.5972830095122782,14.334792228294678,0.5972830095122782,14.334792228294678,0.5972830095122782,0.2991190856698891,0.0,0.0,0.20304935589277057,0.0,0.0,0.8283181284382954,0.0,557.7585498890488,-0.016698087430473983,0.032
raceline_xy,20260415_212047_eb9da4db,2491,79.74399999999477,258.67278653691295,-255.86629762182986,6.085618732675545,-0.04983483117535048,6.0858227767402,0.25357594903084163,-2.342657953156939,-0.04277145621179103,0.2248704139578759,1.1243520697893794,0.15728372134783575,0.018448321981209936,0.0,0.0,0.5156453366426491,14.339727516212019,0.5974886465088342,14.339727516212019,0.5974886465088342,14.339727516212019,0.5974886465088342,0.29890710411675325,0.0,0.0,0.20358637122007028,0.0,0.0,0.828693065794647,0.0,557.79950093382,-0.016136134141956134,0.032
raceline_xy,20260415_212047_eb9da4db,2492,79.77599999999477,258.53575593697025,-256.0046824141353,6.08578870711077,-0.044477472923074135,6.0859512348682685,0.2535813014528445,-2.3439693355770332,-0.040970083318255045,0.22365866930175188,1.1182933465087592,0.1568984279247636,0.018338769804206567,0.0,0.0,0.5158014095871,14.344453584135366,0.5976855660056403,14.344453584135366,0.5976855660056403,14.344453584135366,0.5976855660056403,0.2987042791298986,0.0,0.0,0.2040765313827094,0.0,0.0,0.8290284856384669,0.0,557.683888618558,-0.018311144925100963,0.032
raceline_xy,20260415_212047_eb9da4db,2493,79.80799999999476,258.39862495541104,-256.1429756313138,6.085986800137741,-0.041229527905408236,6.086126453288834,0.2535886022203681,-2.345200315049576,-0.038473561454345565,0.22246006253518438,1.1123003126759219,0.1565944360013023,0.01830375750562352,0.0,0.0,0.5159574594600674,14.348968440556526,0.5978736850231886,14.348968440556526,0.5978736850231886,14.348968440556526,0.5978736850231886,0.29851067380012974,0.0,0.0,0.2045031632668638,0.0,0.0,0.8293774936146873,0.0,557.5261920400488,-0.021179404601180663,0.032
raceline_xy,20260415_212047_eb9da4db,2494,79.83999999999476,258.2613300864821,-256.2811119623273,6.086116164883668,-0.041164655816444906,6.086255375955464,0.2535939739981443,-2.3463758323904313,-0.036746120063755536,0.22136616493593497,1.1068308246796748,0.15634541847886174,0.018318302858367552,0.0,0.0,0.5161134845059876,14.353270090981734,0.5980529204575723,14.353270090981734,0.5980529204575723,14.353270090981734,0.5980529204575723,0.29832635211601133,0.0,0.0,0.2048784450488111,0.0,0.0,0.8297384342121568,0.0,557.4101616400824,-0.022916030155277208,0.032
raceline_xy,20260415_212047_eb9da4db,2495,79.87199999999476,258.1238251558622,-256.41904105688644,6.0861426112645916,-0.0432973236951093,6.086296619693272,0.25359569248721964,-2.347540544610471,-0.03640396955812835,0.2204456224994844,1.102228112497422,0.15610567831268396,0.018337706924891783,0.0,0.0,0.5162694829658848,14.35735653841672,0.5982231891006967,14.35735653841672,0.5982231891006967,14.35735653841672,0.5982231891006967,0.2981513789693504,0.0,0.0,0.20522891756860548,0.0,0.0,0.8300990581089894,0.0,557.373042276055,-0.022847371064855123,0.032
raceline_xy,20260415_212047_eb9da4db,2496,79.90399999999475,257.9861023098578,-256.5567509010554,6.086088139864485,-0.045725738136796146,6.086259909774418,0.2535941629072674,-2.348728679283453,-0.037126843566322676,0.2197125598770236,1.098562799385118,0.155840776736893,0.018327699687136434,0.0,0.0,0.5164254530774036,14.361225783861986,0.598384407660916,14.361225783861986,0.598384407660916,14.361225783861986,0.598384407660916,0.29798582016076924,0.0,0.0,0.20557699452502415,0.0,0.0,0.8304422325859566,0.0,557.4060812030237,-0.021481791160052655,0.032
raceline_xy,20260415_212047_eb9da4db,2497,79.93599999999475,257.8481855619048,-256.6942637010907,6.086015995043675,-0.046940581853360364,6.086197015390825,0.25359154230795106,-2.3499483939886474,-0.038106625352470204,0.2191339619679374,1.095669809839687,0.1555430625833485,0.018280080601847715,0.0,0.0,0.5165813930748407,14.36487582683235,0.5985364927846812,14.36487582683235,0.5985364927846812,14.36487582683235,0.5985364927846812,0.2978297424047729,0.0,0.0,0.20592962982089275,0.0,0.0,0.8307494952558223,0.0,557.4626861482571,-0.01988630750510306,0.032
raceline_xy,20260415_212047_eb9da4db,2498,79.96799999999475,257.71010877666936,-256.831614295402,6.085985799601428,-0.04653522023088197,6.086163707925722,0.2535901544969051,-2.3511849385146544,-0.038630991364239774,0.21866054388989734,1.0933027194494866,0.15522803931998874,0.018209556394169546,0.0,0.0,0.5167373011891759,14.368304665861267,0.5986793610775528,14.368304665861267,0.5986793610775528,14.368304665861267,0.5986793610775528,0.2976832133359921,0.0,0.0,0.20627896108756666,0.0,0.0,0.8310138756150007,0.0,557.4926628668502,-0.01894078753730003,0.032
raceline_xy,20260415_212047_eb9da4db,2499,79.99999999999474,257.5718949223289,-256.96882778743606,6.086014823596949,-0.045105017685829196,6.0861819637324555,0.25359091515551896,-2.3524153902599583,-0.038443998795178604,0.21828464023658578,1.0914232011829288,0.15491894187151845,0.01813967060929489,0.0,0.0,0.5168933534297342,14.37153132623984,0.5988138052599933,14.37153132623984,0.5988138052599933,14.37153132623984,0.5988138052599933,0.2975454036987548,0.0,0.0,0.20660929682790333,0.0,0.0,0.8312522133169304,0.0,557.4762326407897,-0.01891277029412945,0.032
raceline_xy,20260415_212047_eb9da4db,2500,80.03199999999474,257.4335474016399,-257.1059090061169,6.086080548190541,-0.043628755249859985,6.086236925009404,0.25359320520872514,-2.353623534465166,-0.03775217197215286,0.2180475846001647,1.0902379230008235,0.1546312840429791,0.018087273353488253,0.0,0.0,0.5170497255036034,14.374589889734686,0.5989412454056119,14.374589889734686,0.5989412454056119,14.374589889734686,0.5989412454056119,0.29741484450749756,0.0,0.0,0.20690717559368935,0.0,0.0,0.8314855692008963,0.0,557.4267674915362,-0.01980288547243502,0.032
raceline_xy,20260415_212047_eb9da4db,2501,80.06399999999473,257.29505432324754,-257.2428460031164,6.086148532807922,-0.04283280261413047,6.086299254257861,0.25359580226074424,-2.354806436760306,-0.03696736704701967,0.2179201223143907,1.0896006115719534,0.1543687714443358,0.01805399461057977,0.0,0.0,0.5172060602051954,14.377423994793233,0.5990593331163847,14.377423994793233,0.5990593331163847,14.377423994793233,0.5990593331163847,0.2972939283553555,0.0,0.0,0.2071718932073817,0.0,0.0,0.8316875292536546,0.0,557.3706711679245,-0.020524321497227868,0.032
raceline_xy,20260415_212047_eb9da4db,2502,80.09599999999473,257.1563956202023,-257.37961710895365,6.086186960084499,-0.043042460850968745,6.086339159670508,0.25359746498627117,-2.3559756238343503,-0.036539149322009475,0.21792894850256633,1.0896447425128315,0.15411943391212946,0.018028342270801634,0.0,0.0,0.5173623558092212,14.380033914863382,0.5991680797859743,14.380033914863382,0.5991680797859743,14.380033914863382,0.5991680797859743,0.29718262944589346,0.0,0.0,0.20741009290883022,0.0,0.0,0.8318789103445638,0.0,557.3347562965428,-0.020673280621398882,0.032
raceline_xy,20260415_212047_eb9da4db,2503,80.12799999999473,257.0175623917571,-257.5162115936783,6.086194165059149,-0.04368931236149809,6.086350973351328,0.253597957222972,-2.3571442497755797,-0.03651950429435569,0.2180846526479507,1.0904232632397535,0.1538699123000824,0.0179971965100183,0.0,0.0,0.5175186105867898,14.38241994223976,0.5992674975933233,14.38241994223976,0.5992674975933233,14.38241994223976,0.5992674975933233,0.2970809223323334,0.0,0.0,0.20763026308119265,0.0,0.0,0.832052769699817,0.0,557.3241239838045,-0.02029695030772693,0.032
raceline_xy,20260415_212047_eb9da4db,2504,80.15999999999472,256.8785589866214,-257.65263273257466,6.086187369913286,-0.04413296430888902,6.0863473791947404,0.2535978074664475,-2.358318595798165,-0.036695897969745275,0.21714435026459242,1.085721751322962,0.15337329067358763,0.01738933074197835,0.0,0.0,0.5175967221243978,14.383529092639879,0.5993137121933283,14.383529092639879,0.5993137121933283,14.383529092639879,0.5993137121933283,0.29703365784191016,0.0,0.0,0.20809207563795393,0.0,0.0,0.8317687223050388,0.0,557.3273587247332,-0.0014988054799771264,0.032
raceline_xy,20260415_212047_eb9da4db,2505,80.19199999999472,256.7394088684276,-257.78890324480426,6.086171104575756,-0.04342876014728647,6.086326048724371,0.2535969186968488,-2.3595138870903156,-0.037347745811103596,0.2151707217650973,1.0758536088254864,0.1530961163551665,0.01732250136091862,0.0,0.0,0.5177529124128138,14.385579870009273,0.5993991612503864,14.385579870009273,0.5993991612503864,14.385579870009273,0.5993991612503864,0.2969462914688408,0.0,0.0,0.2085186557958238,0.0,0.0,0.832273662007132,0.0,557.3465561480658,-0.01796289105480716,0.032
raceline_xy,20260415_212047_eb9da4db,2506,80.22399999999472,256.6003826612818,-257.92531145102515,6.0864912686110735,-0.031524432270642944,6.086572907039628,0.25360720445998447,-2.3605198289972247,-0.031476537991307715,0.21292024507599044,1.0646012253799522,0.15301421198973042,0.017440913565294203,0.0,0.0,0.517909057537007,14.387462119380253,0.5994775883075105,14.387462119380253,0.5994775883075105,14.387462119380253,0.5994775883075105,0.2968661319388457,0.0,0.0,0.20882275929282004,0.0,0.0,0.8322990917266349,0.0,557.1243836643347,-0.026023356454258448,0.032
raceline_xy,20260415_212047_eb9da4db,2507,80.25599999999471,256.46115201322567,-258.06151595104143,6.086582179192087,-0.034778943721921696,6.086681542432223,0.253611730934676,-2.3614668649923924,-0.029633271075498065,0.2108565312101491,1.0542826560507454,0.15298988919034295,0.017613686499879933,0.0,0.0,0.5180651557557407,14.389166874063292,0.5995486197526372,14.389166874063292,0.5995486197526372,14.389166874063292,0.5995486197526372,0.2967935539177575,0.0,0.0,0.2090684978916921,0.0,0.0,0.8324448351097393,0.0,557.0266118109988,-0.02784588738729221,0.032
raceline_xy,20260415_212047_eb9da4db,2508,80.28799999999471,256.32160213913835,-258.1973877814865,6.086407992349366,-0.042988370580868907,6.086559804137263,0.2536066585057193,-2.3624850280602985,-0.03182737709523819,0.20915097985537737,1.0457548992768868,0.15289047082051166,0.017709235512163968,0.0,0.0,0.5182212053243244,14.390645177373166,0.599610215723882,14.390645177373166,0.599610215723882,14.390645177373166,0.599610215723882,0.29673063413735434,0.0,0.0,0.20933463528347349,0.0,0.0,0.8326044649518654,0.0,557.1361762764631,-0.02436362989124233,0.032
raceline_xy,20260415_212047_eb9da4db,2509,80.3199999999947,256.18177361048515,-258.33296005013284,6.086086077403628,-0.04882095326515534,6.086281888562508,0.2535950786901045,-2.363626484284916,-0.03565140490857794,0.20775375492868936,1.0387687746434466,0.15266458461877308,0.017675325652325213,0.0,0.0,0.5183772044946444,14.391895160488485,0.5996622983536869,14.391895160488485,0.5996622983536869,14.391895160488485,0.5996622983536869,0.2966774447107632,0.0,0.0,0.2096601306495993,0.0,0.0,0.8327331822613201,0.0,557.3863002937427,-0.019039912846158243,0.032
raceline_xy,20260415_212047_eb9da4db,2510,80.3519999999947,256.0417730052256,-258.4683443457779,6.08585925113784,-0.04928589002917949,6.086058816969814,0.25358578404040893,-2.36485778791036,-0.038447022849000576,0.2065125079993877,1.0325625399969385,0.15234804947679592,0.017545332852120676,0.0,0.0,0.5185331515151963,14.392914945297104,0.5997047893873794,14.392914945297104,0.5997047893873794,14.392914945297104,0.5997047893873794,0.29663405922708286,0.0,0.0,0.2100284045629491,0.0,0.0,0.8327671493298118,0.0,557.587064727167,-0.015289528053883675,0.032
raceline_xy,20260415_212047_eb9da4db,2511,80.3839999999947,255.9016890939758,-258.60364058322807,6.085848404300974,-0.04549713832252067,6.086018467744593,0.2535841028226914,-2.366102676907067,-0.038878027894522264,0.20529370894140864,1.0264685447070432,0.15201919161012079,0.0173954483616523,0.0,0.0,0.5186890446311152,14.393702645070704,0.5997376102112794,14.393702645070704,0.5997376102112794,14.393702645070704,0.5997376102112794,0.2966005527523037,0.0,0.0,0.2103931589057432,0.0,0.0,0.8327194988674158,0.0,557.6233790298655,-0.014649229484471817,0.032
raceline_xy,20260415_212047_eb9da4db,2512,80.4159999999947,255.76154902329185,-258.73888344494685,6.0859867476511305,-0.040653371834688645,6.0861225249929625,0.2535884385413734,-2.367296152541579,-0.03728728431341841,0.20405182492112026,1.0202591246056012,0.1517436985818028,0.017290599181900568,0.0,0.0,0.5188448820842065,14.394256365128122,0.5997606818803384,14.394256365128122,0.5997606818803384,14.394256365128122,0.5997606818803384,0.2965770018314866,0.0,0.0,0.2107130477825848,0.0,0.0,0.832645769801209,0.0,557.5297275063334,-0.01649930482459659,0.032
raceline_xy,20260415_212047_eb9da4db,2513,80.44799999999469,255.62132173012452,-258.8740425836263,6.086151968121096,-0.0376101132804294,6.086268175136983,0.25359450729737426,-2.3684166619146314,-0.03502115624238603,0.20282789271843893,1.0141394635921945,0.15154247138311083,0.017252265529540622,0.0,0.0,0.5190006621129774,14.39457420355929,0.5997739251483037,14.39457420355929,0.5997739251483037,14.39457420355929,0.5997739251483037,0.2965634844891438,0.0,0.0,0.2109719872099374,0.0,0.0,0.8325761056535425,0.0,557.3986423767152,-0.019039166165440043,0.032
raceline_xy,20260415_212047_eb9da4db,2514,80.47999999999469,255.4809522220796,-259.00905910125874,6.086263355244453,-0.03740068948773434,6.0863782696251825,0.25359909456771595,-2.3694851549419322,-0.0334009734319574,0.20170006983349228,1.0085003491674613,0.1513933350653467,0.017259423858488887,0.0,0.0,0.5191563829526655,14.394654251918912,0.5997772604966213,14.394654251918912,0.5997772604966213,14.394654251918912,0.5997772604966213,0.2965600802316799,0.0,0.0,0.21118027500544984,0.0,0.0,0.8325099328318983,0.0,557.2995573373354,-0.020618002934961393,0.032
raceline_xy,20260415_212047_eb9da4db,2515,80.51199999999469,255.34039937457777,-259.1438865777874,6.086291530318304,-0.03920268436394947,6.086417784089888,0.25360074100374536,-2.3705412169466475,-0.03300890953822434,0.20074856876827568,1.0037428438413782,0.15125533650580847,0.01727422287034397,0.0,0.0,0.5193125661854805,14.39454815653091,0.5997728398554546,14.39454815653091,0.5997728398554546,14.39454815653091,0.5997728398554546,0.29656459221458276,0.0,0.0,0.21136163531842117,0.0,0.0,0.8324594037926896,0.0,557.2639943191003,-0.02075433322585384,0.032
raceline_xy,20260415_212047_eb9da4db,2516,80.54399999999468,255.19965504308905,-259.2785130283895,6.086253069761954,-0.041337662748304194,6.086393450274826,0.2535997270947844,-2.3716158525828224,-0.0335815761365956,0.20002771497433852,1.0001385748716924,0.15109719743601646,0.017265230225166572,0.0,0.0,0.5194691006935004,14.394247289913377,0.5997603037463907,14.394247289913377,0.5997603037463907,14.394247289913377,0.5997603037463907,0.29657738780196885,0.0,0.0,0.21153277806492093,0.0,0.0,0.8323911136234446,0.0,557.2858947526565,-0.019780784937817063,0.032
raceline_xy,20260415_212047_eb9da4db,2517,80.57599999999468,255.05873698872801,-259.412955288775,6.086194372132308,-0.04253709137595241,6.086343018555371,0.25359762577314043,-2.372718686463619,-0.03445614978746156,0.19950608613003074,0.9975304306501537,0.1509101574873335,0.01722140547071893,0.0,0.0,0.5196255702807022,14.393705583995583,0.5997377326664827,14.393705583995583,0.5997377326664827,14.393705583995583,0.5997377326664827,0.29660042774746964,0.0,0.0,0.21170063159983513,0.0,0.0,0.8322753707916,0.0,557.3312833001659,-0.01827873773195304,0.032
raceline_xy,20260415_212047_eb9da4db,2518,80.60799999999468,254.91767216814515,-259.5472419763897,6.086161551162345,-0.04239625163386851,6.086309215690527,0.25359621732043863,-2.3738399156527468,-0.0350285797348564,0.1991397970318394,0.995698985159197,0.15070463065138817,0.017152575692314542,0.0,0.0,0.5197819733795137,14.392923376526642,0.5997051406886101,14.392923376526642,0.5997051406886101,14.392923376526642,0.5997051406886101,0.29663370056274374,0.0,0.0,0.21186074925911755,0.0,0.0,0.8321209254839954,0.0,557.3617058785255,-0.01721537207138325,0.032
raceline_xy,20260415_212047_eb9da4db,2519,80.63999999999467,254.77648368031026,-259.68139900998966,6.086177949204791,-0.04118451921241828,6.0863172932414065,0.2535965538850586,-2.3749589897795707,-0.03496349824061922,0.1988891982073599,0.9944459910367994,0.15050170949876618,0.017079315100753334,0.0,0.0,0.5199383084187028,14.391901026650675,0.5996625427771115,14.391901026650675,0.5996625427771115,14.391901026650675,0.5996625427771115,0.29667719512026114,0.0,0.0,0.21200117877640362,0.0,0.0,0.8319307810366275,0.0,557.3544360827337,-0.016980979666817726,0.032
raceline_xy,20260415_212047_eb9da4db,2520,80.67199999999467,254.63517863310622,-259.8154352770944,6.0862307830427165,-0.03973577268083117,6.086360495081383,0.2535983539617243,-2.3760588171357204,-0.03436666256306832,0.19873763099621933,0.9936881549810966,0.1503186703409618,0.01701873893571948,0.0,0.0,0.5200945738234117,14.390638914771387,0.5996099547821411,14.390638914771387,0.5996099547821411,14.390638914771387,0.5996099547821411,0.29673090065326857,0.0,0.0,0.21211137538540145,0.0,0.0,0.8317156530120403,0.0,557.3155544267549,-0.017396550122564382,0.032
raceline_xy,20260415_212047_eb9da4db,2521,80.70399999999466,254.4937491639718,-259.9493428047582,6.08629173567485,-0.03878667462764618,6.086415324135599,0.25360063850564996,-2.377134027136698,-0.03360141363190593,0.19869044424680632,0.9934522212340315,0.15016072235976052,0.016977843600388898,0.0,0.0,0.520250768015188,14.389178065070805,0.5995490860446169,14.389178065070805,0.5995490860446169,14.389178065070805,0.5995490860446169,0.29679307754386786,0.0,0.0,0.2121887856225949,0.0,0.0,0.8314998617417112,0.0,557.2662082779606,-0.017979712323801345,0.032
raceline_xy,20260415_212047_eb9da4db,2522,80.73599999999466,254.35218161832302,-260.08310644054757,6.08633788212205,-0.03858891431940048,6.086460212608168,0.2536025088586737,-2.3781904567389844,-0.03301621509749974,0.1987615611660418,0.9938078058302089,0.1500217252878513,0.01695181730602613,0.0,0.0,0.520406889412018,14.387549493088954,0.5994812288787065,14.387549493088954,0.5994812288787065,14.387549493088954,0.5994812288787065,0.2968624115805718,0.0,0.0,0.21223780397820696,0.0,0.0,0.8312848823755916,0.0,557.2258086526483,-0.018297144583240253,0.032
raceline_xy,20260415_212047_eb9da4db,2523,80.76799999999466,254.21046632332454,-260.2167147058307,6.086360965635622,-0.038909177490329405,6.086485334583988,0.2536035556076662,-2.379238687146029,-0.03275933598921304,0.1989590320257364,0.994795160128682,0.14989087664491674,0.016927311037606696,0.0,0.0,0.5205629364283579,14.385678233165034,0.5994032597152098,14.385678233165034,0.5994032597152098,14.385678233165034,0.5994032597152098,0.2969421018213665,0.0,0.0,0.2122636578979216,0.0,0.0,0.8310274776158553,0.0,557.2031988744106,-0.01818663179781968,0.032
raceline_xy,20260415_212047_eb9da4db,2524,80.79999999999465,254.06860235450233,-260.35016550193546,6.086367077405674,-0.039297024984372264,6.086493937982713,0.253603914082613,-2.3802868864523106,-0.032756636935251264,0.19724338966019236,0.9862169483009617,0.14951526627125,0.01638844613195589,0.0,0.0,0.5206409315474044,14.38465107026721,0.5993604612611337,14.38465107026721,0.5993604612611337,14.38465107026721,0.5993604612611337,0.29698585597165295,0.0,0.0,0.21266123916569157,0.0,0.0,0.8311938791284934,0.0,557.1954558155581,-0.001799410996987355,0.032
raceline_xy,20260415_212047_eb9da4db,2525,80.83199999999465,253.92660667183165,-260.4834755954162,6.086358350042914,-0.03883551255596096,6.0864822485712216,0.2536034270238009,-2.381352249937505,-0.03329022202421244,0.19520312973880244,0.9760156486940121,0.1493672322978985,0.016336649522627145,0.0,0.0,0.5207968640124715,14.38241262791372,0.5992671928297383,14.38241262791372,0.5992671928297383,14.38241262791372,0.5992671928297383,0.29708123404956766,0.0,0.0,0.2128973742809691,0.0,0.0,0.830601247260532,0.0,557.2059762859002,-0.016224755995022936,0.032
raceline_xy,20260415_212047_eb9da4db,2526,80.86399999999465,253.78471178243078,-260.61690217858154,6.086612484656014,-0.02854524429797367,6.086679420615356,0.25361164252563984,-2.3822528748446548,-0.028180521964667804,0.19294329498152246,0.9647164749076123,0.14938955626341688,0.0164427259749238,0.0,0.0,0.5209527181179536,14.379927295495676,0.5991636373123198,14.379927295495676,0.5991636373123198,14.379927295495676,0.5991636373123198,0.29718717519747617,0.0,0.0,0.21302139076469223,0.0,0.0,0.8301932569687213,0.0,557.0285214461792,-0.02315590730376907,0.032
raceline_xy,20260415_212047_eb9da4db,2527,80.89599999999464,253.642637715192,-260.7501419415407,6.086683358657162,-0.031455451196717554,6.0867646376350075,0.253615193234792,-2.38310374050089,-0.026622815688158295,0.19086407902058877,0.9543203951029439,0.1494609443082151,0.016591619631471932,0.0,0.0,0.5211084922662003,14.377193391686614,0.599049724653609,14.377193391686614,0.599049724653609,14.377193391686614,0.599049724653609,0.2973037647430292,0.0,0.0,0.21309028095568255,0.0,0.0,0.8298714713921364,0.0,556.9518261284928,-0.024600331998751255,0.032
raceline_xy,20260415_212047_eb9da4db,2528,80.92799999999464,253.5002886273935,-260.883083332931,6.086546250765423,-0.03857346130618389,6.086668479112672,0.2536111866296947,-2.3840174932265565,-0.02856351470757819,0.18910870222254578,0.9455435111127288,0.14946649914307786,0.016670606516324682,0.0,0.0,0.5212641848561715,14.374209236318713,0.5989253848466131,14.374209236318713,0.5989253848466131,14.374209236318713,0.5989253848466131,0.2974310894798009,0.0,0.0,0.21317404232797005,0.0,0.0,0.829564035949159,0.0,557.038368798595,-0.02145319893590179,0.032
raceline_xy,20260415_212047_eb9da4db,2529,80.95999999999464,253.35770103668102,-261.0157588165034,6.086298568495971,-0.0435217736785769,6.086454173791194,0.25360225724129976,-2.3850378591178476,-0.031870834917601995,0.18762795620541706,0.9381397810270853,0.14936324037261972,0.016635881760826976,0.0,0.0,0.5214197942834676,14.370973151362527,0.5987905479734387,14.370973151362527,0.5987905479734387,14.370973151362527,0.5987905479734387,0.2975692376609551,0.0,0.0,0.2133061243776152,0.0,0.0,0.829223072643716,0.0,557.2312435879253,-0.01677225626316244,0.032
raceline_xy,20260415_212047_eb9da4db,2530,80.99199999999463,253.2149667193017,-261.14826856160175,6.086129395896037,-0.04376344504454854,6.086286738456548,0.2535952807690228,-2.3861341501560727,-0.03423353068814022,0.1862851641717944,0.9314258208589719,0.1491839473615637,0.016518053502919905,0.0,0.0,0.5215753189403606,14.367483461914848,0.598645144246452,14.367483461914848,0.598645144246452,14.367483461914848,0.598645144246452,0.2977182989931362,0.0,0.0,0.21347163523075446,0.0,0.0,0.8288002712120488,0.0,557.3819353891066,-0.013589025346899486,0.032
raceline_xy,20260415_212047_eb9da4db,2531,81.02399999999463,253.07216112097103,-261.2807003374043,6.086128690958098,-0.04033846722317547,6.086262369865536,0.253594265411064,-2.3872392772294297,-0.03451538733273187,0.18485666190744998,0.9242833095372499,0.14899713842250328,0.016387732436439872,0.0,0.0,0.5217319008190003,14.363832359569837,0.5984930149820765,14.363832359569837,0.5984930149820765,14.363832359569837,0.5984930149820765,0.29787435153704855,0.0,0.0,0.21364247795489474,0.0,0.0,0.8283460746826007,0.0,557.4038671210171,-0.013368066017993594,0.032
raceline_xy,20260415_212047_eb9da4db,2532,81.05599999999463,252.92930538741527,-261.41308205011705,6.086240627769991,-0.03611127963177507,6.08634775572631,0.2535978231552629,-2.3882974318226147,-0.033060955135924386,0.1834770459365219,0.9173852296826094,0.1488593965103968,0.01629758513813817,0.0,0.0,0.5218885582110031,14.359940424767526,0.5983308510319802,14.359940424767526,0.5983308510319802,14.359940424767526,0.5983308510319802,0.2980408063002593,0.0,0.0,0.21376485067926923,0.0,0.0,0.8278427615278664,0.0,557.3270198463207,-0.014985547503396843,0.032
raceline_xy,20260415_212047_eb9da4db,2533,81.08799999999462,252.78636820564452,-261.5453810768648,6.086366281413277,-0.03367207861708632,6.086459424033226,0.2536024760013844,-2.3892939401983533,-0.03114553043306896,0.18220637830580608,0.9110318915290303,0.148784847223578,0.01626177663463757,0.0,0.0,0.5220451250888604,14.355792363478816,0.5981580151449507,14.355792363478816,0.5981580151449507,14.355792363478816,0.5981580151449507,0.29821833903107287,0.0,0.0,0.2138249073591801,0.0,0.0,0.8273327955064802,0.0,557.2265183700963,-0.01702428459774865,0.032
raceline_xy,20260415_212047_eb9da4db,2534,81.11999999999462,252.643304195819,-261.67754681798635,6.086448727182542,-0.03361313950722433,6.086541542762155,0.2536058976150898,-2.3902482378441308,-0.029830137766251628,0.18110648197413134,0.9055324098706566,0.1487530226347875,0.016260883379783042,0.0,0.0,0.522201600131547,14.35138864930408,0.5979745270543367,14.35138864930408,0.5979745270543367,14.35138864930408,0.5979745270543367,0.29840695320887267,0.0,0.0,0.21383291891205075,0.0,0.0,0.8268180407652553,0.0,557.1526115140604,-0.01818178534607678,0.032
raceline_xy,20260415_212047_eb9da4db,2535,81.15199999999462,252.50008207945783,-261.80954258251955,6.086469314286774,-0.035116655914193995,6.086570618441645,0.2536071091017352,-2.391193105564845,-0.029532184253334388,0.18021894636630165,0.9010947318315082,0.14873041079134586,0.016262136208508693,0.0,0.0,0.5223579820143514,14.346729781024862,0.5977804075427026,14.346729781024862,0.5977804075427026,14.346729781024862,0.5977804075427026,0.2986066526778015,0.0,0.0,0.2138094734164271,0.0,0.0,0.8262907746086426,0.0,557.1264434025195,-0.018014041732706598,0.032
raceline_xy,20260415_212047_eb9da4db,2536,81.18399999999461,252.3566979232941,-261.94136155224675,6.086443552250382,-0.036769582992729255,6.086554617923322,0.25360644241347174,-2.3921528075412404,-0.02998955842993127,0.1795441662893151,0.8977208314465754,0.14869263635955354,0.016241282276682423,0.0,0.0,0.5225142694089072,14.341816282415326,0.597575678433972,14.341816282415326,0.597575678433972,14.341816282415326,0.597575678433972,0.298817441648763,0.0,0.0,0.21377166093497627,0.0,0.0,0.8257404366312039,0.0,557.1408438690099,-0.01692811831596851,0.032
raceline_xy,20260415_212047_eb9da4db,2537,81.21599999999461,252.21316971562345,-262.07302226887805,6.0864097389445915,-0.03749499337647544,6.086525230773949,0.25360521794891455,-2.3931323050246256,-0.03060352398634227,0.1790484300384087,0.8952421501920435,0.1486351414818854,0.016197240440102956,0.0,0.0,0.5226704609832284,14.336738982556756,0.5973641242731982,14.336738982556756,0.5973641242731982,14.336738982556756,0.5973641242731982,0.29903544657265835,0.0,0.0,0.21372736117872396,0.0,0.0,0.825193688704874,0.0,557.1672923034453,-0.015711579915417984,0.032
raceline_xy,20260415_212047_eb9da4db,2538,81.2479999999946,252.06952166509015,-262.2045517132615,6.08640183027684,-0.037036953176782905,6.086514517808849,0.2536047715753687,-2.3941201650726125,-0.030864074362563824,0.17868726920644507,0.8934363460322253,0.14856992401948643,0.016138276704454224,0.0,0.0,0.5228265554017413,14.331424393691389,0.5971426830704746,14.331424393691389,0.5971426830704746,14.331424393691389,0.5971426830704746,0.2992638459125523,0.0,0.0,0.21366942675267353,0.0,0.0,0.8245886164935377,0.0,557.1769339720352,-0.014991796147010638,0.032
raceline_xy,20260415_212047_eb9da4db,2539,81.2799999999946,251.92576985308045,-262.33596867056957,6.0864283801224595,-0.035858291207721216,6.08653400905708,0.2536055837107117,-2.3950995600796006,-0.030602134044363936,0.17842757205550655,0.8921378602775327,0.14851420085651013,0.016080218495238885,0.0,0.0,0.5229825513253175,14.325849492055152,0.596910395502298,14.325849492055152,0.596910395502298,14.325849492055152,0.596910395502298,0.29950365904023046,0.0,0.0,0.21358781149077552,0.0,0.0,0.8239439850404134,0.0,557.1593918486277,-0.014940912691109552,0.032
raceline_xy,20260415_212047_eb9da4db,2540,81.3119999999946,251.7819165589846,-262.467276442344,6.086475419495527,-0.03467700750992453,6.086574202864292,0.25360725845267884,-2.396058988818085,-0.029981974361957008,0.1782567185358733,0.8912835926793664,0.14847954472011438,0.016034440804827188,0.0,0.0,0.5231384474113066,14.320011889650193,0.596667162068758,14.320011889650193,0.596667162068758,14.320011889650193,0.596667162068758,0.2997550216627505,0.0,0.0,0.21347568534866812,0.0,0.0,0.8232735196755006,0.0,557.1232174221367,-0.015315423403616558,0.032
raceline_xy,20260415_212047_eb9da4db,2541,81.3439999999946,251.63795374218685,-262.5984661946981,6.086522770206514,-0.03399956144452121,6.086617730925838,0.2536090721219099,-2.396996957502747,-0.029314150440129173,0.17817760178296266,0.8908880089148132,0.14846727639248103,0.016002309242145074,0.0,0.0,0.5232942423135689,14.31390919572144,0.59641288315506,14.31390919572144,0.59641288315506,14.31390919572144,0.59641288315506,0.3000180716524987,0.0,0.0,0.21333227558400608,0.0,0.0,0.8225811606427961,0.0,557.0840421667458,-0.01571061529783032,0.032
raceline_xy,20260415_212047_eb9da4db,2542,81.37599999999459,251.49387113133113,-262.7295259632253,6.086556818131578,-0.03390635676630138,6.086651258399249,0.2536104690999687,-2.397919839594227,-0.028843504652596823,0.1781965312073216,0.890982656036608,0.14847079028134003,0.015977320259428218,0.0,0.0,0.5234499346825079,14.30753901884443,0.596147459118518,14.30753901884443,0.596147459118518,14.30753901884443,0.596147459118518,0.30029294901735026,0.0,0.0,0.21316200660929743,0.0,0.0,0.821866730674566,0.0,557.0538674406752,-0.015828243166123964,0.032
raceline_xy,20260415_212047_eb9da4db,2543,81.40799999999459,251.34966317836808,-262.8604487259766,6.086574954438214,-0.03413245352999228,6.086670658116679,0.2536112774215283,-2.3988360769502464,-0.028635032526095894,0.17831284092328434,0.8915642046164216,0.14848151668988496,0.015950900033287585,0.0,0.0,0.5236055231651014,14.300898969043597,0.5958707903768166,14.300898969043597,0.5958707903768166,14.300898969043597,0.5958707903768166,0.30057979587036066,0.0,0.0,0.212971085656388,0.0,0.0,0.821127524807308,0.0,557.0364076949884,-0.01560779755555701,0.032
raceline_xy,20260415_212047_eb9da4db,2544,81.43999999999458,251.20533139730574,-262.9912354322349,6.086583730780932,-0.034313003361492456,6.086680449473819,0.2536116853947425,-2.3997509507735817,-0.028591095968801734,0.17644686825247782,0.8822343412623891,0.1482436923317123,0.015477864537985386,0.0,0.0,0.5236832780252708,14.297476995863882,0.595728208160995,14.297476995863882,0.595728208160995,14.297476995863882,0.595728208160995,0.30072775283287667,0.0,0.0,0.21322125320368993,0.0,0.0,0.8217964316748486,0.0,557.0275954735622,-0.0017368570881780721,0.032
raceline_xy,20260415_212047_eb9da4db,2545,81.47199999999458,251.06089081830663,-263.1219019124401,6.0865856728653895,-0.03374107173335439,6.086679194195463,0.25361163309147766,-2.4006773988722294,-0.028950817076803314,0.17431928834207872,0.8715964417103935,0.14824540990257162,0.015428868137107976,0.0,0.0,0.5238387081340165,14.290427664013801,0.595434486000575,14.290427664013801,0.595434486000575,14.290427664013801,0.595434486000575,0.30103282490589356,0.0,0.0,0.2132320823693724,0.0,0.0,0.8199685745833516,0.0,557.0287252240826,-0.013960270479353488,0.032
raceline_xy,20260415_212047_eb9da4db,2546,81.50399999999458,250.91653363860044,-263.25266776638216,6.086780123493737,-0.024918470129809744,6.086831129735081,0.25361796373896167,-2.4014614187661403,-0.024531965014677113,0.17187030673857717,0.8593515336928859,0.1483949828889255,0.015515326648289474,0.0,0.0,0.5239945419590577,14.283135730398172,0.5951306554332572,14.283135730398172,0.5951306554332572,14.283135730398172,0.5951306554332572,0.30134879014701443,0.0,0.0,0.21315722473133802,0.0,0.0,0.819107946354631,0.0,556.8919832384271,-0.020055430442223666,0.032
raceline_xy,20260415_212047_eb9da4db,2547,81.53599999999457,250.7720264230852,-263.3832710340946,6.086837547642061,-0.027332204248782688,6.086898913303417,0.25362078805430904,-2.4022006832779974,-0.023131121286189663,0.169343479038214,0.84671739519107,0.1485893566750378,0.015641081395737277,0.0,0.0,0.5241513667089417,14.275637165646923,0.5948182152352884,14.275637165646923,0.5948182152352884,14.275637165646923,0.5948182152352884,0.3016741276208559,0.0,0.0,0.21305419192138733,0.0,0.0,0.8183206031321373,0.0,556.8309780269246,-0.02126556300211946,0.032
raceline_xy,20260415_212047_eb9da4db,2548,81.56799999999457,250.62728586541584,-263.5136123245944,6.086737277879259,-0.03346940570599566,6.086829297018548,0.25361788737577284,-2.4029934632694108,-0.02478253815477874,0.16720758903107674,0.8360379451553837,0.1487282932016818,0.015704715913411604,0.0,0.0,0.5243080800965134,14.267859647570148,0.5944941519820895,14.267859647570148,0.5944941519820895,14.267859647570148,0.5944941519820895,0.30201201731936456,0.0,0.0,0.21295050844991614,0.0,0.0,0.8175132853946375,0.0,556.8936326833062,-0.018469174428112436,0.032
raceline_xy,20260415_212047_eb9da4db,2549,81.59999999999457,250.48234320189988,-263.6437212456863,6.0865541298637025,-0.03770930879893353,6.086670942948286,0.25361128928951193,-2.403877629035998,-0.027617590164758777,0.16541767091995271,0.8270883545997635,0.14877458274255195,0.015668353004460123,0.0,0.0,0.5244646814426341,14.259803757731557,0.5941584899054816,14.259803757731557,0.5941584899054816,14.259803757731557,0.5941584899054816,0.30236248405048416,0.0,0.0,0.21287546064554713,0.0,0.0,0.816672168735941,0.0,557.0361513465418,-0.014351208455275283,0.032
raceline_xy,20260415_212047_eb9da4db,2550,81.63199999999456,250.33727738321525,-263.773686993129,6.086431419364999,-0.037836088292309444,6.086549021589384,0.253606209232891,-2.4048260870649276,-0.02961826729166226,0.16385088142472204,0.8192544071236102,0.14875715370663123,0.015559079069912496,0.0,0.0,0.524621170064306,14.251470123114224,0.5938112551297593,14.251470123114224,0.5938112551297593,14.251470123114224,0.5938112551297593,0.30272555245445565,0.0,0.0,0.21281661513802677,0.0,0.0,0.8157610286576994,0.0,557.1458805695538,-0.011500541981893837,0.032
raceline_xy,20260415_212047_eb9da4db,2551,81.66399999999456,250.1921533857344,-263.9035871193017,6.0864360873398535,-0.03476913822129957,6.086535396943447,0.25360564153931026,-2.4057802329408355,-0.029800967809883006,0.16239955474512577,0.8119977737256288,0.14873617458875676,0.015435491199735196,0.0,0.0,0.5247775452747088,14.242859405536542,0.5934524752306892,14.242859405536542,0.5934524752306892,14.242859405536542,0.5934524752306892,0.303101247455722,0.0,0.0,0.2127394211835485,0.0,0.0,0.8147894853095464,0.0,557.1581427508977,-0.011042169980822542,0.032
raceline_xy,20260415_212047_eb9da4db,2552,81.69599999999456,250.04699040994106,-264.0334470111501,6.086525865687175,-0.030974357138349617,6.086604679497359,0.25360852831238995,-2.406691161033737,-0.02846207473860575,0.16102365511022243,0.8051182755511122,0.14876105120753724,0.015348416526079323,0.0,0.0,0.5249338063832397,14.234016412446948,0.5930840171852895,14.234016412446948,0.5930840171852895,14.234016412446948,0.5930840171852895,0.3034876652221432,0.0,0.0,0.21261448704815072,0.0,0.0,0.8138086754234135,0.0,557.0957884523764,-0.012460360713582058,0.032
raceline_xy,20260415_212047_eb9da4db,2553,81.72799999999455,249.90176506172003,-264.163241536269,6.0866288570608535,-0.028608378342593443,6.086696089252141,0.2536123370521725,-2.407543586047681,-0.02664397394616182,0.15974872991809863,0.7987436495904932,0.14884655454360907,0.015313873185966997,0.0,0.0,0.5250899526955506,14.224948950951578,0.5927062062896491,14.224948950951578,0.5927062062896491,14.224948950951578,0.5927062062896491,0.3038845120772238,0.0,0.0,0.21243092553599416,0.0,0.0,0.8128248860425723,0.0,557.013519673073,-0.014365068720798884,0.032
raceline_xy,20260415_212047_eb9da4db,2554,81.75999999999455,249.75643698198223,-264.2929243478501,6.086698899857872,-0.028415638141339183,6.086765228429795,0.25361521785124147,-2.4083544200139126,-0.025347885231264612,0.15862732300650512,0.7931366150325255,0.1489748407750664,0.015312226394843975,0.0,0.0,0.5252459835135858,14.215601557201794,0.5923167315500747,14.215601557201794,0.5923167315500747,14.215601557201794,0.5923167315500747,0.30429426939378645,0.0,0.0,0.2121963727559106,0.0,0.0,0.8118121300086033,0.0,556.9512944131842,-0.015508151203596176,0.032
raceline_xy,20260415_212047_eb9da4db,2555,81.79199999999454,249.61097653299788,-264.4224599888612,6.086720051690845,-0.029733326282423533,6.086792674171449,0.2536163614238104,-2.409154192044796,-0.02499932917022451,0.15769629800309154,0.7884814900154576,0.14911468146003948,0.015312976845708537,0.0,0.0,0.5254018981356208,14.205979662430071,0.5919158192679196,14.205979662430071,0.5919158192679196,14.205979662430071,0.5919158192679196,0.3047167601459906,0.0,0.0,0.2119302650869194,0.0,0.0,0.8107840929271732,0.0,556.9265932456952,-0.015423104498069985,0.032
raceline_xy,20260415_212047_eb9da4db,2556,81.82399999999454,249.46537853988667,-264.5518405565728,6.086702933290448,-0.03126667961257601,6.086783239395054,0.2536159683081272,-2.409966468992687,-0.02538427540616493,0.15695511307079657,0.7847755653539829,0.14924237436916954,0.015292586271131725,0.0,0.0,0.5255576958562997,14.196085017191471,0.591503542382978,14.196085017191471,0.591503542382978,14.196085017191471,0.591503542382978,0.3051519697689167,0.0,0.0,0.21164935756069042,0.0,0.0,0.8097317477324063,0.0,556.9350845444513,-0.014450679192588196,0.032
raceline_xy,20260415_212047_eb9da4db,2557,81.85599999999454,249.31965846038864,-264.6810825450649,6.086677255997618,-0.031982173678618775,6.08676127986895,0.25361505332787293,-2.4107970913329932,-0.0259529277281377,0.1563709575111049,0.7818547875555245,0.14935243376864982,0.015245241586908875,0.0,0.0,0.5257133759666737,14.185919377310427,0.5910799740546011,14.185919377310427,0.5910799740546011,14.185919377310427,0.5910799740546011,0.30559988494650225,0.0,0.0,0.2113599395948417,0.0,0.0,0.8086467515357869,0.0,556.9548481179443,-0.01331661312185365,0.032
raceline_xy,20260415_212047_eb9da4db,2558,81.88799999999453,249.173838378359,-264.8102112865712,6.086670854540831,-0.03159579478279628,6.086752860578846,0.2536147025241186,-2.4116362254273174,-0.026217749622438127,0.15590002265189476,0.7795001132594738,0.14945521808234297,0.015180802655113457,0.0,0.0,0.5258689377542384,14.175484504018932,0.5906451876674556,14.175484504018932,0.5906451876674556,14.175484504018932,0.5906451876674556,0.3060604935851119,0.0,0.0,0.21105808138036958,0.0,0.0,0.8075261658251341,0.0,556.9624254790381,-0.012623062940643474,0.032
raceline_xy,20260415_212047_eb9da4db,2559,81.91999999999453,249.02793357141252,-264.93924502980053,6.086691752983338,-0.030508691912304986,6.086768212780702,0.2536153421991959,-2.412468360616181,-0.026001030383335615,0.15550845826693363,0.7775422913346681,0.14956661329385845,0.015114805217672167,0.0,0.0,0.5260243805029724,14.164782164104082,0.59019925683767,14.164782164104082,0.59019925683767,14.164782164104082,0.59019925683767,0.30653378478688076,0.0,0.0,0.21073549830920577,0.0,0.0,0.8063741023945444,0.0,556.9486084973681,-0.012556468914090967,0.032
raceline_xy,20260415_212047_eb9da4db,2560,81.95199999999453,248.8819467437847,-265.068187524995,6.086729463954509,-0.029387558299136973,6.086800407106736,0.25361668362944734,-2.413282473519577,-0.025441056556409502,0.15518160528156488,0.7759080264078244,0.14969772423299066,0.015058296621691003,0.0,0.0,0.5261797034933747,14.153814130035322,0.5897422554181384,14.153814130035322,0.5897422554181384,14.153814130035322,0.5897422554181384,0.3070197488241173,0.0,0.0,0.21038601491579723,0.0,0.0,0.8051967871965564,0.0,556.9196336039371,-0.012978078794098303,0.032
raceline_xy,20260415_212047_eb9da4db,2561,81.98399999999452,248.73587072140148,-265.19703067474967,6.086767973389333,-0.028725469798784875,6.086835755504929,0.253618156479372,-2.414076704203346,-0.02482215979733403,0.1551594807128032,0.7757974035640159,0.14985025572204602,0.015014973451306535,0.0,0.0,0.5263356514303243,14.14262299647455,0.5892759581864396,14.14262299647455,0.5892759581864396,14.14262299647455,0.5892759581864396,0.3075165633402426,0.0,0.0,0.20998850004423855,0.0,0.0,0.8040146612438163,0.0,556.8878200455639,-0.013416755741306493,0.032
raceline_xy,20260415_212047_eb9da4db,2562,82.01599999999452,248.58969480944663,-265.3257617796539,6.086794981591604,-0.028663780683432005,6.086862472592246,0.2536192696913436,-2.4148574972044,-0.02440268600953913,0.1556500646535451,0.7782503232677255,0.15001787395825872,0.014979075105438167,0.0,0.0,0.5264925288342214,14.13121550095904,0.5888006458732934,14.13121550095904,0.5888006458732934,14.13121550095904,0.5888006458732934,0.3080239893529373,0.0,0.0,0.20952949887285077,0.0,0.0,0.8028177583699291,0.0,556.863774666978,-0.013571673057581543,0.032
raceline_xy,20260415_212047_eb9da4db,2563,82.04799999999452,248.44341297800565,-265.4543732103693,6.086808114999766,-0.02893499696285229,6.086876889084931,0.2536198703785388,-2.4156334376326587,-0.024249882165903267,0.15552432968796628,0.7776216484398314,0.1499339090586198,0.014572351547989193,0.0,0.0,0.526570920980049,14.125410776715864,0.588558782363161,14.125410776715864,0.588558782363161,14.125410776715864,0.588558782363161,0.30828258491182536,0.0,0.0,0.20944776655421143,0.0,0.0,0.8039963733955059,0.0,556.8507998235615,-0.0020979659330696183,0.032
raceline_xy,20260415_212047_eb9da4db,2564,82.07999999999451,248.29703343845878,-265.5828733641062,6.086807671216874,-0.028771183521265176,6.086875668796415,0.25361981953318397,-2.416420622077471,-0.024598626754483446,0.15260101730461567,0.7630050865230783,0.15009736761587922,0.014517130338964623,0.0,0.0,0.5267276119443448,14.113603655437391,0.588066818976558,14.113603655437391,0.588066818976558,14.113603655437391,0.588066818976558,0.30880939771749283,0.0,0.0,0.2092868644058734,0.0,0.0,0.800956726618095,0.0,556.8518980832264,-0.012297964032783255,0.032
raceline_xy,20260415_212047_eb9da4db,2565,82.11199999999451,248.1507151360058,-265.7114485426196,6.086946492748426,-0.021654312548528676,6.0869850102357175,0.25362437542648825,-2.4170930457769124,-0.02103767081117112,0.14966893617621052,0.7483446808810525,0.1503806930944358,0.014568029642467728,0.0,0.0,0.5268841781829056,14.10153376508838,0.5875639068786825,14.10153376508838,0.5875639068786825,14.10153376508838,0.5875639068786825,0.30934906774573445,0.0,0.0,0.20903265978906443,0.0,0.0,0.7996343167965653,0.0,556.7534907878539,-0.017115392289110416,0.032
raceline_xy,20260415_212047_eb9da4db,2566,82.1439999999945,248.0042686411459,-265.8398799396987,6.0869848783151355,-0.023780704966306132,6.087031331508473,0.2536263054795197,-2.417732650838097,-0.020009383380846374,0.14700014394209926,0.7350007197104963,0.15069752085141586,0.014643091758285376,0.0,0.0,0.527040619345734,14.089202088396416,0.5870500870165173,14.089202088396416,0.5870500870165173,14.089202088396416,0.5870500870165173,0.309901629148146,0.0,0.0,0.20872586286067077,0.0,0.0,0.7983467805679314,0.0,556.7118016423741,-0.018058298527047007,0.032
raceline_xy,20260415_212047_eb9da4db,2567,82.1759999999945,247.8576301406735,-265.9680895792266,6.086912131851351,-0.028774332268832747,6.086980143147888,0.253624172631162,-2.4184181322591094,-0.02142587290513259,0.1446894034759822,0.7234470173799109,0.15096761922712565,0.014664359367781543,0.0,0.0,0.5271969350795627,14.076626399800826,0.5865260999917011,14.076626399800826,0.5865260999917011,14.076626399800826,0.5865260999917011,0.31046636287437845,0.0,0.0,0.20841558493756734,0.0,0.0,0.7970610730852022,0.0,556.7578711669006,-0.01582088375504652,0.032
raceline_xy,20260415_212047_eb9da4db,2568,82.2079999999945,247.71082510930717,-266.0961030603464,6.086783330195653,-0.032182213284578154,6.086868406956041,0.2536195169565017,-2.4191790770346397,-0.02376741920236672,0.1426976680079357,0.7134883400396785,0.1511619591132045,0.014604689970601825,0.0,0.0,0.5273531250278896,14.063862238279377,0.5859942599283073,14.063862238279377,0.5859942599283073,14.063862238279377,0.5859942599283073,0.3110408431301206,0.0,0.0,0.20812615380679378,0.0,0.0,0.7957685063855093,0.0,556.8584337395624,-0.012575717009073185,0.032
raceline_xy,20260415_212047_eb9da4db,2569,82.2399999999945,247.5639157806362,-266.22399265650944,6.086697027500295,-0.03228662940636218,6.086782658434533,0.2536159441014389,-2.419993148087471,-0.025420771642461114,0.14092489209716663,0.7046244604858332,0.15130434907430024,0.014482688895842255,0.0,0.0,0.5275091888310139,14.050801415560446,0.5854500589816852,14.050801415560446,0.5854500589816852,14.050801415560446,0.5854500589816852,0.31163001718112504,0.0,0.0,0.20784480664916147,0.0,0.0,0.7943831462687709,0.0,556.9356074089199,-0.010388006114398288,0.032
raceline_xy,20260415_212047_eb9da4db,2570,82.27199999999449,247.41695262614164,-266.35181985380734,6.0866982589639225,-0.029869255058359467,6.086771547222073,0.25361548113425303,-2.4208133735311677,-0.025616816337717147,0.13928398422238836,0.6964199211119417,0.15144299290504826,0.014344973831216024,0.0,0.0,0.5276651261260729,14.037463702895753,0.5848943209539897,14.037463702895753,0.5848943209539897,14.037463702895753,0.5848943209539897,0.31223308690830986,0.0,0.0,0.20754495880849275,0.0,0.0,0.7929539604578715,0.0,556.9456075001342,-0.010133090531252458,0.032
raceline_xy,20260415_212047_eb9da4db,2571,82.30399999999449,247.2699495571152,-266.4796034012762,6.086758227465163,-0.02692217653214124,6.0868177665512615,0.2536174069396359,-2.421601164358706,-0.024612141971902222,0.1377421831353324,0.688710915676662,0.15161684980604972,0.014229777319500592,0.0,0.0,0.5278209365470772,14.023843375448156,0.5843268073103398,14.023843375448156,0.5843268073103398,14.023843375448156,0.5843268073103398,0.3128504052300034,0.0,0.0,0.20720279380889087,0.0,0.0,0.7914947394130468,0.0,556.9040101038643,-0.011373606007081757,0.032
raceline_xy,20260415_212047_eb9da4db,2572,82.33599999999448,247.12288690468387,-266.6073213765766,6.0868273388075185,-0.02516201496382031,6.086879346549565,0.25361997277289855,-2.422345144443544,-0.02325062266395802,0.13631887363554998,0.6815943681777499,0.15183685692562054,0.014148116858025972,0.0,0.0,0.5279766197249484,14.009934335694865,0.583747263987286,14.009934335694865,0.583747263987286,14.009934335694865,0.583747263987286,0.31348234702200006,0.0,0.0,0.20681010316535484,0.0,0.0,0.7900166252530118,0.0,556.8485881053913,-0.012985990558677774,0.032
raceline_xy,20260415_212047_eb9da4db,2573,82.36799999999448,246.9757319737799,-266.7349352246377,6.0868725027768855,-0.025160912931089463,6.0869245055775805,0.25362185439906587,-2.42305961935221,-0.022330970852908482,0.13505442088310396,0.6752721044155198,0.15208794525066205,0.014085326193289394,0.0,0.0,0.528132175287554,13.99573056028835,0.5831554400120146,13.99573056028835,0.5831554400120146,13.99573056028835,0.5831554400120146,0.31412928914051363,0.0,0.0,0.20637466903368049,0.0,0.0,0.7885190074055756,0.0,556.8079449801771,-0.013975847344334482,0.032
raceline_xy,20260415_212047_eb9da4db,2574,82.39999999999448,246.82846087070217,-266.86241569021007,6.086881753980068,-0.026367638216393097,6.086938864427716,0.2536224526844882,-2.4237694737143833,-0.022183875432652257,0.13397606599544692,0.6698803299772346,0.15234466161121674,0.01401615806537393,0.0,0.0,0.5282876028597451,13.981226106125778,0.5825510877552408,13.981226106125778,0.5825510877552408,13.981226106125778,0.5825510877552408,0.3147916103063868,0.0,0.0,0.20591214840875177,0.0,0.0,0.7869973078616367,0.0,556.7950220150552,-0.013982907737384573,0.032
raceline_xy,20260415_212047_eb9da4db,2575,82.43199999999447,246.68106910844708,-266.98975599742283,6.0868627069708445,-0.027738564370907604,6.086925910627285,0.2536219129428035,-2.4244937104566855,-0.02262838900086006,0.13308083985611635,0.6654041992805817,0.15258788893954867,0.013921245094755896,0.0,0.0,0.5284429020633921,13.966415116547587,0.5819339631894828,13.966415116547587,0.5819339631894828,13.966415116547587,0.5819339631894828,0.3154696909831527,0.0,0.0,0.20543591734882216,0.0,0.0,0.7854450452055602,0.0,556.8066804354435,-0.013286458597630972,0.032
raceline_xy,20260415_212047_eb9da4db,2576,82.46399999999447,246.53356835792053,-267.11696894008765,6.086836851576429,-0.028452431112981014,6.086903350517822,0.2536209729382426,-2.4252370170013435,-0.02322041543585476,0.1323914404075078,0.6619572020375389,0.15281321477399867,0.01379622275358372,0.0,0.0,0.5285984129268405,13.951306817972764,0.5813044507488652,13.951306817972764,0.5813044507488652,13.951306817972764,0.5813044507488652,0.31616322420599907,0.0,0.0,0.2049469300650039,0.0,0.0,0.783861650007614,0.0,556.8269845339596,-0.01247775127102229,0.032
raceline_xy,20260415_212047_eb9da4db,2577,82.49599999999447,246.38597535586703,-267.244074194761,6.086824435393927,-0.02829085213258331,6.086890181334224,0.25362042422225933,-2.4259915440998228,-0.023569938865043497,0.13215679393697422,0.6607839696848711,0.1530288948400922,0.01365096496567153,0.0,0.0,0.5287553140111502,13.935947327215462,0.580664471967311,13.935947327215462,0.580664471967311,13.935947327215462,0.580664471967311,0.31687020114645215,0.0,0.0,0.20441881336377005,0.0,0.0,0.7822609319504601,0.0,556.8388367991976,-0.012033620221859907,0.032
raceline_xy,20260415_212047_eb9da4db,2578,82.52799999999446,246.23830122665544,-267.3710853735732,6.0868315166263525,-0.027586312680395686,6.086894028685169,0.2536205845285487,-2.426745064594476,-0.02353985597976759,0.13218676189583123,0.6609338094791561,0.1532484184962355,0.013494491958327082,0.0,0.0,0.5289120841927711,13.920242667155978,0.5800101111314991,13.920242667155978,0.5800101111314991,13.920242667155978,0.5800101111314991,0.3175950674514816,0.0,0.0,0.2038563192064915,0.0,0.0,0.7805926066428513,0.0,556.8353741833475,-0.012095325714130798,0.032
raceline_xy,20260415_212047_eb9da4db,2579,82.55999999999446,246.09054707930235,-267.49800424486574,6.08685073955537,-0.026875129775969064,6.086910069832331,0.25362125290968046,-2.427489087404396,-0.023245369710166826,0.13245883478510825,0.6622941739255412,0.153479358527695,0.01333525336382646,0.0,0.0,0.5290687245466084,13.904220360429612,0.5793425150179005,13.904220360429612,0.5793425150179005,13.904220360429612,0.5793425150179005,0.31833668878784493,0.0,0.0,0.2032572551443027,0.0,0.0,0.7789017350586532,0.0,556.8209371509021,-0.012489699058203815,0.032
raceline_xy,20260415_212047_eb9da4db,2580,82.59199999999446,245.9427063141751,-267.62482310226164,6.08687035451349,-0.026545281397911236,6.086928237183323,0.25362200988263844,-2.4282225483808553,-0.022916986919206628,0.1329618039200671,0.6648090196003354,0.15372261904807516,0.013174272275152443,0.0,0.0,0.5292252361437391,13.887882447980676,0.5786617686658615,13.887882447980676,0.5786617686658615,13.887882447980676,0.5786617686658615,0.3190951045300743,0.0,0.0,0.2026225270824982,0.0,0.0,0.7771831919314602,0.0,556.8045865350089,-0.012915367514255002,0.032
raceline_xy,20260415_212047_eb9da4db,2581,82.62399999999445,245.79477042993338,-267.7515315822398,6.086881874472148,-0.02666848036831615,6.086940295552662,0.25362251231469424,-2.4289503714951124,-0.022741080585185158,0.1336869494976849,0.6684347474884245,0.15397308219109407,0.013006584059579662,0.0,0.0,0.5293816200514786,13.871230594560387,0.5779679414400162,13.871230594560387,0.5779679414400162,13.871230594560387,0.5779679414400162,0.31987037401005214,0.0,0.0,0.20195688422227467,0.0,0.0,0.7754372671675064,0.0,556.7937340026041,-0.013144445279979305,0.032
raceline_xy,20260415_212047_eb9da4db,2582,82.65599999999445,245.6467341553692,-267.8781229070244,6.086883171322118,-0.02705360700251891,6.086943291913951,0.25362263716308125,-2.4296791869486327,-0.022771205513352624,0.13424692031414648,0.6712346015707323,0.1539577266448795,0.012553528015637472,0.0,0.0,0.5294597644543508,13.862794628470212,0.5776164428529255,13.862794628470212,0.5776164428529255,13.862794628470212,0.5776164428529255,0.32026401342230226,0.0,0.0,0.20170066469755168,0.0,0.0,0.7771721065529873,0.0,556.791037277444,-0.0017369876881922763,0.032
raceline_xy,20260415_212047_eb9da4db,2583,82.68799999999445,245.49860441232642,-268.00460422504585,6.086870641708755,-0.027029736247889957,6.086930656376626,0.2536221106823594,-2.430424197852002,-0.023275096570119662,0.1314167186410186,0.6570835932050929,0.15419358901607882,0.012352929706848759,0.0,0.0,0.5296159588211565,13.845736385033309,0.5769056827097212,13.845736385033309,0.5769056827097212,13.845736385033309,0.5769056827097212,0.32106180347379354,0.0,0.0,0.2013387441147833,0.0,0.0,0.7727950146683935,0.0,556.8024092610365,-0.012041143339546933,0.032
raceline_xy,20260415_212047_eb9da4db,2584,82.71999999999444,245.350536619322,-268.131162818527,6.086994166345043,-0.020073233448725247,6.087027264257954,0.25362613601074807,-2.4310588931451527,-0.019852498168914504,0.1285987183842212,0.6429935919211061,0.15454511086073497,0.012251454032634168,0.0,0.0,0.5297720281508428,13.828384264153694,0.5761826776730706,13.828384264153694,0.5761826776730706,13.828384264153694,0.5761826776730706,0.32187584194729446,0.0,0.0,0.20088594987620886,0.0,0.0,0.7709416152518835,0.0,556.7154621678409,-0.017038728401151722,0.032
raceline_xy,20260415_212047_eb9da4db,2585,82.75199999999444,245.20234290636415,-268.2575758158742,6.087024042038264,-0.022398170483497903,6.087065250709315,0.25362771877955476,-2.431665182180419,-0.01896244287008125,0.12606260549435538,0.6303130274717769,0.1549259318258902,0.012168367408749159,0.0,0.0,0.529927973498089,13.810747952094609,0.5754478313372754,13.810747952094609,0.5754478313372754,13.810747952094609,0.5754478313372754,0.3227058115863386,0.0,0.0,0.2003830422371439,0.0,0.0,0.7691213691526297,0.0,556.6812743616165,-0.018154458400752735,0.032
raceline_xy,20260415_212047_eb9da4db,2586,82.78399999999444,245.05395837671443,-268.38376187947927,6.08694374995363,-0.027660750775042153,6.087006598668429,0.25362527494451786,-2.432322719247982,-0.020547508428249945,0.1239065496453182,0.619532748226591,0.15525481231082638,0.01202518375976025,0.0,0.0,0.5300837959141171,13.792882575631754,0.5747034406513231,13.792882575631754,0.5747034406513231,13.792882575631754,0.5747034406513231,0.32354924387930195,0.0,0.0,0.19987960892746928,0.0,0.0,0.7673171203375039,0.0,556.7340611984133,-0.016041755895841912,0.032
raceline_xy,20260415_212047_eb9da4db,2587,82.81599999999443,244.90540670853866,-268.5097450778787,6.08680326771788,-0.031372092129010376,6.086884114887157,0.2536201714536315,-2.433062193321235,-0.023091972034845143,0.12209633817968409,0.6104816908984204,0.15550158569447037,0.011792374923466742,0.0,0.0,0.5302394964467615,13.774814529335526,0.5739506053889802,13.774814529335526,0.5739506053889802,13.774814529335526,0.5739506053889802,0.32440500256882343,0.0,0.0,0.19939896328170914,0.0,0.0,0.7654971227444647,0.0,556.8442966015582,-0.012869742617771199,0.032
raceline_xy,20260415_212047_eb9da4db,2588,82.84799999999443,244.7567486911557,-268.6355978295818,6.08670151394795,-0.03176305053894435,6.086784390076241,0.2536160162531767,-2.433861803983765,-0.024964680174855473,0.1205356124318074,0.602678062159037,0.15568951170050438,0.011492894803597942,0.0,0.0,0.5303950761405378,13.756569765333737,0.5731904068889057,13.756569765333737,0.5731904068889057,13.756569765333737,0.5731904068889057,0.3252719582732251,0.0,0.0,0.19893188395804018,0.0,0.0,0.7636384274033441,0.0,556.9340489313824,-0.010727881154926636,0.032
raceline_xy,20260415_212047_eb9da4db,2589,82.87999999999442,244.60803407614,-268.7613824506369,6.086687330733696,-0.02958495664575178,6.086759230639389,0.2536149679433079,-2.4346743478546475,-0.025372542838038456,0.11913915766268728,0.5956957883134364,0.15586702943223374,0.01117509295336827,0.0,0.0,0.5305505360367133,13.738173788825762,0.5724239078677401,13.738173788825762,0.5724239078677401,13.738173788825762,0.5724239078677401,0.3261489884732258,0.0,0.0,0.19845209599210498,0.0,0.0,0.761749160925725,0.0,556.9566924245494,-0.010521690195987596,0.032
raceline_xy,20260415_212047_eb9da4db,2590,82.91199999999442,244.45927663430678,-268.88711813132267,6.086734607143066,-0.026831961807699756,6.086793748104785,0.2536164061710327,-2.43546050677441,-0.024556802845158637,0.11787508970311411,0.5893754485155706,0.15607383274383668,0.01087942632945138,0.0,0.0,0.5307058771733772,13.719651653477538,0.5716521522282307,13.719651653477538,0.5716521522282307,13.719651653477538,0.5716521522282307,0.32703497756795263,0.0,0.0,0.1979366408220759,0.0,0.0,0.7598539786276463,0.0,556.9256267056928,-0.011783580560904483,0.032
raceline_xy,20260415_212047_eb9da4db,2591,82.94399999999442,244.31045675508847,-269.0127825000282,6.086793718039511,-0.025242750847226603,6.086846060353062,0.25361858584804425,-2.4362081808393015,-0.023361728262126534,0.1167482018169682,0.583741009084841,0.15632157969753768,0.010619433987736127,0.0,0.0,0.5308612966656271,13.70103436034076,0.570876431680865,13.70103436034076,0.570876431680865,13.70103436034076,0.570876431680865,0.3279285091404809,0.0,0.0,0.1973793949843365,0.0,0.0,0.7579703900159528,0.0,556.8785456822442,-0.013474544858295065,0.032
raceline_xy,20260415_212047_eb9da4db,2592,82.97599999999441,244.1615422350383,-269.1383365654967,6.086830632394233,-0.025386605071362478,6.086883572664243,0.25362014886101014,-2.436930723247997,-0.02257911460936994,0.11580066509896518,0.5790033254948259,0.15659615503292912,0.010384429090304348,0.0,0.0,0.5310179609184382,13.68237796315746,0.5700990817982275,13.68237796315746,0.5700990817982275,13.68237796315746,0.5700990817982275,0.3288269390998111,0.0,0.0,0.19678892191634695,0.0,0.0,0.756112097941803,0.0,556.8447846021805,-0.014563777092918128,0.032
raceline_xy,20260415_212047_eb9da4db,2593,83.00799999999441,244.0125086285358,-269.26374957840534,6.086831327612488,-0.02676060843521455,6.086890153515885,0.25362042306316185,-2.437652730994831,-0.022560282303161518,0.1152397669311195,0.5761988346555974,0.15687277195519345,0.010147741187852333,0.0,0.0,0.5311745121065853,13.663629304936158,0.5693178877056733,13.663629304936158,0.5693178877056733,13.663629304936158,0.5693178877056733,0.32973287333257195,0.0,0.0,0.19616406555502153,0.0,0.0,0.7542361637803123,0.0,556.8388618357033,-0.014662104101696279,0.032
raceline_xy,20260415_212047_eb9da4db,2594,83.03999999999441,243.86335046384653,-269.389013331379,6.086802276536947,-0.028327237727347576,6.086868191940139,0.2536195079975058,-2.4383934010567714,-0.023139147089073685,0.11505858207057189,0.5752929103528595,0.15713276222746586,0.009890119093395544,0.0,0.0,0.5313309556608216,13.644770467408986,0.5685321028087077,13.644770467408986,0.5685321028087077,13.644770467408986,0.5685321028087077,0.33064724171804327,0.0,0.0,0.19551767081572838,0.0,0.0,0.7523458015365948,0.0,556.8586272538743,-0.014035587465775833,0.032
raceline_xy,20260415_212047_eb9da4db,2595,83.0719999999944,243.7140785209995,-269.51413985101505,6.086765278108836,-0.029245699168050088,6.086835537593501,0.2536181473997292,-2.439157681791606,-0.02387356544069339,0.11522268481593671,0.5761134240796836,0.15737037316082114,0.009606560601273184,0.0,0.0,0.5314872970113523,13.625829208535787,0.5677428836889912,13.625829208535787,0.5677428836889912,13.625829208535787,0.5677428836889912,0.3315687608238389,0.0,0.0,0.19485687797555493,0.0,0.0,0.7504514345087364,0.0,556.8880161658486,-0.013268145011584765,0.032
raceline_xy,20260415_212047_eb9da4db,2596,83.1039999999944,243.56470895985433,-269.6391486625709,6.086741862720448,-0.029275974675244676,6.086812268017371,0.25361717783405713,-2.439937777529022,-0.02436699848564426,0.11568770209921013,0.5784385104960507,0.1575938012524265,0.009304807916234559,0.0,0.0,0.5316435415878277,13.606805253691345,0.566950218903806,13.606805253691345,0.566950218903806,13.606805253691345,0.566950218903806,0.332497500284036,0.0,0.0,0.19417950300123304,0.0,0.0,0.7485415914353757,0.0,556.9089587843656,-0.012849882188295416,0.032
raceline_xy,20260415_212047_eb9da4db,2597,83.1359999999944,243.4152527510741,-269.76405361539497,6.086739374907999,-0.028734447308053745,6.086807199716246,0.25361696665484357,-2.4407211578058625,-0.02447125516545917,0.11641692880617747,0.5820846440308873,0.1578158609827116,0.00899820548414132,0.0,0.0,0.5317996948193381,13.587716021101102,0.5661548342125459,13.587716021101102,0.5661548342125459,13.587716021101102,0.5661548342125459,0.3334326623171875,0.0,0.0,0.19348043333365464,0.0,0.0,0.7466261719767514,0.0,556.9135202553786,-0.012937344570012846,0.032
raceline_xy,20260415_212047_eb9da4db,2598,83.1679999999944,243.26571105826577,-269.8888566448443,6.086750769179329,-0.02815817864012482,6.086815900709457,0.25361732919622737,-2.441498800779537,-0.02429452385442664,0.1173892989335831,0.5869464946679155,0.15804562217318274,0.008696991534395515,0.0,0.0,0.5319557621344078,13.568586870488488,0.5653577862703537,13.568586870488488,0.5653577862703537,13.568586870488488,0.5653577862703537,0.3343730467693873,0.0,0.0,0.19275636386892647,0.0,0.0,0.7447147473813038,0.0,556.9056893614884,-0.01336592365340871,0.032
raceline_xy,20260415_212047_eb9da4db,2599,83.19999999999439,243.11607730715437,-270.01354988175626,6.086763675771857,-0.027946976850704797,6.086827833790834,0.25361782640795144,-2.44226911086216,-0.024067351873612274,0.11859635463374021,0.592981773168701,0.15828453701069511,0.008405006177705676,0.0,0.0,0.5321117489609904,13.549458662610228,0.5645607776087594,13.549458662610228,0.5645607776087594,13.549458662610228,0.5645607776087594,0.3353166704719337,0.0,0.0,0.1920085899278126,0.0,0.0,0.7428191580032332,0.0,556.8949495882489,-0.013833617554793693,0.032
raceline_xy,20260415_212047_eb9da4db,2600,83.23199999999439,242.96634286817365,-270.1381224991793,6.086768708193801,-0.028185194430434102,6.086833964569126,0.25361808185704693,-2.4430366441699185,-0.023981227623068906,0.12003344083542632,0.6001672041771315,0.15852785065442765,0.008120235732253178,0.0,0.0,0.532267660726463,13.530344735566551,0.5637643639819396,13.530344735566551,0.5637643639819396,13.530344735566551,0.5637643639819396,0.33626288714647146,0.0,0.0,0.19124142686445036,0.0,0.0,0.7409325482593799,0.0,556.8894318877859,-0.014105741025511225,0.032
raceline_xy,20260415_212047_eb9da4db,2601,83.26399999999438,242.81650220401394,-270.2625671645236,6.086763162560503,-0.028687790634134736,6.086830767027699,0.2536179486261541,-2.443807856751727,-0.024095716303812915,0.12169194882040436,0.6084597441020217,0.15876897940931478,0.007838766984858303,0.0,0.0,0.5324235028576214,13.511338541106326,0.5629724392127636,13.511338541106326,0.5629724392127636,13.511338541106326,0.5629724392127636,0.3372070545975778,0.0,0.0,0.19046257009919962,0.0,0.0,0.7390878330966598,0.0,556.8923096750705,-0.014122965289197143,0.032
raceline_xy,20260415_212047_eb9da4db,2602,83.29599999999438,242.66655481877825,-270.3868827045172,6.086750591929941,-0.02917981955489113,6.08682053540506,0.2536175223085442,-2.4445870621909513,-0.024344617744147083,0.12250373754727659,0.6125186877363828,0.1587268598947822,0.007307845900771159,0.0,0.0,0.5325013995060465,13.50189146877889,0.5625788111991205,13.50189146877889,0.5625788111991205,13.50189146877889,0.5625788111991205,0.3376775783757462,0.0,0.0,0.19018305807036795,0.0,0.0,0.74114300968376,0.0,556.9015181354455,-0.0008703399995840591,0.032
raceline_xy,20260415_212047_eb9da4db,2603,83.32799999999438,242.51651200274057,-270.51108180113425,6.086726549458202,-0.02901413795279817,6.0867957011945535,0.25361648754977306,-2.445387197361918,-0.024997092467389487,0.12071188709785502,0.603559435489275,0.15894177678429022,0.007012693022716121,0.0,0.0,0.532657147359692,13.483140239704309,0.5617975099876795,13.483140239704309,0.5617975099876795,13.483140239704309,0.5617975099876795,0.3386139234182588,0.0,0.0,0.18970565534198972,0.0,0.0,0.7363861109174423,0.0,556.9238689249015,-0.0127694850062393,0.032
raceline_xy,20260415_212047_eb9da4db,2604,83.35999999999437,242.3665492694793,-270.63538319745214,6.086871950536067,-0.020863603388299623,6.086907706887717,0.2536211544536549,-2.446059580301034,-0.021032622152412195,0.11890013136933367,0.5945006568466683,0.15929051122187232,0.006858627799691153,0.0,0.0,0.5328128391434388,13.464620211670741,0.5610258421529476,13.464620211670741,0.5610258421529476,13.464620211670741,0.5610258421529476,0.3395418891361328,0.0,0.0,0.18914496367578237,0.0,0.0,0.734571027433916,0.0,556.823063801054,-0.018663903293789787,0.032
raceline_xy,20260415_212047_eb9da4db,2605,83.39199999999437,242.21645204877888,-270.7595244302662,6.086907438712778,-0.023514370671431806,6.086952857800446,0.25362303574168527,-2.446697804283815,-0.01996344320803358,0.11738142706886298,0.5869071353443148,0.15967429590616966,0.006754596173091709,0.0,0.0,0.5329684802820109,13.446379562646257,0.5602658151102607,13.446379562646257,0.5602658151102607,13.446379562646257,0.5602658151102607,0.3404589457863376,0.0,0.0,0.18854726237666644,0.0,0.0,0.7328689312993563,0.0,556.7824279795983,-0.020022985281508393,0.032
raceline_xy,20260415_212047_eb9da4db,2606,83.42399999999436,242.06614452511434,-270.8834072383911,6.086806722840748,-0.029682247929259553,6.08687909499289,0.2536199622913704,-2.447394945124233,-0.0217871471339883,0.11623028366951116,0.5811514183475558,0.1599981642097732,0.006610295099523711,0.0,0.0,0.5331242167637226,13.428470469131998,0.5595196028805,13.428470469131998,0.5595196028805,13.428470469131998,0.5595196028805,0.3413623299168531,0.0,0.0,0.18797127599543578,0.0,0.0,0.7312440051939271,0.0,556.8488145063989,-0.017665964154453477,0.032
raceline_xy,20260415_212047_eb9da4db,2607,83.45599999999436,241.91565305900428,-271.0070586497336,6.086627269077124,-0.03409343328385539,6.086722753244666,0.2536134480518611,-2.448187497569549,-0.02475143685908481,0.11533110111563664,0.5766555055781832,0.16022620408355515,0.006391709837817672,0.0,0.0,0.5332804303927792,13.41093867878735,0.5587891116161395,13.41093867878735,0.5587891116161395,13.41093867878735,0.5587891116161395,0.3422495706827178,0.0,0.0,0.18744962357744382,0.0,0.0,0.7296675489423431,0.0,556.9895220798005,-0.014029601041992709,0.032
raceline_xy,20260415_212047_eb9da4db,2608,83.48799999999436,241.7650460811798,-271.1305627365734,6.086493039452888,-0.03468334428316666,6.086591858641347,0.25360799411005613,-2.4490513835919554,-0.02697343149484089,0.11477565137990378,0.5738782568995189,0.16038416595139893,0.006122246695192235,0.0,0.0,0.5334366069788582,13.393767415654047,0.5580736423189187,13.393767415654047,0.5580736423189187,13.393767415654047,0.5580736423189187,0.3431213488061706,0.0,0.0,0.18695509856677492,0.0,0.0,0.7280852649786373,0.0,557.1073272227875,-0.011524717375747735,0.032
raceline_xy,20260415_212047_eb9da4db,2609,83.51999999999435,241.61438017855406,-271.25399302054615,6.086468439478872,-0.03227122528247062,6.086553991936127,0.253606416330672,-2.449932498107734,-0.027515750620486182,0.11446775001683158,0.5723387500841579,0.16052871099620303,0.005855978153081587,0.0,0.0,0.533592750037199,13.376924057986031,0.557371835749418,13.376924057986031,0.557371835749418,13.376924057986031,0.557371835749418,0.34397916633473047,0.0,0.0,0.18645610043518812,0.0,0.0,0.7264949206130666,0.0,557.141407257485,-0.011225747396334472,0.032
raceline_xy,20260415_212047_eb9da4db,2610,83.55199999999435,241.46367179013816,-271.37737335040606,6.086522375246412,-0.02913178759580992,6.086592091262873,0.2536080038026197,-2.450784968569522,-0.0266301600965925,0.11437052054308174,0.5718526027154086,0.16070579328434542,0.005638741315576734,0.0,0.0,0.5337488630879476,13.360414394385764,0.5566839330994068,13.360414394385764,0.5566839330994068,13.360414394385764,0.5566839330994068,0.3448225826457363,0.0,0.0,0.18592665351871648,0.0,0.0,0.7249372320944746,0.0,557.1071178634137,-0.012683147913320208,0.032
raceline_xy,20260415_212047_eb9da4db,2611,83.58399999999435,241.31289961096076,-271.5006788508065,6.086592907089409,-0.027281411824448654,6.08665404734508,0.253610585306045,-2.451593768100503,-0.025273802849063946,0.1145071290708942,0.572535645354471,0.16092922186080605,0.005485524774076378,0.0,0.0,0.5339049496563495,13.344253161858227,0.5560105484107595,13.344253161858227,0.5560105484107595,13.344253161858227,0.5560105484107595,0.34565069615679755,0.0,0.0,0.1853580815683974,0.0,0.0,0.7234325658962565,0.0,557.0513573894275,-0.014618992546664862,0.032
raceline_xy,20260415_212047_eb9da4db,2612,83.61599999999434,241.16202697016567,-271.6238636559668,6.086636596768983,-0.027440439801428074,6.086698451448371,0.25361243547701545,-2.4523738821324192,-0.024380484090499824,0.11492644593312631,0.5746322296656315,0.1611831266455832,0.005381166332114606,0.0,0.0,0.5340610132729402,13.32843371096865,0.5553514046236937,13.32843371096865,0.5553514046236937,13.32843371096865,0.5553514046236937,0.34646369906436103,0.0,0.0,0.18475798576505165,0.0,0.0,0.7219743360072363,0.0,557.0113936964655,-0.015868168280340444,0.032
raceline_xy,20260415_212047_eb9da4db,2613,83.64799999999434,241.01102629951404,-271.7468918197735,6.0866358305971815,-0.02901817679831531,6.086705002617931,0.2536127084424138,-2.45315334690914,-0.024357997167117923,0.11566327381875803,0.5783163690937901,0.16143879092202562,0.005297252518306816,0.0,0.0,0.5342170574737346,13.312945627698802,0.5547060678207835,13.312945627698802,0.5547060678207835,13.312945627698802,0.5547060678207835,0.34726198403951614,0.0,0.0,0.18414256661031858,0.0,0.0,0.7205557486206915,0.0,557.0054976438616,-0.015980940385959826,0.032
raceline_xy,20260415_212047_eb9da4db,2614,83.67999999999434,240.8598914821032,-271.8697536907745,6.086598151323021,-0.03082054273105861,6.086676183397886,0.2536115076415786,-2.4539541336768274,-0.02501967449369487,0.11671734206365636,0.5835867103182818,0.16167408161973196,0.005211259489797282,0.0,0.0,0.5343730858004164,13.297775268838627,0.5540739695349428,13.297775268838627,0.5540739695349428,13.297775268838627,0.5540739695349428,0.3480461191340547,0.0,0.0,0.18352571968609208,0.0,0.0,0.7191670783210928,0.0,557.0314349419023,-0.015258506151439501,0.032
raceline_xy,20260415_212047_eb9da4db,2615,83.71199999999433,240.70863470515508,-271.99246324037813,6.086550480585792,-0.031879455334677065,6.086633967341191,0.2536097486392163,-2.454781934806242,-0.025860177788947333,0.11805754728999772,0.5902877364499886,0.1618836024729311,0.005116933108770816,0.0,0.0,0.5345291018005258,13.282883286731646,0.5534534702804853,13.282883286731646,0.5534534702804853,13.282883286731646,0.5534534702804853,0.34881801644894894,0.0,0.0,0.18291178078623402,0.0,0.0,0.7177881307289407,0.0,557.0694293929276,-0.014368681121770439,0.032
raceline_xy,20260415_212047_eb9da4db,2616,83.74399999999433,240.55727422114055,-272.11504329515293,6.086519793707575,-0.031915151492870386,6.086603467952297,0.2536084778313457,-2.4556278144909385,-0.0264242397529004,0.11964177832582586,0.5982088916291293,0.16207675056582893,0.005022651351240803,0.0,0.0,0.5346851090276452,13.268254187320455,0.5528439244716856,13.268254187320455,0.5528439244716856,13.268254187320455,0.5528439244716856,0.34957837069731745,0.0,0.0,0.1822970200422717,0.0,0.0,0.7164213587104797,0.0,557.0968788429326,-0.013874405961689141,0.032
raceline_xy,20260415_212047_eb9da4db,2617,83.77599999999433,240.40582248306535,-272.2375101957888,6.086515415072041,-0.03128702346570478,6.086595828190576,0.25360815950794063,-2.4564773472699573,-0.026540078091795774,0.12143679565553625,0.6071839782776812,0.16226828068353827,0.004942286247071603,0.0,0.0,0.5348411110415847,13.253901454817814,0.5522458939507423,13.253901454817814,0.5522458939507423,13.253901454817814,0.5522458939507423,0.35032637436866887,0.0,0.0,0.18167476069078828,0.0,0.0,0.7150804155545593,0.0,557.1037546284815,-0.013957733676351123,0.032
raceline_xy,20260415_212047_eb9da4db,2618,83.80799999999432,240.25428095858163,-272.35986647414813,6.086528626744023,-0.030610076910564388,6.0866055976203155,0.2536085665675131,-2.457320069188099,-0.02632993103169178,0.12342721406175416,0.6171360703087708,0.16246871627045056,0.004885753159145967,0.0,0.0,0.5349971114085659,13.239811504674677,0.5516588126947782,13.239811504674677,0.5516588126947782,13.239811504674677,0.5516588126947782,0.35106263009048666,0.0,0.0,0.18103943493048139,0.0,0.0,0.7137612224318576,0.0,557.0949621417157,-0.01443235749409494,0.032
raceline_xy,20260415_212047_eb9da4db,2619,83.83999999999432,240.10264243478142,-272.4821032373486,6.086544050557697,-0.03034444433661987,6.086619691148888,0.25360915379787036,-2.4581540018856245,-0.026057335280808055,0.1256119861974763,0.6280599309873814,0.16267987531860317,0.0048544871103981535,0.0,0.0,0.5351531137014038,13.225971062745511,0.5510821276143963,13.225971062745511,0.5510821276143963,13.225971062745511,0.5510821276143963,0.35178773297682886,0.0,0.0,0.18039011278388353,0.0,0.0,0.7124662434575225,0.0,557.0822779660003,-0.014865901204475895,0.032
raceline_xy,20260415_212047_eb9da4db,2620,83.87199999999432,239.95089743245697,-272.60420815531734,6.086549941360577,-0.030586684919969187,6.086626794372301,0.25360944976551253,-2.458984313632688,-0.025944802111112886,0.1279941547115167,0.6399707735575835,0.16289636591237944,0.004842782143477997,0.0,0.0,0.5353091214996881,13.212367164589935,0.5505152985245806,13.212367164589935,0.5505152985245806,13.212367164589935,0.5505152985245806,0.3525022702149614,0.0,0.0,0.17973004169368206,0.0,0.0,0.7111948587206116,0.0,557.0758850649286,-0.015116575208226573,0.032
raceline_xy,20260415_212047_eb9da4db,2621,83.90399999999431,239.79904105904583,-272.7261743863016,6.08654449809597,-0.031074091126720216,6.086623820020559,0.25360932583419,-2.4598174513394397,-0.026032668786219796,0.13055396272603967,0.6527698136301983,0.16311162653382905,0.004843623280463394,0.0,0.0,0.535465103410357,13.198986464292844,0.5499577693455352,13.198986464292844,0.5499577693455352,13.198986464292844,0.5499577693455352,0.3532068570761169,0.0,0.0,0.17906466671041885,0.0,0.0,0.7099433624250345,0.0,557.0785619814961,-0.015150424741039026,0.032
raceline_xy,20260415_212047_eb9da4db,2622,83.93599999999431,239.64707316482222,-272.84800110148194,6.0865316447820055,-0.031541660121956916,6.086613371921696,0.25360889049673735,-2.460657642884928,-0.026252290708281906,0.13154583774270334,0.6577291887135167,0.1630324377139023,0.004426159317607592,0.0,0.0,0.5355430953672966,13.192378559566727,0.549682439981947,13.192378559566727,0.549682439981947,13.192378559566727,0.549682439981947,0.35355545959652135,0.0,0.0,0.17887303686453007,0.0,0.0,0.7114090483808413,0.0,557.0879652704732,-0.0005113996500570907,0.032
raceline_xy,20260415_212047_eb9da4db,2623,83.9679999999943,239.49500544113255,-272.96970174102984,6.0865046116890476,-0.03132138908876403,6.086585201697787,0.2536077167374078,-2.4615194495686348,-0.026926100683912838,0.13067887434525818,0.6533943717262909,0.16322188791700531,0.004421288509884214,0.0,0.0,0.5356990872871831,13.179326267575792,0.5491385944823247,13.179326267575792,0.5491385944823247,13.179326267575792,0.5491385944823247,0.35424530538833876,0.0,0.0,0.17849262205076627,0.0,0.0,0.708111327469727,0.0,557.1133184719914,-0.013742761135924934,0.032
raceline_xy,20260415_212047_eb9da4db,2624,83.9999999999943,239.34302735009138,-273.0915209935274,6.086675292516674,-0.02229860337248235,6.086716137971714,0.2536131724154881,-2.462238947066811,-0.022507811148216237,0.12971812146351966,0.6485906073175982,0.16356028033769832,0.004574021225097091,0.0,0.0,0.5358550904829047,13.166489866939692,0.5486037444558205,13.166489866939692,0.5486037444558205,13.166489866939692,0.5486037444558205,0.35492538635764603,0.0,0.0,0.1780282200999864,0.0,0.0,0.7068453063834461,0.0,556.995475825457,-0.02027108118618099,0.032
raceline_xy,20260415_212047_eb9da4db,2625,84.0319999999943,239.19090561146038,-273.2131634963137,6.086715951669293,-0.025266837197646108,6.086768394588987,0.25361534977454114,-2.462920639880312,-0.021324375786485415,0.12901805581944367,0.6450902790972183,0.16393945210386685,0.004779836588095776,0.0,0.0,0.5360111056808853,13.153814716851159,0.5480756132021316,13.153814716851159,0.5480756132021316,13.153814716851159,0.5480756132021316,0.3555985306528986,0.0,0.0,0.1775253537126598,0.0,0.0,0.7056602713083903,0.0,556.9484448699109,-0.02181689806816299,0.032
raceline_xy,20260415_212047_eb9da4db,2626,84.0639999999943,239.03855867528927,-273.3345192343437,6.086594018391289,-0.032112410729904006,6.086678729129664,0.25361161371373603,-2.463667833343231,-0.023352722551221474,0.12871513129430667,0.6435756564715334,0.16425197217828913,0.004935406227136951,0.0,0.0,0.5361671336133977,13.141350130519282,0.5475562554383034,13.141350130519282,0.5475562554383034,13.141350130519282,0.5475562554383034,0.35626205427016266,0.0,0.0,0.17704350429384177,0.0,0.0,0.7045453059648991,0.0,557.0291437833018,-0.019152913688763425,0.032
raceline_xy,20260415_212047_eb9da4db,2627,84.09599999999429,238.88601523033785,-273.4556180759492,6.086375843103012,-0.0370211582196287,6.086488435022597,0.2536036847926082,-2.4645214661018393,-0.026660446726632925,0.12877448619302814,0.6438724309651407,0.1644575089089968,0.0049986264424051186,0.0,0.0,0.5363231750186715,13.129073746818047,0.5470447394507519,13.129073746818047,0.5470447394507519,13.129073746818047,0.5470447394507519,0.3569170780222928,0.0,0.0,0.1766086438575911,0.0,0.0,0.7034390428695725,0.0,557.2004084796625,-0.015048297123583325,0.032
raceline_xy,20260415_212047_eb9da4db,2628,84.12799999999429,238.73335045441868,-273.57655572045354,6.086212820108052,-0.037644597318882145,6.086329239151865,0.2535970516313277,-2.465454439099757,-0.029132120733248678,0.12907892087449052,0.6453946043724526,0.16458504088269965,0.004996427023447048,0.0,0.0,0.5364792306410001,13.116981195415669,0.5465408831423195,13.116981195415669,0.5465408831423195,13.116981195415669,0.5465408831423195,0.3575637712130799,0.0,0.0,0.17620801728845062,0.0,0.0,0.7023053700664769,0.0,557.3436847633214,-0.01221466929156273,0.032
raceline_xy,20260415_212047_eb9da4db,2629,84.15999999999428,238.58062640463487,-273.6974161496981,6.086183562193085,-0.03489503831303509,6.086283596449329,0.2535951498520554,-2.4664059111585583,-0.029714318829368296,0.12952377612652163,0.6476188806326081,0.164697029817356,0.00498836251976309,0.0,0.0,0.5366353012308474,13.10504733656639,0.5460436390235995,13.10504733656639,0.5460436390235995,13.10504733656639,0.5460436390235995,0.3582034203762574,0.0,0.0,0.17580804972918676,0.0,0.0,0.7011425427257318,0.0,557.3847631956036,-0.011860512064986468,0.032
raceline_xy,20260415_212047_eb9da4db,2630,84.19199999999428,238.42786105627818,-273.8182267687299,6.086249390828499,-0.03132727509319766,6.086330014509979,0.2535970839379158,-2.4673242909117743,-0.028690223925116096,0.13007276114503027,0.6503638057251513,0.16484558990515508,0.005024735287447957,0.0,0.0,0.5367913875449535,13.093247222742939,0.5455519676142891,13.093247222742939,0.5455519676142891,13.093247222742939,0.5455519676142891,0.35883731429352794,0.0,0.0,0.1753792978700378,0.0,0.0,0.6999827624012812,0.0,557.3429869410182,-0.013481018843895604,0.032
raceline_xy,20260415_212047_eb9da4db,2631,84.22399999999428,238.27503101831923,-273.9389594108781,6.086334866933631,-0.029207779208439977,6.086404949296284,0.2536002062206785,-2.4681926520122754,-0.02713592657901676,0.13075794188131792,0.6537897094065895,0.1650471078632747,0.005121180320602381,0.0,0.0,0.5369474903464422,13.081507405874934,0.5450628085781223,13.081507405874934,0.5450628085781223,13.081507405874934,0.5450628085781223,0.35946936804222496,0.0,0.0,0.1749092664917006,0.0,0.0,0.6988230333093145,0.0,557.2755456333439,-0.01564014987950946,0.032
raceline_xy,20260415_212047_eb9da4db,2632,84.25599999999427,238.12209610024462,-274.05956195196995,6.0863880051381685,-0.029346887299943614,6.086458756032441,0.25360244816801836,-2.469027803751633,-0.02610135327638132,0.13164069072413656,0.6582034536206828,0.16528378530859733,0.005259594681674251,0.0,0.0,0.5371036104049256,13.069847090027274,0.5445769620844697,13.069847090027274,0.5445769620844697,13.069847090027274,0.5445769620844697,0.36009852696183264,0.0,0.0,0.1744063209450433,0.0,0.0,0.6976947817580459,0.0,557.2271195708031,-0.01702834069627017,0.032
raceline_xy,20260415_212047_eb9da4db,2633,84.28799999999427,237.96902618215904,-274.17999354113203,6.086387850882195,-0.031081402466064834,6.086467212180284,0.2536028005075118,-2.469861237420253,-0.026045266780982658,0.13276698198023545,0.6638349099011772,0.16552337074692103,0.005407191202023931,0.0,0.0,0.5372597484966098,13.058245514892086,0.5440935631205036,13.058245514892086,0.5440935631205036,13.058245514892086,0.5440935631205036,0.36072589076833417,0.0,0.0,0.17388711712130459,0.0,0.0,0.696577917192521,0.0,557.2195090377442,-0.0171396578211262,0.032
raceline_xy,20260415_212047_eb9da4db,2634,84.31999999999427,237.81581474603348,-274.3002432751482,6.086343293137181,-0.033069609869640804,6.08643313287946,0.25360138053664416,-2.4707176458954905,-0.026758250953315098,0.13414384275772936,0.6707192137886467,0.1657409935947518,0.005537978965529433,0.0,0.0,0.5374159054043998,13.046677797747222,0.5436115749061342,13.046677797747222,0.5436115749061342,13.046677797747222,0.5436115749061342,0.36135279267014075,0.0,0.0,0.1733657536327607,0.0,0.0,0.695459959995646,0.0,557.2501804084857,-0.016205766777271022,0.032
raceline_xy,20260415_212047_eb9da4db,2635,84.35199999999426,237.66247541498745,-274.42032726097875,6.086286506877361,-0.03421955372915875,6.086382704172886,0.2535992793405369,-2.4716035400939997,-0.027675697540291918,0.13574350358175852,0.6787175179087925,0.16593048142833267,0.00564414041763861,0.0,0.0,0.5375720798588278,13.035119061118579,0.5431299608799408,13.035119061118579,0.5431299608799408,13.035119061118579,0.5431299608799408,0.3619805773546285,0.0,0.0,0.17284678123796562,0.0,0.0,0.694328553111977,0.0,557.2955662444025,-0.01513293988069047,0.032
raceline_xy,20260415_212047_eb9da4db,2636,84.38399999999426,237.50902975765607,-274.54027355739237,6.086252364990688,-0.0341516558147692,6.086348181459029,0.25359784089412624,-2.4725078543022416,-0.028250521598192305,0.13745532313756867,0.6872766156878433,0.1661034592410151,0.005734680891731347,0.0,0.0,0.5377279657979137,13.023530758349096,0.5426471149312123,13.023530758349096,0.5426471149312123,13.023530758349096,0.5426471149312123,0.3626113461532361,0.0,0.0,0.17232944575001413,0.0,0.0,0.6931705188447337,0.0,557.3266366868733,-0.014595660073261593,0.032
raceline_xy,20260415_212047_eb9da4db,2637,84.41599999999426,237.35549185185045,-274.66010145377993,6.086251266845386,-0.033329414715260075,6.086342525118211,0.2535976052132588,-2.473413598310705,-0.028297204251858887,0.13929299296036587,0.6964649648018293,0.16627730148260023,0.005827330892970384,0.0,0.0,0.5378838733656572,13.011925911148325,0.5421635796311802,13.011925911148325,0.5421635796311802,13.011925911148325,0.5421635796311802,0.36324440264512026,0.0,0.0,0.17180221921594083,0.0,0.0,0.6920080080732456,0.0,557.3317273936094,-0.014739600105952573,0.032
raceline_xy,20260415_212047_eb9da4db,2638,84.44799999999425,237.2018623871436,-274.77981270564953,6.086270369998088,-0.032511632296443604,6.086357204679269,0.2535982168616362,-2.474309342593708,-0.027987651243496493,0.14125149326325112,0.7062574663162555,0.166463484492414,0.005933493807306789,0.0,0.0,0.538039803868246,13.00030337115172,0.5416793071313216,13.00030337115172,0.5416793071313216,13.00030337115172,0.5416793071313216,0.3638798197904616,0.0,0.0,0.17125878777464185,0.0,0.0,0.6908440393690033,0.0,557.3185157886578,-0.015308033159340855,0.032
raceline_xy,20260415_212047_eb9da4db,2639,84.47999999999425,237.04813249474057,-274.89939591764227,6.086290259264574,-0.032213566965740625,6.086375508783163,0.2535989795326318,-2.475193834012348,-0.027638093477842123,0.1433417058310809,0.7167085291554045,0.1666630590072291,0.006054396452980448,0.0,0.0,0.5381957586136051,12.98866194379691,0.5411942476582046,12.98866194379691,0.5411942476582046,12.98866194379691,0.5411942476582046,0.36451767369894794,0.0,0.0,0.1706982350565074,0.0,0.0,0.6896826909855159,0.0,557.3020420951533,-0.015888732063717836,0.032
raceline_xy,20260415_212047_eb9da4db,2640,84.51199999999425,236.89429142851955,-275.0188365227377,6.086297303517785,-0.03250912048921384,6.086384124397905,0.2535993385165794,-2.4760736915900967,-0.027493749461652183,0.1455777557055662,0.727888778527831,0.16687111994056814,0.006183393307214846,0.0,0.0,0.5383517389113961,12.976951705266583,0.5407063210527743,12.976951705266583,0.5407063210527743,12.976951705266583,0.5407063210527743,0.3651607199637197,0.0,0.0,0.17012171637230322,0.0,0.0,0.6885040485856649,0.0,557.294288041885,-0.016183491375176554,0.032
raceline_xy,20260415_212047_eb9da4db,2641,84.54399999999424,236.74033295424974,-275.13812545990896,6.086288416019576,-0.0331237730225693,6.086378551101905,0.2535991062959127,-2.476957484768737,-0.027615898636762594,0.14796653481889793,0.7398326740944896,0.16707715511017485,0.006310778145823814,0.0,0.0,0.5385077460730152,12.965196106141192,0.5402165044225496,12.965196106141192,0.5402165044225496,12.965196106141192,0.5402165044225496,0.3658076960328249,0.0,0.0,0.1695358468112155,0.0,0.0,0.6873310548772049,0.0,557.2993040082848,-0.016136794036204653,0.032
raceline_xy,20260415_212047_eb9da4db,2642,84.57599999999424,236.58625737380865,-275.25726229057506,6.086269804790713,-0.03368742212382703,6.086363033792557,0.25359845974135653,-2.477850482888977,-0.027902349527956612,0.14803479859926466,0.7401739929963232,0.16697129225310636,0.005924254881842561,0.0,0.0,0.5385857601380459,12.959303157068739,0.5399709648778641,12.959303157068739,0.5399709648778641,12.959303157068739,0.5399709648778641,0.36613256169866837,0.0,0.0,0.1694494550619518,0.0,0.0,0.6885843747783716,0.0,557.3132695866985,-0.00042306860623203026,0.032
raceline_xy,20260415_212047_eb9da4db,2643,84.60799999999423,236.43207864503697,-275.3762637973488,6.086236770798987,-0.033423571156511844,6.086328545628681,0.2535970227345284,-2.478767427595189,-0.02864886298928437,0.14733500323358045,0.7366750161679022,0.16714728311039817,0.006022475012988249,0.0,0.0,0.5387418100580682,12.947494979461922,0.5394789574775801,12.947494979461922,0.5394789574775801,12.947494979461922,0.5394789574775801,0.3667846170748952,0.0,0.0,0.16910429407954392,0.0,0.0,0.6855761989985719,0.0,557.3443089341869,-0.014471072199982395,0.032
raceline_xy,20260415_212047_eb9da4db,2644,84.63999999999423,236.27799522501485,-275.4953964368128,6.086430562499405,-0.023705973605527397,6.0864767283964385,0.2536031970165183,-2.4795321883818318,-0.02392220427347637,0.1464622476720045,0.7323112383600224,0.16748265597915202,0.0062755377652243816,0.0,0.0,0.5388978901279918,12.935651715139166,0.5389854881307986,12.935651715139166,0.5389854881307986,12.935651715139166,0.5389854881307986,0.3674400822602153,0.0,0.0,0.16867114054717522,0.0,0.0,0.6843209964717444,0.0,557.210944443205,-0.02140822687820136,0.032
raceline_xy,20260415_212047_eb9da4db,2645,84.67199999999423,236.12376430569708,-275.614341218616,6.086478146352492,-0.026769513530867872,6.086537014828806,0.2536057089512002,-2.480255151685001,-0.022614195017912803,0.14580299714315326,0.7290149857157663,0.16786091003773596,0.006572704393161377,0.0,0.0,0.539054001665275,12.923766986062311,0.5384902910859296,12.923766986062311,0.5384902910859296,12.923766986062311,0.5384902910859296,0.3680993291074732,0.0,0.0,0.16819864282488942,0.0,0.0,0.6831529498054855,0.0,557.1566866540745,-0.023070987319758138,0.032
raceline_xy,20260415_212047_eb9da4db,2646,84.70399999999422,235.96930088588513,-275.73297872040206,6.086343178958852,-0.03399603760608416,6.086438122796604,0.25360158844985853,-2.481046080770822,-0.02471966056264186,0.1455069416566832,0.727534708283416,0.16817004942646996,0.0068038610140770395,0.0,0.0,0.5392101459891029,12.91181401848532,0.5379922507702216,12.91181401848532,0.5379922507702216,12.91181401848532,0.5379922507702216,0.3687638680423353,0.0,0.0,0.16774414450972505,0.0,0.0,0.6820078150654358,0.0,557.2456894830558,-0.02025743796910258,0.032
raceline_xy,20260415_212047_eb9da4db,2647,84.73599999999422,235.8146345144987,-275.85134032176563,6.086099296027385,-0.03920090492111683,6.086225542325199,0.2535927309302166,-2.4819489174330887,-0.02819825402989073,0.1455402091561577,0.7277010457807884,0.16836679543558475,0.006924716948212506,0.0,0.0,0.5393663244203876,12.899771367853745,0.5374904736605727,12.899771367853745,0.5374904736605727,12.899771367853745,0.5374904736605727,0.369434926023553,0.0,0.0,0.16733413839265318,0.0,0.0,0.6808441398022733,0.0,557.4370119073208,-0.015894130709344225,0.032
raceline_xy,20260415_212047_eb9da4db,2648,84.76799999999422,235.65984301081613,-275.9695288111247,6.085916327327659,-0.03986861301277633,6.086046914832069,0.2535852881180029,-2.4829353877514073,-0.030804064939688444,0.145781878157791,0.728909390788955,0.16848141069895872,0.006963198995278752,0.0,0.0,0.539522538281764,12.887649106189766,0.5369853794245736,12.887649106189766,0.5369853794245736,12.887649106189766,0.5369853794245736,0.3701119791154004,0.0,0.0,0.16695569560227022,0.0,0.0,0.6796262312660215,0.0,557.5977766511372,-0.012860684334594735,0.032
raceline_xy,20260415_212047_eb9da4db,2649,84.79999999999421,235.50499071651396,-276.08763492499475,6.0858833060637565,-0.03694622133722447,6.085995451715078,0.2535831438214616,-2.4839411381763448,-0.03141064709895111,0.14612543513781032,0.7306271756890516,0.1685799731355737,0.006983315379899491,0.0,0.0,0.539678788897589,12.875427834791989,0.5364761597829996,12.875427834791989,0.5364761597829996,12.875427834791989,0.5364761597829996,0.37079615036945013,0.0,0.0,0.16657430869767909,0.0,0.0,0.6783507408368684,0.0,557.6440934564291,-0.01234499967844071,0.032
raceline_xy,20260415_212047_eb9da4db,2650,84.83199999999421,235.35009654375474,-276.2056888564754,6.085957282358901,-0.03313169911943348,6.086047465488901,0.2535853110620376,-2.4849114177636533,-0.030312207373858313,0.1465404902851857,0.7327024514259285,0.16871779985705437,0.007039255995969551,0.0,0.0,0.5398350113515583,12.863084733963639,0.5359618639151517,12.863084733963639,0.5359618639151517,12.863084733963639,0.5359618639151517,0.3714887656957755,0.0,0.0,0.16615946722765487,0.0,0.0,0.67705321626582,0.0,557.5972810599883,-0.013962108002224702,0.032
raceline_xy,20260415_212047_eb9da4db,2651,84.8639999999942,235.1951379645545,-276.3236627653391,6.086055447992359,-0.030768980757699183,6.086133226130886,0.25358888442212024,-2.485826967388139,-0.02861089097826908,0.14705460815221072,0.7352730407610536,0.1689136224701402,0.007148676025242828,0.0,0.0,0.5399907991356725,12.850578924454613,0.5354407885189422,12.850578924454613,0.5354407885189422,12.850578924454613,0.5354407885189422,0.3721921808363331,0.0,0.0,0.16569908006561399,0.0,0.0,0.6757452584618582,0.0,557.5200964822023,-0.01627026642131694,0.032
raceline_xy,20260415_212047_eb9da4db,2652,84.8959999999942,235.04007411235762,-276.4415016440773,6.0861191910845935,-0.030779239260845692,6.086197020279385,0.253591542511641,-2.4867044066451403,-0.027423511955285064,0.14769892387244568,0.7384946193622284,0.16914979040650957,0.007296463311659451,0.0,0.0,0.540146626606606,12.837925288558246,0.5349135536899269,12.837925288558246,0.5349135536899269,12.837925288558246,0.5349135536899269,0.37290562686774686,0.0,0.0,0.1652033503606998,0.0,0.0,0.6744469016705867,0.0,557.4626817485533,-0.017810500130649297,0.032
raceline_xy,20260415_212047_eb9da4db,2653,84.9279999999942,234.88487282765385,-276.55916016861033,6.08612340957942,-0.03255233045853023,6.086210463896965,0.25359210266237353,-2.487577342237933,-0.027280599272834723,0.1485316994102563,0.7426584970512814,0.1693918623033106,0.0074489994860664765,0.0,0.0,0.5403024943991012,12.825111980755878,0.5343796658648282,12.825111980755878,0.5343796658648282,12.825111980755878,0.5343796658648282,0.37362984044017544,0.0,0.0,0.16468905421566818,0.0,0.0,0.6731428903502986,0.0,557.4505824927313,-0.017985280306467746,0.032
raceline_xy,20260415_212047_eb9da4db,2654,84.9599999999942,234.72952619382463,-276.6766248477047,6.086076429108726,-0.03467164592848482,6.086175188407266,0.25359063285030276,-2.4884731087266907,-0.027989083798150658,0.14957076620349632,0.7478538310174816,0.16961227999387507,0.007578938325491613,0.0,0.0,0.5404584031481702,12.812127536766052,0.5338386473652522,12.812127536766052,0.5338386473652522,12.812127536766052,0.5338386473652522,0.37436554439517034,0.0,0.0,0.1641709045940272,0.0,0.0,0.6718226673312303,0.0,557.4823304334604,-0.017116804317638738,0.032
raceline_xy,20260415_212047_eb9da4db,2655,84.99199999999419,234.57404776982816,-276.79391209105415,6.08601374474922,-0.03593872028636769,6.086119855284831,0.2535883273035346,-2.489399704078151,-0.028948348777282078,0.1507967142125494,0.7539835710627469,0.16980422474778978,0.00767827020361489,0.0,0.0,0.5406143534890908,12.798940400241783,0.5332891833434076,12.798940400241783,0.5332891833434076,12.798940400241783,0.5332891833434076,0.37511461219235986,0.0,0.0,0.16365280575498908,0.0,0.0,0.670465545387665,0.0,557.5321302436521,-0.0160012062234668,0.032
raceline_xy,20260415_212047_eb9da4db,2656,85.02399999999419,234.41845877323857,-276.9110504403319,6.085972729536061,-0.035968172773286344,6.086079014777023,0.25358662561570927,-2.490347078475617,-0.02959651495513389,0.15217561720660217,0.7608780860330108,0.16997870565467288,0.007755473733300544,0.0,0.0,0.5407703460574036,12.785508529962648,0.532729522081777,12.785508529962648,0.532729522081777,12.785508529962648,0.532729522081777,0.3758795351224342,0.0,0.0,0.16312883152526153,0.0,0.0,0.6690588251998372,0.0,557.568886700679,-0.015335586036276308,0.032
raceline_xy,20260415_212047_eb9da4db,2657,85.05599999999419,234.2627742458211,-277.0280612598823,6.085967436944646,-0.03516095081419568,6.086069005196436,0.25358620854985153,-2.4912978743780023,-0.029705072011904664,0.1536829024983043,0.7684145124915215,0.17015231594068148,0.007828773731739513,0.0,0.0,0.5409263814889081,12.771879344439323,0.5321616393516385,12.771879344439323,0.5321616393516385,12.771879344439323,0.5321616393516385,0.37665771709144336,0.0,0.0,0.16259182688123758,0.0,0.0,0.6676392311029402,0.0,557.5778953232069,-0.015367263650773837,0.032
raceline_xy,20260415_212047_eb9da4db,2658,85.08799999999418,234.10699669267575,-277.14494896512076,6.085986860746937,-0.03425539473739958,6.086083264403549,0.2535868026834812,-2.4922389983368447,-0.02940564595357178,0.15531482755947293,0.7765741377973646,0.1703382759254639,0.007911993928123362,0.0,0.0,0.5410824604196595,12.758068436304647,0.5315861848460269,12.758068436304647,0.5315861848460269,12.758068436304647,0.5315861848460269,0.37744836019897754,0.0,0.0,0.16203501586065505,0.0,0.0,0.6662061672238996,0.0,557.5650620368053,-0.01589102049142868,0.032
raceline_xy,20260415_212047_eb9da4db,2659,85.11999999999418,233.95111838480545,-277.26170339485196,6.086010286486144,-0.033825719082918315,6.0861042865273545,0.25358767860530645,-2.4931674813244165,-0.0290128522209686,0.15708489660843278,0.7854244830421638,0.17053940839478576,0.008008128940865333,0.0,0.0,0.5412385834859654,12.744079028833092,0.5310032928680455,12.744079028833092,0.5310032928680455,12.744079028833092,0.5310032928680455,0.37825136982064134,0.0,0.0,0.16145648940022633,0.0,0.0,0.6647612402397176,0.0,557.5461421253806,-0.016493529020450738,0.032
raceline_xy,20260415_212047_eb9da4db,2660,85.15199999999417,233.79512855739654,-277.3783094494525,6.086021615804177,-0.034016989758186345,6.0861166817296475,0.25358819507206865,-2.494089113444229,-0.028799486982728113,0.15901169498304613,0.7950584749152306,0.1707496876707726,0.008111414574622167,0.0,0.0,0.5413947513243815,12.729914370344517,0.5304130987643548,12.729914370344517,0.5304130987643548,12.729914370344517,0.5304130987643548,0.3790666496020276,0.0,0.0,0.16085906745705086,0.0,0.0,0.6633056418944758,0.0,557.5349864433168,-0.01683928808771796,0.032
raceline_xy,20260415_212047_eb9da4db,2661,85.18399999999417,233.63902017098593,-277.49475659018,6.086015702229995,-0.034591673103544274,6.086114007446636,0.25358808364360985,-2.4950127140546297,-0.028860377367220403,0.16096095759288068,0.8048047879644034,0.17063972113499926,0.00770039343148321,0.0,0.0,0.541472852232122,12.722767343578454,0.5301153059824356,12.722767343578454,0.5301153059824356,12.722767343578454,0.5301153059824356,0.3794788602193284,0.0,0.0,0.16061551527699736,0.0,0.0,0.6647960701260962,0.0,557.5373932980268,-0.0007850077706549798,0.032
raceline_xy,20260415_212047_eb9da4db,2662,85.21599999999417,233.48280205832523,-277.61105475178454,6.085983201653269,-0.03461024251811606,6.08608161296683,0.2535867338736179,-2.495959662129735,-0.029587777785909354,0.15992329663991853,0.7996164831995926,0.1708282871580904,0.007778862011074139,0.0,0.0,0.5416290884227821,12.708345542334264,0.529514397597261,12.708345542334264,0.529514397597261,12.708345542334264,0.529514397597261,0.3803123844237515,0.0,0.0,0.16023014493057297,0.0,0.0,0.661107439393506,0.0,557.5665483298524,-0.015367124915107642,0.032
raceline_xy,20260415_212047_eb9da4db,2663,85.24799999999416,233.32667397235497,-277.72748220601505,6.086188876414219,-0.024867545534532187,6.086239679326562,0.25359331997194007,-2.496752074370563,-0.02478608668144397,0.15870303518179465,0.7935151759089732,0.1711790590646971,0.008012232333912017,0.0,0.0,0.5417853709780082,12.693786436760394,0.5289077681983497,12.693786436760394,0.5289077681983497,12.693786436760394,0.5289077681983497,0.38115620521913796,0.0,0.0,0.15975643900471176,0.0,0.0,0.6595480127566988,0.0,557.4242886060938,-0.02237752669394279,0.032
raceline_xy,20260415_212047_eb9da4db,2664,85.27999999999416,233.17039250930836,-277.84370690576765,6.086234016001073,-0.028225313217128623,6.086299464028594,0.2535958110011914,-2.4975057357346007,-0.023572607305241508,0.15770117358112076,0.7885058679056037,0.17157000323267546,0.008284746457150938,0.0,0.0,0.5419417005351991,12.679125164821201,0.5282968818675501,12.679125164821201,0.5282968818675501,12.679125164821201,0.5282968818675501,0.3820083537710115,0.0,0.0,0.1592451275912703,0.0,0.0,0.6580894141780854,0.0,557.3704823742653,-0.02379426319590292,0.032
raceline_xy,20260415_212047_eb9da4db,2665,85.31199999999416,233.01387599041502,-277.9596088000621,6.086082075204337,-0.03567033999939184,6.086186605689905,0.2535911085704127,-2.49833259178891,-0.02584167095774808,0.15709986842190102,0.785499342109505,0.17188699256552065,0.00848405799717833,0.0,0.0,0.5420979473956912,12.66438899402715,0.5276828747511312,12.66438899402715,0.5276828747511312,12.66438899402715,0.5276828747511312,0.38286729838396827,0.0,0.0,0.15875175865480623,0.0,0.0,0.6566722513030863,0.0,557.4720548790851,-0.020638311752775966,0.032
raceline_xy,20260415_212047_eb9da4db,2666,85.34399999999415,232.85715848724433,-278.07522648974907,6.08582159676846,-0.04081329250998422,6.085958448144295,0.25358160200601226,-2.499274241064069,-0.029411302471816548,0.1569261878593048,0.7846309392965239,0.17208925015645749,0.00856717381146277,0.0,0.0,0.5422536824428309,12.649588026103721,0.5270661677543217,12.649588026103721,0.5270661677543217,12.649588026103721,0.5270661677543217,0.3837324946892866,0.0,0.0,0.15829661037216328,0.0,0.0,0.6552453249749152,0.0,557.6773966701343,-0.01612999027959447,0.032
raceline_xy,20260415_212047_eb9da4db,2667,85.37599999999415,232.70032011750362,-278.19067033626095,6.085636878438027,-0.04119675353252017,6.085776317669469,0.25357401323622786,-2.5002978259185955,-0.03196504341107281,0.1569019319657503,0.7845096598287515,0.17221176722602394,0.00856878296963215,0.0,0.0,0.5424094658552083,12.634787309602409,0.5264494712334337,12.634787309602409,0.5264494712334337,12.634787309602409,0.5264494712334337,0.3846001661752676,0.0,0.0,0.15787605511000288,0.0,0.0,0.653783780068084,0.0,557.8413140974778,-0.013140158097891944,0.032
raceline_xy,20260415_212047_eb9da4db,2668,85.40799999999415,232.5434235133796,-278.3060326175596,6.085613049270467,-0.03800837522650058,6.085731740886905,0.2535721558702877,-2.501336271728322,-0.032433998135418037,0.1569228190579351,0.7846140952896754,0.17232337795970043,0.008555950230901388,0.0,0.0,0.542565298165103,12.620019974386253,0.5258341655994272,12.620019974386253,0.5258341655994272,12.620019974386253,0.5258341655994272,0.38546837191791106,0.0,0.0,0.15745644269101755,0.0,0.0,0.6522936731059378,0.0,557.8814332017854,-0.012875746002990188,0.032
raceline_xy,20260415_212047_eb9da4db,2669,85.43999999999414,232.38648448703896,-278.4213405082248,6.08569784517549,-0.034086387260278794,6.085793304456705,0.2535747210190294,-2.5023348498618825,-0.031197997157892312,0.1569625887751289,0.7848129438756444,0.17247934295525802,0.008583394360915264,0.0,0.0,0.5427211799051697,12.605318860496713,0.525221619187363,12.605318860496713,0.525221619187363,12.605318860496713,0.525221619187363,0.3863351657176075,0.0,0.0,0.15700980202115394,0.0,0.0,0.6508196933419168,0.0,557.8260259889652,-0.014697847446709935,0.032
raceline_xy,20260415_212047_eb9da4db,2670,85.47199999999414,232.22947694447686,-278.53656002833486,6.085801345679865,-0.031843946575039084,6.085884656811394,0.2535785273671414,-2.503277392901694,-0.02945519519662844,0.15706864917110888,0.7853432458555444,0.17269522417038274,0.008667272910436896,0.0,0.0,0.5428771116084354,12.590716514039698,0.5246131880849875,12.590716514039698,0.5246131880849875,12.590716514039698,0.5246131880849875,0.3871985965575173,0.0,0.0,0.15652698635393367,0.0,0.0,0.649386572986945,0.0,557.7438088697452,-0.01701557469251608,0.032
raceline_xy,20260415_212047_eb9da4db,2671,85.50399999999414,232.07235918703702,-278.6516326564483,6.0858638186272005,-0.03206640529932381,6.085948296956232,0.253581179039843,-2.5041838050309497,-0.02832890211757282,0.157317852178343,0.7865892608917149,0.17295025724806434,0.008785870034015986,0.0,0.0,0.5430330938082978,12.576205651197576,0.524008568799899,12.576205651197576,0.524008568799899,12.576205651197576,0.524008568799899,0.3880590566499329,0.0,0.0,0.15601604814161535,0.0,0.0,0.6479809458864676,0.0,557.6865327393906,-0.018433753359875862,0.032
raceline_xy,20260415_212047_eb9da4db,2672,85.53599999999413,231.91510138812637,-278.76651432186696,6.085862607292441,-0.03395990939697979,6.085957356923116,0.25358155653846315,-2.5050886401741774,-0.028277089843093205,0.15776855545136126,0.7888427772568063,0.1732088952812445,0.008905617133359467,0.0,0.0,0.543189127038521,12.56181472943511,0.5234089470597962,12.56181472943511,0.5234089470597962,12.56181472943511,0.5234089470597962,0.3889148147275976,0.0,0.0,0.1554946485269175,0.0,0.0,0.6466098855882657,0.0,557.6783787691955,-0.018455927294541617,0.032
raceline_xy,20260415_212047_eb9da4db,2673,85.56799999999413,231.75769854754924,-278.8811949997137,6.085810451728943,-0.03604922590461701,6.085917219373063,0.2535798841405443,-2.5060179703841374,-0.029037730236007284,0.15843665704501766,0.7921832852250883,0.17344488243881617,0.009001238800470102,0.0,0.0,0.5433452118332334,12.547558422418824,0.522814934267451,12.547558422418824,0.522814934267451,12.547558422418824,0.522814934267451,0.389764943648343,0.0,0.0,0.15497679849368765,0.0,0.0,0.6452599261433324,0.0,557.7145025642428,-0.017491234271428204,0.032
raceline_xy,20260415_212047_eb9da4db,2674,85.59999999999413,231.6001658520663,-278.9956941337955,6.085746643604415,-0.037183271730596434,6.0858602354834765,0.25357750981181154,-2.5069776513964674,-0.029982492977543067,0.15930184168445258,0.7965092084222628,0.1736527377387871,0.009066871503502938,0.0,0.0,0.5435013487269253,12.533437520968253,0.5222265633736772,12.533437520968253,0.5222265633736772,12.533437520968253,0.5222265633736772,0.3906093379604201,0.0,0.0,0.15446616786875814,0.0,0.0,0.6439151770251851,0.0,557.7657880648707,-0.01636590605169142,0.032
raceline_xy,20260415_212047_eb9da4db,2675,85.63199999999412,231.44252436649194,-279.1100413378542,6.085708769749106,-0.037068086057762795,6.085821659661509,0.2535759024858962,-2.5079560393582945,-0.03056630805312912,0.16033172151843328,0.8016586075921663,0.17384466047091562,0.00911415205761923,0.0,0.0,0.5436575382544458,12.519452808427726,0.521643867017822,12.519452808427726,0.521643867017822,12.519452808427726,0.521643867017822,0.3914478923123026,0.0,0.0,0.15395724322696483,0.0,0.0,0.6425713160033059,0.0,557.8005063046418,-0.0157508927268119,0.032
raceline_xy,20260415_212047_eb9da4db,2676,85.66399999999412,231.28478786300815,-279.2242571149056,6.085708299820911,-0.03617564569272247,6.085815819415702,0.2535756591423209,-2.5089354403908875,-0.03059976111632763,0.16150530197332863,0.8075265098666431,0.17403872277159138,0.00916076806446764,0.0,0.0,0.543813780951,12.505605060672895,0.5210668775280373,12.505605060672895,0.5210668775280373,12.505605060672895,0.5210668775280373,0.3922805014744166,0.0,0.0,0.15344104315976417,0.0,0.0,0.6412335387878922,0.0,557.8057625258681,-0.015842113104194772,0.032
raceline_xy,20260415_212047_eb9da4db,2677,85.69599999999411,231.12695753194896,-279.33834418217475,6.085731640836971,-0.03526178816367054,6.085833796448006,0.2535764081853336,-2.509903496062069,-0.030247947544337343,0.16282301456369183,0.8141150728184591,0.17424732783656705,0.009219072441327025,0.0,0.0,0.543970077352146,12.491948757783629,0.5204978649076512,12.491948757783629,0.5204978649076512,12.491948757783629,0.5204978649076512,0.3931038178127193,0.0,0.0,0.15291225560505523,0.0,0.0,0.6399321686967356,0.0,557.789583196794,-0.016393260343286524,0.032
raceline_xy,20260415_212047_eb9da4db,2678,85.72799999999411,230.96902506071643,-279.4522910754579,6.085756971300187,-0.034870917399395296,6.085856874311874,0.2535773697629948,-2.5108583271955176,-0.029836701216532625,0.16430173136035714,0.8215086568017856,0.17447213755053248,0.00929093961319305,0.0,0.0,0.5441264279937925,12.47843749828316,0.5199348957617983,12.47843749828316,0.5199348957617983,12.47843749828316,0.5199348957617983,0.39392056525407604,0.0,0.0,0.15236833144975753,0.0,0.0,0.6386360013468021,0.0,557.7688131193129,-0.016979635587098658,0.032
raceline_xy,20260415_212047_eb9da4db,2679,85.75999999999411,230.81097998383822,-279.5660824346028,6.085768466951335,-0.03510127261327023,6.085869694027163,0.25357790391779844,-2.511806469181999,-0.029628206877116325,0.1659619698944333,0.8298098494721664,0.17470633036667493,0.009369830203395324,0.0,0.0,0.544282833412196,12.465077701511127,0.5193782375629636,12.465077701511127,0.5193782375629636,12.465077701511127,0.5193782375629636,0.39473029225634715,0.0,0.0,0.15181236720557814,0.0,0.0,0.6373626500886247,0.0,557.7572753755533,-0.017151357089569174,0.032
raceline_xy,20260415_212047_eb9da4db,2680,85.7919999999941,230.65281614223062,-279.67970848557854,6.0857619474252695,-0.03567756180612358,6.0858665257419045,0.2535777719059127,-2.512756960008497,-0.02970091644102035,0.16761588689380974,0.8380794344690486,0.1749406889759917,0.009444901218409463,0.0,0.0,0.5444387458945237,12.451846479571987,0.5188269366488328,12.451846479571987,0.5188269366488328,12.451846479571987,0.5188269366488328,0.395534326761088,0.0,0.0,0.15126133461702732,0.0,0.0,0.6360982486623401,0.0,557.7601268322856,-0.017040142271545124,0.032
raceline_xy,20260415_212047_eb9da4db,2681,85.8239999999941,230.49453535693632,-279.79317089586937,6.085746824312322,-0.036136899467415606,6.085854113033817,0.2535772547097424,-2.5137142520001508,-0.029912588450621988,0.16794007920654128,0.8397003960327063,0.17482960815492765,0.009000109820503255,0.0,0.0,0.5445166002827376,12.445285631220258,0.5185535679675107,12.445285631220258,0.5185535679675107,12.445285631220258,0.5185535679675107,0.39593379368529025,0.0,0.0,0.15114574940046938,0.0,0.0,0.6375373341618197,0.0,557.771298269564,-0.0005269728704845721,0.032
raceline_xy,20260415_212047_eb9da4db,2682,85.8559999999941,230.33615184522048,-279.9064881378183,6.085717787149692,-0.035735676610918254,6.085822707195222,0.2535759461331342,-2.5146933137677934,-0.030591470560874884,0.16700086322365554,0.8350043161182776,0.1750397904265788,0.009046290865623696,0.0,0.0,0.5446723505230714,12.432290541489973,0.5180121058954156,12.432290541489973,0.5180121058954156,12.432290541489973,0.5180121058954156,0.3967265449541135,0.0,0.0,0.15078312759520204,0.0,0.0,0.6342491643790273,0.0,557.7995635243,-0.015402122285080012,0.032
raceline_xy,20260415_212047_eb9da4db,2683,85.8879999999941,230.1778629156957,-280.01994688157265,6.085940985417676,-0.02545353532752559,6.08599421298175,0.2535830922075729,-2.515509478439588,-0.0255280710218871,0.1658186177723517,0.8290930888617585,0.1754211010558797,0.009255687308014071,0.0,0.0,0.5448281562742459,12.419469107251835,0.5174778794688265,12.419469107251835,0.5174778794688265,12.419469107251835,0.5174778794688265,0.3975106960462318,0.0,0.0,0.15034190506054104,0.0,0.0,0.6329537207750304,0.0,557.6452083164247,-0.022729701287277713,0.032
raceline_xy,20260415_212047_eb9da4db,2684,85.91999999999409,230.01942426048598,-280.13320031355806,6.08599677644195,-0.02870283831304965,6.086064460370842,0.2535860191821184,-2.5162803474402704,-0.024110791471308367,0.1648085395970322,0.8240426979851609,0.17584944856233298,0.009510693082820154,0.0,0.0,0.5449840178073154,12.406826862468279,0.5169511192695116,12.406826862468279,0.5169511192695116,12.406826862468279,0.5169511192695116,0.39828583348927227,0.0,0.0,0.14987090123210745,0.0,0.0,0.6317828240036935,0.0,557.5819856662416,-0.02444667864541222,0.032
raceline_xy,20260415_212047_eb9da4db,2685,85.95199999999409,229.86075142302693,-280.24611931560867,6.085845518452829,-0.036335436295876544,6.085953987535824,0.253581416147326,-2.5171223894501944,-0.026317544477574024,0.1641307000764738,0.820653500382369,0.17620599252132108,0.009694834867878477,0.0,0.0,0.5451399353936698,12.394369026649308,0.5164320427770545,12.394369026649308,0.5164320427770545,12.394369026649308,0.5164320427770545,0.39905156038284995,0.0,0.0,0.14942696361355498,0.0,0.0,0.6306745379397498,0.0,557.6814112177583,-0.021416701897536226,0.032
raceline_xy,20260415_212047_eb9da4db,2686,85.98399999999408,229.70187538261897,-280.35873905908,6.085572371567677,-0.04179550782361918,6.085715894951233,0.25357149562296805,-2.518081958777751,-0.029972856854565896,0.1637501764703923,0.8187508823519615,0.1764438962614694,0.009760023967807285,0.0,0.0,0.5452959093050339,12.382097122310203,0.5159207134295918,12.382097122310203,0.5159207134295918,12.382097122310203,0.5159207134295918,0.39980770541485633,0.0,0.0,0.14903660271435915,0.0,0.0,0.6295811753352525,0.0,557.8956945438902,-0.016754601867665385,0.032
raceline_xy,20260415_212047_eb9da4db,2687,86.01599999999408,229.5428749832233,-280.4711721601885,6.085369509313763,-0.042429494163273684,6.085517424743814,0.25356322603099224,-2.5191287706256285,-0.032691965126060804,0.16354112896589298,0.8177056448294648,0.17659546242848245,0.009737197018572008,0.0,0.0,0.5454519398134657,12.370024258559507,0.5154176774399795,12.370024258559507,0.5154176774399795,12.370024258559507,0.5154176774399795,0.40055338058749435,0.0,0.0,0.14868641739411712,0.0,0.0,0.6284554285654796,0.0,558.0743177305673,-0.013515365773379636,0.032
raceline_xy,20260415_212047_eb9da4db,2688,86.04799999999408,229.38381481942415,-280.5835176756784,6.085336343962102,-0.03925735410122444,6.0854629699799405,0.25356095708249754,-2.5201944093151543,-0.03328418477251995,0.163394331533144,0.81697165766572,0.1767321281693386,0.00969581267236519,0.0,0.0,0.5456080271913557,12.35813992412001,0.5149224968383338,12.35813992412001,0.5149224968383338,12.35813992412001,0.5149224968383338,0.4012891550931643,0.0,0.0,0.1483416680184231,0.0,0.0,0.6272981810612345,0.0,558.1233270180531,-0.013065278113974729,0.032
raceline_xy,20260415_212047_eb9da4db,2689,86.07999999999407,229.22471352201356,-280.69580837429834,6.085423483546088,-0.03515305064278795,6.085525015236048,0.25356354230150197,-2.5212207085168936,-0.03206423683141477,0.16327905014091593,0.8163952507045796,0.17691261282700932,0.009694018392622183,0.0,0.0,0.5457641717114252,12.346442424422456,0.5144351010176024,12.346442424422456,0.5144351010176024,12.346442424422456,0.5144351010176024,0.4020150573194061,0.0,0.0,0.14797307714056288,0.0,0.0,0.6261559657114353,0.0,558.0674862875568,-0.014842237259423845,0.032
raceline_xy,20260415_212047_eb9da4db,2690,86.11199999999407,229.06554682186905,-280.8080117915122,6.085535317210395,-0.03267141966870346,6.08562301812051,0.2535676257550213,-2.522188430384011,-0.03024192472598927,0.16324210442724352,0.8162105221362176,0.17715550948234338,0.009751033644090246,0.0,0.0,0.545920373646726,12.334930097926303,0.5139554207469293,12.334930097926303,0.5139554207469293,12.334930097926303,0.5139554207469293,0.40273111536970907,0.0,0.0,0.14756963696571898,0.0,0.0,0.6250531729693312,0.0,557.9792836915402,-0.01723299345230538,0.032
raceline_xy,20260415_212047_eb9da4db,2691,86.14399999999407,228.90627310932595,-280.920067228098,6.085606493974598,-0.032731332980208805,6.0856945158021585,0.2535706048250899,-2.523116330714723,-0.02900054534732745,0.16336370809589243,0.8168185404794621,0.17744090818069225,0.00984808473144172,0.0,0.0,0.5460766332706383,12.323601315623588,0.5134833881509828,12.323601315623588,0.5134833881509828,12.323601315623588,0.5134833881509828,0.4034373570571548,0.0,0.0,0.14713869800322005,0.0,0.0,0.6239901856872078,0.0,557.9149357780569,-0.018762389135788614,0.032
raceline_xy,20260415_212047_eb9da4db,2692,86.17599999999406,228.74686138350475,-281.03192706301826,6.085611013067911,-0.03459237177903285,6.085709328793049,0.2535712220330437,-2.5240397976570277,-0.028859798891321103,0.16370729852241048,0.8185364926120523,0.17773252085971736,0.00994976609590914,0.0,0.0,0.5462329508568703,12.31248288998134,0.5130201204158892,12.31248288998134,0.5130201204158892,12.31248288998134,0.5130201204158892,0.4041320329178073,0.0,0.0,0.1466973711215053,0.0,0.0,0.6229714454847848,0.0,557.9016040862552,-0.01885671881983147,0.032
raceline_xy,20260415_212047_eb9da4db,2693,86.20799999999406,228.58730527425084,-281.1435787177816,6.085560114679806,-0.03674668049315377,6.085671058142148,0.2535696274225895,-2.524986688447436,-0.029587162270271885,0.16429298259966935,0.8214649129983467,0.17800224433801226,0.010028203577514105,0.0,0.0,0.5463893266794565,12.301574209951198,0.5125655920812999,12.301574209951198,0.5125655920812999,12.301574209951198,0.5125655920812999,0.4048150987271555,0.0,0.0,0.1462595258426004,0.0,0.0,0.6219774090980837,0.0,557.9360476720668,-0.017891713081701136,0.032
raceline_xy,20260415_212047_eb9da4db,2694,86.23999999999405,228.4276192507903,-281.2550412178527,6.085494128933499,-0.03796735072861379,6.0856125667845005,0.25356719028268754,-2.525964349621649,-0.030545029473475274,0.16510236759169383,0.8255118379584692,0.17824306617674468,0.010076034205396933,0.0,0.0,0.5465457610127571,12.290840454168599,0.512118352257025,12.290840454168599,0.512118352257025,12.290840454168599,0.512118352257025,0.40548866078469503,0.0,0.0,0.14582851391794938,0.0,0.0,0.6209815407182283,0.0,557.9886898939492,-0.0166379939417037,0.032
raceline_xy,20260415_212047_eb9da4db,2695,86.27199999999405,228.26782458033483,-281.36634560550505,6.085453545378941,-0.03789269657680805,6.085571518716955,0.2535654799465398,-2.5269616807816764,-0.031158782951162443,0.16600442763521348,0.8300221381760673,0.1784666335269156,0.010102615700120943,0.0,0.0,0.5467017276857736,12.280250674347073,0.511677111431128,12.280250674347073,0.511677111431128,12.280250674347073,0.511677111431128,0.406154601140186,0.0,0.0,0.14540464665359218,0.0,0.0,0.6199767577342629,0.0,558.0256331547405,-0.015847818205226395,0.032
raceline_xy,20260415_212047_eb9da4db,2696,86.30399999999405,228.1079366792064,-281.47751571336363,6.085453898557951,-0.03692670171055035,6.085565933647699,0.25356524723532076,-2.5279598567915755,-0.03118690446016933,0.16696038017905648,0.8348019008952824,0.1786921782849724,0.010127431427185307,0.0,0.0,0.5468574293164148,12.269812238791882,0.5112421766163284,12.269812238791882,0.5112421766163284,12.269812238791882,0.5112421766163284,0.4068124017049364,0.0,0.0,0.14497978209982623,0.0,0.0,0.6189801184324195,0.0,558.0306597170709,-0.015909014635966504,0.032
raceline_xy,20260415_212047_eb9da4db,2697,86.33599999999404,227.94795851282083,-281.5885571491934,6.085482851769449,-0.03584696340503113,6.085588430379217,0.25356618459913405,-2.528944412843323,-0.03076414914191671,0.16801624129427353,0.8400812064713676,0.17893423456856583,0.010166006191294041,0.0,0.0,0.5470131893615618,12.25953880664106,0.5108141169433775,12.25953880664106,0.5108141169433775,12.25953880664106,0.5108141169433775,0.40746114337735984,0.0,0.0,0.1445438316458539,0.0,0.0,0.6180036094741912,0.0,558.0104126587041,-0.01651832423831583,0.032
raceline_xy,20260415_212047_eb9da4db,2698,86.36799999999404,227.78788141339976,-281.6994575464899,6.085514852322777,-0.03533747868125525,6.085617450615891,0.2535673937756621,-2.529912807235484,-0.030261272086071638,0.1691909106215457,0.8459545531077285,0.17919508518303884,0.010220880607506366,0.0,0.0,0.5471690079217618,12.249427171464525,0.5103927988110218,12.249427171464525,0.5103927988110218,12.249427171464525,0.5103927988110218,0.4081009688793076,0.0,0.0,0.14409493131814685,0.0,0.0,0.6170482075473867,0.0,557.9842944456974,-0.01718575931223724,0.032
raceline_xy,20260415_212047_eb9da4db,2699,86.39999999999404,227.62769376363158,-281.81019918608155,6.085531143108641,-0.035543638821719625,6.085634941730062,0.2535681225720859,-2.5308723512585303,-0.029985292267734227,0.1705087358252723,0.8525436791263614,0.17946706579939775,0.010284742296233773,0.0,0.0,0.5473248850978135,12.23947415168863,0.5099780896536928,12.23947415168863,0.5099780896536928,12.23947415168863,0.5099780896536928,0.4087320216621788,0.0,0.0,0.14363610160252016,0.0,0.0,0.6161142971327525,0.0,557.9685524429441,-0.017534126045858665,0.032
raceline_xy,20260415_212047_eb9da4db,2700,86.43199999999403,227.46738843994416,-281.92077036529696,6.085526548016695,-0.03616825327113249,6.085634026883368,0.2535680844534737,-2.5318333457773807,-0.030029869185823517,0.17198608758212314,0.8599304379106156,0.17973963645088098,0.010347289300163265,0.0,0.0,0.5474808209907676,12.229676589877283,0.5095698579115534,12.229676589877283,0.5095698579115534,12.229676589877283,0.5095698579115534,0.40935444589503645,0.0,0.0,0.1431720948477234,0.0,0.0,0.6151987615599435,0.0,557.9693758049682,-0.01747040780540605,0.032
raceline_xy,20260415_212047_eb9da4db,2701,86.46399999999403,227.30696550549712,-282.0311700147372,6.085508346416757,-0.036768975902996104,6.085619425489649,0.2535674760620687,-2.5328025915908086,-0.03028652110017198,0.17203177699907785,0.8601588849953892,0.17964788326924674,0.009888534804431082,0.0,0.0,0.5475588109877301,12.224814230279236,0.5093672595949682,12.224814230279236,0.5093672595949682,12.224814230279236,0.5093672595949682,0.40966379758156135,0.0,0.0,0.1431048893757152,0.0,0.0,0.6162653612353167,0.0,557.9825170593153,-0.000752554851427634,0.032
raceline_xy,20260415_212047_eb9da4db,2702,86.49599999999403,227.14643931951457,-282.1414174083688,6.0854735301367,-0.03647048261752284,6.085582813675021,0.25356595056979253,-2.5337962540251144,-0.031047794606418558,0.17090217114748454,0.8545108557374227,0.17988830813367285,0.009915759313105177,0.0,0.0,0.5477148351460575,12.21525463269197,0.5089689430288321,12.21525463269197,0.5089689430288321,12.21525463269197,0.5089689430288321,0.4102728744285571,0.0,0.0,0.1428251117967154,0.0,0.0,0.6138615770287285,0.0,558.0154676924806,-0.015604535998626764,0.032
raceline_xy,20260415_212047_eb9da4db,2703,86.52799999999402,226.98600468529278,-282.25180795329766,6.0857033465379065,-0.026105065724450593,6.085759336066383,0.25357330566943265,-2.5346275980124062,-0.02600076985801556,0.16954375513006523,0.847718775650326,0.18029871288801624,0.010105388777221336,0.0,0.0,0.5478709182750139,12.20584461537495,0.5085768589739562,12.20584461537495,0.5085768589739562,12.20584461537495,0.5085768589739562,0.4108735612645149,0.0,0.0,0.14246811625946584,0.0,0.0,0.6128926489926788,0.0,557.8565975402548,-0.02288420210236104,0.032
raceline_xy,20260415_212047_eb9da4db,2704,86.55999999999402,226.82542408397592,-282.3619901977283,6.085762128474272,-0.029272358413578115,6.085832527710469,0.25357635532126954,-2.535413231427955,-0.024570718383429068,0.168374311435766,0.84187155717883,0.18075604771761578,0.010340783529477537,0.0,0.0,0.54802706047653,12.196581424222941,0.5081908926759559,12.196581424222941,0.5081908926759559,12.196581424222941,0.5081908926759559,0.4114659832904799,0.0,0.0,0.14208082243911735,0.0,0.0,0.6120465211309551,0.0,557.7907250605775,-0.024587406986937864,0.032
raceline_xy,20260415_212047_eb9da4db,2705,86.59199999999402,226.6646156677339,-282.47183346733925,6.085611508996363,-0.036827111866348794,6.085722937712283,0.2535717890713451,-2.5362688441115626,-0.026741385709132048,0.16755569645103205,0.8377784822551602,0.18114223030049992,0.010506222374374374,0.0,0.0,0.5481832618527877,12.187463580561527,0.507810982523397,12.187463580561527,0.507810982523397,12.187463580561527,0.507810982523397,0.4120501857985377,0.0,0.0,0.14171762101913646,0.0,0.0,0.6112572443723164,0.0,557.8893560589453,-0.02157188880510778,0.032
raceline_xy,20260415_212047_eb9da4db,2706,86.62399999999401,226.50360943579153,-282.58137305261397,6.0853386222187895,-0.04223540935248993,6.085485188287853,0.2535618828453272,-2.5372405594768086,-0.030353381555300145,0.16705476902917132,0.8352738451458566,0.18141180401514312,0.010555550979946648,0.0,0.0,0.5483395225062198,12.178489631005824,0.507437067958576,12.178489631005824,0.507437067958576,12.178489631005824,0.507437067958576,0.41262621371743613,0.0,0.0,0.14140318642803407,0.0,0.0,0.6104773772880563,0.0,558.1033305409318,-0.016931259722395293,0.032
raceline_xy,20260415_212047_eb9da4db,2707,86.65599999999401,226.342481558955,-282.690722341077,6.085136287912332,-0.04285195905970296,6.085287169301275,0.2535536320542198,-2.5382983777630894,-0.033037387944290744,0.16674743867146838,0.8337371933573419,0.18159683164857698,0.010518738626487778,0.0,0.0,0.5484958425395101,12.16965814706975,0.5070690894612396,12.16965814706975,0.5070690894612396,12.16965814706975,0.5070690894612396,0.4131941116089082,0.0,0.0,0.14112414095483036,0.0,0.0,0.6096547690023615,0.0,558.2815476288519,-0.013700791979009315,0.032
raceline_xy,20260415_212047_eb9da4db,2708,86.687999999994,226.1812943630122,-282.7999811153866,6.08510418741873,-0.03968536593442451,6.085233594531134,0.2535513997721306,-2.539374379902222,-0.03360926153165808,0.16652598611464714,0.8326299305732356,0.1817670131248348,0.010463674340829066,0.0,0.0,0.5486522220555935,12.161014040696124,0.5067089183623384,12.161014040696124,0.5067089183623384,12.161014040696124,0.5067089183623384,0.4137509375321837,0.0,0.0,0.14084890084487284,0.0,0.0,0.6088177230442446,0.0,558.3297649219788,-0.013239562243514295,0.032
raceline_xy,20260415_212047_eb9da4db,2709,86.719999999994,226.02006581805875,-282.90918249263933,6.085193124330825,-0.035588834135583,6.08529719286727,0.25355404970280293,-2.5404107713259902,-0.03238019668797461,0.16636078476599386,0.8318039238299693,0.1819806988014716,0.010448123089088046,0.0,0.0,0.5488086611576551,12.152514325638613,0.5063547635682756,12.152514325638613,0.5063547635682756,12.152514325638613,0.5063547635682756,0.4142994070266006,0.0,0.0,0.14054828747420522,0.0,0.0,0.6079784607088483,0.0,558.2725264194563,-0.014986535251329886,0.032
raceline_xy,20260415_212047_eb9da4db,2710,86.751999999994,225.85877255123555,-283.01829396074885,6.0853071376245875,-0.033100746115309665,6.085397161945812,0.2535582150810755,-2.5413883942274804,-0.03055135218330536,0.16629754743667427,0.8314877371833713,0.1822564123521877,0.0104898878074553,0.0,0.0,0.5489647539079365,12.144132484116458,0.5060055201715191,12.144132484116458,0.5060055201715191,12.144132484116458,0.5060055201715191,0.41484118997413333,0.0,0.0,0.140211223014856,0.0,0.0,0.6071642310821763,0.0,558.182554248769,-0.01720003455140406,0.032
raceline_xy,20260415_212047_eb9da4db,2711,86.783999999994,225.6973746361312,-283.12725476924555,6.0853803598560665,-0.033127875391052886,6.08547053071904,0.2535612721132933,-2.5423259189265455,-0.02930113673568307,0.16636571246141024,0.8318285623070512,0.18257434606032907,0.010570104497813038,0.0,0.0,0.5491204446625747,12.135865122481668,0.5056610467700695,12.135865122481668,0.5056610467700695,12.135865122481668,0.5056610467700695,0.41537646982140375,0.0,0.0,0.13984785150029302,0.0,0.0,0.6063825863319946,0.0,558.1165223528634,-0.01870120493583772,0.032
raceline_xy,20260415_212047_eb9da4db,2712,86.81599999999399,225.5358440195801,-283.236019837319,6.085389610185752,-0.03485233266883503,6.085489412762884,0.2535620588651202,-2.5432569344733684,-0.029095926844286725,0.16660832761938135,0.8330416380969067,0.18290007100133332,0.010656692387294608,0.0,0.0,0.5492761944149789,12.127735088567494,0.5053222953569789,12.127735088567494,0.5053222953569789,12.127735088567494,0.5053222953569789,0.4159037285912355,0.0,0.0,0.13947489128713292,0.0,0.0,0.6056357856677758,0.0,558.0995285134038,-0.01884585049841955,0.032
raceline_xy,20260415_212047_eb9da4db,2713,86.84799999999399,225.37417421382548,-283.34457600575615,6.085344428164991,-0.036904325837945784,6.085456329533904,0.253560680397246,-2.544208739631955,-0.029741511473294742,0.16704568973163833,0.8352284486581916,0.18320603654705048,0.01072235506058794,0.0,0.0,0.5494320031063425,12.119741915939809,0.504989246497492,12.119741915939809,0.504989246497492,12.119741915939809,0.504989246497492,0.41642295475756574,0.0,0.0,0.13910550860816248,0.0,0.0,0.6049067451170892,0.0,558.1293034194861,-0.017951272465737377,0.032
raceline_xy,20260415_212047_eb9da4db,2714,86.87999999999398,225.21237810762054,-283.4529407222022,6.085282791514932,-0.03810361955482833,6.0854020851979,0.25355842021657915,-2.5451893805511814,-0.030639235189833722,0.1676615311474848,0.8383076557374239,0.18348449963627234,0.010759048711265429,0.0,0.0,0.5495878706779739,12.11188514161822,0.5046618809007591,12.11188514161822,0.5046618809007591,12.11188514161822,0.5046618809007591,0.4169341373145845,0.0,0.0,0.13874400397933517,0.0,0.0,0.6041835319651168,0.0,558.17812332189,-0.01680840553003344,0.032
raceline_xy,20260415_212047_eb9da4db,2715,86.91199999999398,225.05047541202845,-283.56114388283095,6.085244095559144,-0.03806912676970908,6.085363174121199,0.2535567989217166,-2.5461889167904044,-0.031228752241107466,0.16842519672331865,0.8421259836165932,0.18374592242631627,0.010776716116410956,0.0,0.0,0.549743797071295,12.104164306192637,0.5043401794246932,12.104164306192637,0.5043401794246932,12.104164306192637,0.5043401794246932,0.41743726576731666,0.0,0.0,0.13838590260872274,0.0,0.0,0.6034607107160461,0.0,558.2131432909202,-0.016111477495490727,0.032
raceline_xy,20260415_212047_eb9da4db,2716,86.94399999999398,224.8884800795166,-283.66920793520194,6.085243083850788,-0.03719944059697777,6.085356783947395,0.2535565326644748,-2.547190089618068,-0.03128124559784319,0.1693152305423226,0.8465761527116129,0.18400794337763804,0.010790580856196996,0.0,0.0,0.5498997822278436,12.096547759735603,0.5040228233223168,12.096547759735603,0.5040228233223168,12.096547759735603,0.5040228233223168,0.4179343676048983,0.0,0.0,0.13802220685962893,0.0,0.0,0.6027297327645237,0.0,558.2188944473442,-0.016108254765091916,0.032
raceline_xy,20260415_212047_eb9da4db,2717,86.97599999999397,224.72639456612842,-283.77713778984696,6.0852681957407695,-0.03622916342047988,6.085376041492939,0.2535573350622058,-2.5481798393965676,-0.03092660086420651,0.17033081156106308,0.8516540578053153,0.18428088947368426,0.01081497977619783,0.0,0.0,0.5500558260892741,12.089098727720383,0.5037124469883493,12.089098727720383,0.5037124469883493,12.089098727720383,0.5037124469883493,0.4184212771119502,0.0,0.0,0.13764926778794875,0.0,0.0,0.6020347054487782,0.0,558.2015626563546,-0.016596175433207884,0.032
raceline_xy,20260415_212047_eb9da4db,2718,87.00799999999397,224.56421198830205,-283.88492326479746,6.085297620757286,-0.035730740355301105,6.085402519061547,0.25355843829423114,-2.549155161674724,-0.030477589073391806,0.17148826302492043,0.8574413151246021,0.18457003194641075,0.010853610652101775,0.0,0.0,0.5502119285973576,12.081787123360549,0.5034077968066896,12.081787123360549,0.5034077968066896,12.081787123360549,0.5034077968066896,0.41889991735842447,0.0,0.0,0.13726319466159778,0.0,0.0,0.6013489252229629,0.0,558.1777328446075,-0.017164642060839192,0.032
raceline_xy,20260415_212047_eb9da4db,2719,87.03999999999397,224.4019227202874,-283.9925490444689,6.085314393956098,-0.035850284090554574,6.085419995050354,0.2535591664604314,-2.550121780178358,-0.030206204568179684,0.1728089624071399,0.8640448120356994,0.1848696467036568,0.010900710862907559,0.0,0.0,0.5503680896939837,12.074606692430596,0.5031086121846081,12.074606692430596,0.5031086121846081,12.074606692430596,0.5031086121846081,0.4193706601816185,0.0,0.0,0.1368659995210799,0.0,0.0,0.6006801371285313,0.0,558.162004454681,-0.017479289289023984,0.032
raceline_xy,20260415_212047_eb9da4db,2720,87.07199999999396,224.23952056678272,-284.1000045084104,6.085313115737426,-0.03635289820506182,6.085421698598532,0.2535592374416055,-2.5510884654539456,-0.030207790813870743,0.17430785643218683,0.8715392821609341,0.1851707479941651,0.01094747129746354,0.0,0.0,0.5505243093211609,12.067556026196232,0.502814834424843,12.067556026196232,0.502814834424843,12.067556026196232,0.502814834424843,0.4198335620066773,0.0,0.0,0.13646163685015752,0.0,0.0,0.6000274328751282,0.0,558.1604712613207,-0.01744135808779589,0.032
raceline_xy,20260415_212047_eb9da4db,2721,87.10399999999396,224.0770052518445,-284.2072881332716,6.085299425554033,-0.036862097238858915,6.085411071806168,0.2535587946585903,-2.552061363789365,-0.030401029369801436,0.17306890590473606,0.8653445295236802,0.18510051426620322,0.010481181479433221,0.0,0.0,0.5506024410656165,12.064078920440672,0.5026699550183613,12.064078920440672,0.5026699550183613,12.064078920440672,0.5026699550183613,0.42006209008521944,0.0,0.0,0.13649140378078078,0.0,0.0,0.6008048423388169,0.0,558.1700353744486,-0.0008584490064529344,0.032
raceline_xy,20260415_212047_eb9da4db,2722,87.13599999999396,223.9143898154,-284.3144180543582,6.085269007454736,-0.036536121545862166,6.085378688402782,0.25355744535011593,-2.5530568791336625,-0.03110628193870506,0.17181317731904971,0.8590658865952485,0.18537567626281026,0.01049863075293489,0.0,0.0,0.5507587483801486,12.057220306333843,0.5023841794305768,12.057220306333843,0.5023841794305768,12.057220306333843,0.5023841794305768,0.42051333546926717,0.0,0.0,0.136267442457702,0.0,0.0,0.5990791230803489,0.0,558.1991804374956,-0.015673648181234328,0.032
raceline_xy,20260415_212047_eb9da4db,2723,87.16799999999395,223.75186160164412,-284.4216906457998,6.085500947348031,-0.0262438273011516,6.085557535562801,0.2535648973151167,-2.5538901399436984,-0.026059471700732032,0.17035270648474504,0.8517635324237252,0.18582026542093422,0.0106779665906509,0.0,0.0,0.5509151140807792,12.050498823396602,0.5021041176415251,12.050498823396602,0.5021041176415251,12.050498823396602,0.5021041176415251,0.42095616767546806,0.0,0.0,0.13596655154479245,0.0,0.0,0.5983728343401526,0.0,558.0382179934788,-0.022910646744434396,0.032
raceline_xy,20260415_212047_eb9da4db,2724,87.19999999999395,223.58919085156745,-284.52875128078165,6.085560450956675,-0.029431738541689345,6.0856316212437305,0.25356798421848875,-2.554677917536088,-0.02463654728743945,0.1691067856553844,0.845533928276922,0.1863110249273361,0.010902380268180245,0.0,0.0,0.5510715381099396,12.043932261587056,0.5018305108994606,12.043932261587056,0.5018305108994606,12.043932261587056,0.5018305108994606,0.42138937647221075,0.0,0.0,0.1356353830963169,0.0,0.0,0.5977965610532157,0.0,557.9715408806421,-0.02457061334700201,0.032
raceline_xy,20260415_212047_eb9da4db,2725,87.23199999999395,223.42629908929885,-284.6354689571155,6.085409944788864,-0.03696163124427132,6.085522192739046,0.25356342469746024,-2.555535526607052,-0.026803616922879563,0.16827274097020978,0.8413637048510488,0.1867302694441344,0.011055871531618244,0.0,0.0,0.551227820170027,12.037478546762948,0.5015616061151228,12.037478546762948,0.5015616061151228,12.037478546762948,0.5015616061151228,0.4218157032616321,0.0,0.0,0.13532394578687454,0.0,0.0,0.5972610895735464,0.0,558.070026534858,-0.021452232118904548,0.032
raceline_xy,20260415_212047_eb9da4db,2726,87.26399999999394,223.26321613161176,-284.74188034443114,6.085138000941586,-0.042318894552697106,6.085285151851105,0.25355354799379604,-2.5565086587794976,-0.03039858073101421,0.16785545474747393,0.8392772737373696,0.18703298717433503,0.011091267665416904,0.0,0.0,0.5513835093925934,12.031114225928125,0.5012964260803385,12.031114225928125,0.5012964260803385,12.031114225928125,0.5012964260803385,0.4222366720544306,0.0,0.0,0.13505335999034548,0.0,0.0,0.5967223033502244,0.0,558.2833633340052,-0.016742906465821612,0.032
raceline_xy,20260415_212047_eb9da4db,2727,87.29599999999394,223.10001689544012,-284.84810190827665,6.084939948096868,-0.042835428462175695,6.0850907179660565,0.253545446581919,-2.557566280551569,-0.03303278314163173,0.16758786551616772,0.8379393275808386,0.18725230207940768,0.01104171253285946,0.0,0.0,0.5515392559807402,12.024870151241302,0.5010362563017209,12.024870151241302,0.5010362563017209,12.024870151241302,0.5010362563017209,0.42265021625325305,0.0,0.0,0.1348188958251251,0.0,0.0,0.5961476511436948,0.0,558.4583538305487,-0.013543403309108387,0.032
raceline_xy,20260415_212047_eb9da4db,2728,87.32799999999393,222.93676203439927,-284.9542351384283,6.084914014226088,-0.03956526627979873,6.0850426433034,0.253543443470975,-2.5586396786925967,-0.03352941850626276,0.16735996481327903,0.8367998240663951,0.18745871606474163,0.010975924506088308,0.0,0.0,0.551695059748002,12.018745285119774,0.5007810535466573,12.018745285119774,0.5007810535466573,12.018745285119774,0.5007810535466573,0.4230563753132661,0.0,0.0,0.13458831140469915,0.0,0.0,0.5955375642089235,0.0,558.5016210269392,-0.013145335588183097,0.032
raceline_xy,20260415_212047_eb9da4db,2729,87.35999999999393,222.77346797043123,-285.06031202910395,6.085007366320568,-0.03543112057878206,6.085110517688322,0.25354627157034676,-2.559671459845384,-0.03223719467494466,0.16714263972718102,0.8357131986359051,0.18771015097797594,0.01095130207315842,0.0,0.0,0.5518509205078629,12.012738589812077,0.5005307745755032,12.012738589812077,0.5005307745755032,12.012738589812077,0.5005307745755032,0.42345518952010996,0.0,0.0,0.13433427947898322,0.0,0.0,0.5949368761113085,0.0,558.44053408051,-0.014941884677421854,0.032
raceline_xy,20260415_212047_eb9da4db,2730,87.39199999999393,222.61011105056966,-285.1662981058384,6.085123419958201,-0.03296650346325336,6.085212718260093,0.2535505299275039,-2.5606435152542417,-0.030377895457234575,0.16698408473462356,0.8349204236731178,0.18802405357687313,0.010985959109567567,0.0,0.0,0.5520068380737564,12.006849027431425,0.5002853761429761,12.006849027431425,0.5002853761429761,12.006849027431425,0.5002853761429761,0.4238466999770929,0.0,0.0,0.1340469960285511,0.0,0.0,0.5943695686853298,0.0,558.3485535659163,-0.0173074295227011,0.032
raceline_xy,20260415_212047_eb9da4db,2731,87.42399999999392,222.44665210626073,-285.27213112943,6.085197112693208,-0.033044022956730146,6.08528683036247,0.2535536179317696,-2.561575367967704,-0.029124101151254526,0.16696442931685934,0.8348221465842967,0.18837974984099626,0.011059283036002121,0.0,0.0,0.5521628122590687,12.001059122332205,0.5000441300971752,12.001059122332205,0.5000441300971752,12.001059122332205,0.5000441300971752,0.424232043232347,0.0,0.0,0.13373355875631254,0.0,0.0,0.5938289515295042,0.0,558.2818526737764,-0.018783130173471076,0.032
raceline_xy,20260415_212047_eb9da4db,2732,87.45599999999392,222.28306263198485,-285.37776324894463,6.085203295642684,-0.034889168063971354,6.085303312354181,0.2535543046814242,-2.562502504935927,-0.028974713133547797,0.16714582396160374,0.8357291198080187,0.18874014036982478,0.011135366618836517,0.0,0.0,0.5523188428771392,11.995371827239683,0.49980715946832016,11.995371827239683,0.49980715946832016,11.995371827239683,0.49980715946832016,0.42461099971340444,0.0,0.0,0.13341019933470472,0.0,0.0,0.5933143526348422,0.0,558.2670188812364,-0.018822298748374558,0.032
raceline_xy,20260415_212047_eb9da4db,2733,87.48799999999392,222.11933749424063,-285.4831828212384,6.085154482949234,-0.03698842076054687,6.0852668983888885,0.25355278743287035,-2.5634523664806075,-0.029680781281498182,0.16754686130954524,0.8377343065477262,0.189076230628467,0.011188225201228974,0.0,0.0,0.552474929741263,11.989826436881327,0.49957610153672194,11.989826436881327,0.49957610153672194,11.989826436881327,0.49957610153672194,0.4249809235888313,0.0,0.0,0.13309149789867036,0.0,0.0,0.5928298391879189,0.0,558.29979145,-0.01782018300886125,0.032
raceline_xy,20260415_212047_eb9da4db,2734,87.51999999999391,221.95549089439672,-285.58841022239756,6.085091837186283,-0.03813235341859533,6.085211314602672,0.253550471441778,-2.564431754921813,-0.03060029460292758,0.1681482397096203,0.8407411985481015,0.18938362778792417,0.01121101142671943,0.0,0.0,0.5526310726646922,11.984392311529898,0.4993496796470791,11.984392311529898,0.4993496796470791,11.984392311529898,0.4993496796470791,0.4253438307702413,0.0,0.0,0.13277936591364461,0.0,0.0,0.5923381244566667,0.0,558.3498168575948,-0.01662232347382838,0.032
raceline_xy,20260415_212047_eb9da4db,2735,87.55199999999391,221.79154294690474,-285.69347745224184,6.085055685270323,-0.03798574254305587,6.08517424643512,0.25354892693479664,-2.5654291687804136,-0.031162838648902746,0.16891732443305005,0.8445866221652502,0.18967438460592634,0.011215181986208744,0.0,0.0,0.5527872714606382,11.97906808529154,0.4991278368871475,11.97906808529154,0.4991278368871475,11.97906808529154,0.4991278368871475,0.42569978855284196,0.0,0.0,0.13246865455652873,0.0,0.0,0.591843253149659,0.0,558.3831782083919,-0.015932206400911142,0.032
raceline_xy,20260415_212047_eb9da4db,2736,87.5839999999939,221.627507134873,-285.79840729998807,6.085059133338125,-0.037013499291130625,6.085171703029546,0.2535488209595644,-2.5664264112703554,-0.031158939708437975,0.16983251503073646,0.8491625751536822,0.1899670776155049,0.011218889124695153,0.0,0.0,0.5529435259422726,11.973852409809158,0.4989105170753816,11.973852409809158,0.4989105170753816,11.973852409809158,0.4989105170753816,0.4260488638798585,0.0,0.0,0.13215077590353308,0.0,0.0,0.591350286197179,0.0,558.3854672734086,-0.015970271567649606,0.032
raceline_xy,20260415_212047_eb9da4db,2737,87.6159999999939,221.463385109183,-285.903203625797,6.085088419962254,-0.03599241863432745,6.0851948640087015,0.25354978600036254,-2.567410433985361,-0.030748119852303992,0.170894043681292,0.8544702184064599,0.19027479383207524,0.011235136954681924,0.0,0.0,0.5530998359227293,11.9687439539641,0.4986976647485042,11.9687439539641,0.4986976647485042,11.9687439539641,0.4986976647485042,0.42639112334094786,0.0,0.0,0.131819288421834,0.0,0.0,0.5908677296480178,0.0,558.3646223921683,-0.01649593145941498,0.032
raceline_xy,20260415_212047_eb9da4db,2738,87.6479999999939,221.29916941009697,-286.0078548450724,6.085120565301864,-0.035496518713864944,6.0852240958818005,0.253551003995075,-2.5683789063883715,-0.030263912461734318,0.17211925658897867,0.8605962829448933,0.19059962757513738,0.01126621196549582,0.0,0.0,0.5532562012151063,11.96374329084854,0.4984893037853559,11.96374329084854,0.4984893037853559,11.96374329084854,0.4984893037853559,0.4267265065315109,0.0,0.0,0.13147267504577076,0.0,0.0,0.5904015581177514,0.0,558.3383137063792,-0.017073799649759,0.032
raceline_xy,20260415_212047_eb9da4db,2739,87.6799999999939,221.13485034187062,-286.11234481121704,6.0851386153527995,-0.035643943120639676,6.085243007369465,0.25355179197372774,-2.5693383261729226,-0.02998151887463688,0.17352959583887506,0.8676479791943753,0.19093476667541864,0.01130557266192378,0.0,0.0,0.5534126216324675,11.958874223249683,0.4982864259687368,11.958874223249683,0.4982864259687368,11.958874223249683,0.4982864259687368,0.42705339299088463,0.0,0.0,0.13111415415228514,0.0,0.0,0.5899619969076034,0.0,558.321293367481,-0.017367548739340637,0.032
raceline_xy,20260415_212047_eb9da4db,2740,87.71199999999389,220.97042206580716,-286.2166629813877,6.085137891414342,-0.036166305756581085,6.085245365570616,0.253551890232109,-2.570297887199275,-0.02998538073126993,0.17310701733171746,0.8655350866585872,0.1909000474518434,0.010845100655140882,0.0,0.0,0.5534908524545906,11.956478365959669,0.4981865985816529,11.956478365959669,0.4981865985816529,11.956478365959669,0.4981865985816529,0.4272143589882922,0.0,0.0,0.13110199332149564,0.0,0.0,0.5905026246975269,0.0,558.3191709864452,-0.0012189631909347836,0.032
raceline_xy,20260415_212047_eb9da4db,2741,87.74399999999389,220.80589330243538,-286.3208209307872,6.085110467309028,-0.036106462942889106,6.085217586579805,0.25355073277415857,-2.5712789148889685,-0.03065447571123819,0.17186959853960274,0.8593479926980137,0.19121570902154028,0.010859253232955446,0.0,0.0,0.553646611685203,11.951727991937307,0.49798866633072114,11.951727991937307,0.49798866633072114,11.951727991937307,0.49798866633072114,0.42753374650387066,0.0,0.0,0.1309065245646454,0.0,0.0,0.5893087191830332,0.0,558.3441720781749,-0.015696765183876752,0.032
raceline_xy,20260415_212047_eb9da4db,2742,87.77599999999389,220.64144286681736,-286.425112958947,6.085335967437319,-0.026242073450277292,6.085392549622848,0.25355802290095203,-2.572103199622508,-0.025777570070133732,0.17041975367023707,0.8520987683511853,0.19169460468457622,0.011029123171290678,0.0,0.0,0.5538023620010798,11.947076450004364,0.49779485208351515,11.947076450004364,0.49779485208351515,11.947076450004364,0.49779485208351515,0.42784678961185874,0.0,0.0,0.13063807828498286,0.0,0.0,0.5887984233327741,0.0,558.1867053394362,-0.022659564014676264,0.032
raceline_xy,20260415_212047_eb9da4db,2743,87.80799999999388,220.47685415859334,-286.5291908563644,6.085391807500927,-0.029447084909935306,6.0854630540008285,0.25356096058336786,-2.5728854657455775,-0.024462733974717,0.16913958977430263,0.8456979488715131,0.19221571733841802,0.011240194705414375,0.0,0.0,0.5539581660242401,11.94252620717485,0.49760525863228544,11.94252620717485,0.49760525863228544,11.94252620717485,0.49760525863228544,0.4281533034739109,0.0,0.0,0.13034333913321666,0.0,0.0,0.5884052686618865,0.0,558.123251399254,-0.024156312908988606,0.032
raceline_xy,20260415_212047_eb9da4db,2744,87.83999999999388,220.3120548953725,-286.63292853743343,6.085243830796443,-0.03676575343562494,6.085354895227711,0.2535564539678213,-2.57373722693214,-0.026620443664284246,0.16818092474816154,0.8409046237408077,0.1926652763396257,0.01138096154057111,0.0,0.0,0.5541140234634302,11.938076741604501,0.49741986423352086,11.938076741604501,0.49741986423352086,11.938076741604501,0.49741986423352086,0.42845330461446895,0.0,0.0,0.13007306175083497,0.0,0.0,0.5880628044171671,0.0,558.2205942950595,-0.021111403073294947,0.032
raceline_xy,20260415_212047_eb9da4db,2745,87.87199999999388,220.14707478937743,-286.736364626186,6.084982558364398,-0.041884554474188374,6.085126707925024,0.2535469461635427,-2.574701281325691,-0.03011584505108076,0.1675068208386356,0.837534104193178,0.19300118673238398,0.011408632895626436,0.0,0.0,0.5542699340271632,11.933727536329744,0.4972386473470727,11.933727536329744,0.4972386473470727,11.933727536329744,0.4972386473470727,0.4287468097310376,0.0,0.0,0.12984933135410082,0.0,0.0,0.5877236638957956,0.0,558.4259628674778,-0.016570316380731823,0.032
raceline_xy,20260415_212047_eb9da4db,2746,87.90399999999387,219.981984233313,-286.8396131613291,6.084794326156418,-0.0423206433557759,6.084941497539592,0.25353922906414966,-2.5757467891273045,-0.03265578272239725,0.16699472477444413,0.8349736238722206,0.19325631031474177,0.01135398141868782,0.0,0.0,0.554425897423721,11.929476976802405,0.4970615407001002,11.929476976802405,0.4970615407001002,11.929476976802405,0.4970615407001002,0.4290339101858609,0.0,0.0,0.12965872127992703,0.0,0.0,0.5873385908401725,0.0,558.5926522143665,-0.013464531448549966,0.032
raceline_xy,20260415_212047_eb9da4db,2747,87.93599999999387,219.81683957022472,-286.94277242357765,6.084770859542638,-0.03912966088089753,6.084896674841727,0.2535373614517386,-2.5768072182874144,-0.03312539369090434,0.16654050642538748,0.8327025321269373,0.19349889187929348,0.011281350330359707,0.0,0.0,0.5545819133611568,11.925292086034517,0.4968871702514382,11.925292086034517,0.4968871702514382,11.925292086034517,0.4968871702514382,0.42931681916603903,0.0,0.0,0.12946965745258612,0.0,0.0,0.586905374436204,0.0,558.6329926424453,-0.01306684953541979,0.032
raceline_xy,20260415_212047_eb9da4db,2748,87.96799999999386,219.65165606802012,-287.0458735093661,6.084861998043136,-0.03510994935200573,6.084963290256812,0.25354013709403384,-2.5778269686168347,-0.0318617484030497,0.1661168623952967,0.8305843119764834,0.19378379991076278,0.011248568485186183,0.0,0.0,0.5547379815472981,11.92122094518015,0.49671753938250623,11.92122094518015,0.49671753938250623,11.92122094518015,0.49671753938250623,0.42959227102379804,0.0,0.0,0.12925768830569134,0.0,0.0,0.5864964590032065,0.0,558.5730387688692,-0.014794482343438255,0.032
raceline_xy,20260415_212047_eb9da4db,2749,87.99999999999386,219.48641150174274,-287.1488827399111,6.084975298894006,-0.032705456436219915,6.085063190717981,0.2535442996132492,-2.578788434137989,-0.030046848916209762,0.16577084467677208,0.8288542233838604,0.19412828585398012,0.01127319795764059,0.0,0.0,0.5548941016897488,11.917258433003333,0.4965524347084722,11.917258433003333,0.4965524347084722,11.917258433003333,0.4965524347084722,0.4298605937037454,0.0,0.0,0.12901317340657434,0.0,0.0,0.5861178250368795,0.0,558.4831283538168,-0.017076121345525677,0.032
raceline_xy,20260415_212047_eb9da4db,2750,88.03199999999386,219.32106911127445,-287.25173930224526,6.085048040070593,-0.03276111388150671,6.085136230237555,0.2535473429265648,-2.579710445689546,-0.028816243597799822,0.1655804428094664,0.827902214047332,0.19451336185473345,0.011336364159991508,0.0,0.0,0.5550502734958918,11.913391184558208,0.496391299356592,11.913391184558208,0.496391299356592,11.913391184558208,0.496391299356592,0.4301226756352916,0.0,0.0,0.12874248331071378,0.0,0.0,0.5857659004887761,0.0,558.4173927862004,-0.01849942494748223,0.032
raceline_xy,20260415_212047_eb9da4db,2751,88.06399999999385,219.15560216131706,-287.3543964369982,6.085055942672189,-0.03452960625565016,6.085153910884941,0.25354807962020587,-2.580627332682358,-0.028654285178048664,0.16560634581099717,0.8280317290549858,0.1949038468253943,0.011403694085643679,0.0,0.0,0.5552064966728908,11.909618005813964,0.49623408357558185,11.909618005813964,0.49623408357558185,11.909618005813964,0.49623408357558185,0.4303785827138715,0.0,0.0,0.12846067856153814,0.0,0.0,0.5854373018380892,0.0,558.4014802035529,-0.018533443311896484,0.032
raceline_xy,20260415_212047_eb9da4db,2752,88.09599999999385,218.9900058758977,-287.45684279564665,6.085011042978716,-0.03654722671722421,6.08512079526394,0.25354669980266414,-2.581565686615221,-0.02932143868565934,0.16586703861122506,0.8293351930561252,0.19527293328367357,0.011448552792368893,0.0,0.0,0.5553627709276944,11.905937715792593,0.4960807381580247,11.905937715792593,0.4960807381580247,11.905937715792593,0.4960807381580247,0.4306283805390585,0.0,0.0,0.12818017546954108,0.0,0.0,0.5851211331322209,0.0,558.4312842624537,-0.017558838942268985,0.032
raceline_xy,20260415_212047_eb9da4db,2753,88.12799999999385,218.82429364533982,-287.559098355471,6.084952746035999,-0.037642723967179936,6.085069177598453,0.25354454906660223,-2.582532150185707,-0.030196963876764554,0.1663441361449913,0.8317206807249564,0.19561431715799982,0.011464254290265874,0.0,0.0,0.555519095967037,11.902349146322734,0.49593121443011395,11.902349146322734,0.49593121443011395,11.902349146322734,0.49593121443011395,0.4308721344150346,0.0,0.0,0.127904457204484,0.0,0.0,0.5848054194648377,0.0,558.4777401613918,-0.01639307599127986,0.032
raceline_xy,20260415_212047_eb9da4db,2754,88.15999999999384,218.65848441695667,-287.6611944774095,6.084919622999002,-0.03748984398469579,6.085035111382704,0.253543129640946,-2.5835156446348098,-0.03072850312054806,0.1670061086863505,0.8350305434317524,0.19593961109821345,0.011461834196538678,0.0,0.0,0.5556754714974418,11.898856601498547,0.49578569172910614,11.898856601498547,0.49578569172910614,11.898856601498547,0.49578569172910614,0.4311095380980605,0.0,0.0,0.12762874211137223,0.0,0.0,0.5844875529563315,0.0,558.5083997555657,-0.015717350562041037,0.032
raceline_xy,20260415_212047_eb9da4db,2755,88.19199999999384,218.49259091076175,-287.76315353245167,6.084924293934694,-0.03653687862777266,6.085033985641863,0.25354308273507764,-2.584498584769575,-0.03071251026298512,0.16782651145074576,0.8391325572537287,0.19626676901997175,0.011458760802147694,0.0,0.0,0.555831873687661,11.89546369689209,0.49564432070383707,11.89546369689209,0.49564432070383707,11.89546369689209,0.49564432070383707,0.43134033170405983,0.0,0.0,0.1273452327623112,0.0,0.0,0.5841726105182674,0.0,558.5094129223226,-0.015746070186452955,0.032
raceline_xy,20260415_212047_eb9da4db,2756,88.22399999999384,218.32661473276187,-287.86497938964254,6.084953703080097,-0.03553497454474819,6.085057460948424,0.25354406087285103,-2.585468341376334,-0.03030262111967201,0.16861785419531197,0.8430892709765598,0.1966084591901378,0.011465461387556442,0.0,0.0,0.555987610468573,11.89212603208681,0.49550525133695045,11.89212603208681,0.49550525133695045,11.89212603208681,0.49550525133695045,0.431567524565696,0.0,0.0,0.1270570503035296,0.0,0.0,0.5838494322577502,0.0,558.4882851464178,-0.016151956272680273,0.032
raceline_xy,20260415_212047_eb9da4db,2757,88.25599999999383,218.16054897702412,-287.9666608835979,6.08498584776546,-0.03503678324929771,6.085086716201044,0.25354527984171016,-2.5864227364797756,-0.029824159847266263,0.16953338459366205,0.8476669229683101,0.19696663396017744,0.011486363045373427,0.0,0.0,0.5561433963145289,11.888876157305788,0.49536983988774114,11.888876157305788,0.49536983988774114,11.888876157305788,0.49536983988774114,0.4317888911842238,0.0,0.0,0.12675601074317247,0.0,0.0,0.5835504265338564,0.0,558.4619554190601,-0.01669916343515213,0.032
raceline_xy,20260415_212047_eb9da4db,2758,88.28799999999383,217.99438562548383,-288.06818410402667,6.085006519378762,-0.03510122693304707,6.0851077588662505,0.2535461566194271,-2.5873670783131475,-0.029510576986917895,0.170592056160084,0.85296028080042,0.19733571385262527,0.011516166425565189,0.0,0.0,0.5562992308591405,11.885713682397753,0.4952380700999064,11.885713682397753,0.4952380700999064,11.885713682397753,0.4952380700999064,0.4320044463305779,0.0,0.0,0.12644422792084917,0.0,0.0,0.583265137187981,0.0,558.4430170203741,-0.017022275752439052,0.032
raceline_xy,20260415_212047_eb9da4db,2759,88.31999999999383,217.8281189764637,-288.1695384236498,6.085009769675264,-0.035550391160625416,6.085113616634868,0.2535464006931195,-2.588310015028826,-0.029466275988695587,0.1718082411626445,0.8590412058132225,0.1977068400383244,0.011546232236335552,0.0,0.0,0.556455113735614,11.882638221825069,0.49510992590937786,11.882638221825069,0.49510992590937786,11.882638221825069,0.49510992590937786,0.4322142048303905,0.0,0.0,0.12612554627636333,0.0,0.0,0.5829920239321728,0.0,558.4377450286181,-0.01700329018465878,0.032
raceline_xy,20260415_212047_eb9da4db,2760,88.35199999999382,217.66174850950094,-288.27072183039,6.085000313529935,-0.03603112681877141,6.085106988193325,0.2535461245080552,-2.5892579655960635,-0.02962215186043675,0.17079419910994414,0.8539709955497207,0.197703601871412,0.011084357187359561,0.0,0.0,0.556533073183566,11.881133002689666,0.49504720844540273,11.881133002689666,0.49504720844540273,11.881133002689666,0.49504720844540273,0.4323169149851749,0.0,0.0,0.12614948311349242,0.0,0.0,0.5833382658433065,0.0,558.443710626007,-0.0010895526852558995,0.032
raceline_xy,20260415_212047_eb9da4db,2761,88.38399999999382,217.49528594652773,-288.37175194369865,6.084974421158767,-0.03572165967753538,6.085079271720837,0.25354496965503487,-2.5902271720130194,-0.03028503294066025,0.1694232790530272,0.8471163952651359,0.19805005778335705,0.011086455830498831,0.0,0.0,0.5566890278692153,11.878187350787726,0.4949244729494886,11.878187350787726,0.4949244729494886,11.878187350787726,0.4949244729494886,0.4325180064254037,0.0,0.0,0.1259869418193256,0.0,0.0,0.5826058450059186,0.0,558.468655451246,-0.015298824430785826,0.032
raceline_xy,20260415_212047_eb9da4db,2762,88.41599999999382,217.3289005957471,-288.4729198132971,6.085197255380155,-0.025840771722974942,6.085252121512256,0.2535521717296773,-2.5910406155068095,-0.025437318310894595,0.16784081151082034,0.8392040575541017,0.19855829317247098,0.011242042562116694,0.0,0.0,0.5568450299679888,11.87531087743233,0.4948046198930138,11.87531087743233,0.4948046198930138,11.87531087743233,0.4948046198930138,0.43271449270239604,0.0,0.0,0.12575194585254004,0.0,0.0,0.5822629033527077,0.0,558.3130906389692,-0.02221988421411638,0.032
raceline_xy,20260415_212047_eb9da4db,2763,88.44799999999381,217.16238492053233,-288.57387753051927,6.085256424990758,-0.028884415085917325,6.08532497631196,0.2535552073463317,-2.5918103207613674,-0.02406911410120411,0.16644659092582953,0.8322329546291476,0.19911007172477735,0.011439352730703067,0.0,0.0,0.5570010791116986,11.87250691716087,0.49468778821503623,11.87250691716087,0.49468778821503623,11.87250691716087,0.49468778821503623,0.43290613755799123,0.0,0.0,0.12548862035109165,0.0,0.0,0.5820320074343031,0.0,558.2475213192355,-0.023795082630800313,0.032
raceline_xy,20260415_212047_eb9da4db,2764,88.47999999999381,216.99566851371154,-288.67449721898464,6.085117819030737,-0.036079282643182164,6.08522477695947,0.2535510323733113,-2.5926467029839095,-0.026139921443771877,0.1653939578322809,0.8269697891614044,0.19959155336259915,0.011568775783225238,0.0,0.0,0.5571571749317654,11.869800075031286,0.4945750031263036,11.869800075031286,0.4945750031263036,11.869800075031286,0.4945750031263036,0.4330912493828678,0.0,0.0,0.1252478541363585,0.0,0.0,0.5818583786412679,0.0,558.3377007364763,-0.02087389573016308,0.032
raceline_xy,20260415_212047_eb9da4db,2765,88.5119999999938,216.82877863139493,-288.7748153011107,6.08486619027544,-0.041188170015852066,6.085005589061229,0.25354189954421785,-2.5935933472876975,-0.029572807703989675,0.16464963952917466,0.8232481976458733,0.19996071806001137,0.011586664599977148,0.0,0.0,0.5573133170592216,11.867178353445375,0.49446576472689063,11.867178353445375,0.49446576472689063,11.867178353445375,0.49446576472689063,0.43327063831558954,0.0,0.0,0.12505112044893485,0.0,0.0,0.5816843118966338,0.0,558.5349698448936,-0.016425234344883428,0.032
raceline_xy,20260415_212047_eb9da4db,2766,88.5439999999938,216.66178208919715,-288.87494447702096,6.084681808360552,-0.04170945428776607,6.084824762273012,0.25353436509470884,-2.5946211935822747,-0.032105115755015734,0.16409409032226221,0.820470451611311,0.20024885141728266,0.011522017514621119,0.0,0.0,0.5574695051247147,11.864637521540018,0.4943598967308341,11.864637521540018,0.4943598967308341,11.864637521540018,0.4943598967308341,0.43344458473260117,0.0,0.0,0.12488573806422493,0.0,0.0,0.5814639615683275,0.0,558.6977139542887,-0.013344112188160333,0.032
raceline_xy,20260415_212047_eb9da4db,2767,88.5759999999938,216.4947329469888,-288.97498302931194,6.084656465861277,-0.03863031572572817,6.084779092854606,0.25353246220227527,-2.5956652773809967,-0.03261542004902601,0.16362417331788767,0.8181208665894383,0.20052261315723596,0.011439737504822745,0.0,0.0,0.5576257387585102,11.862176249093565,0.4942573437122319,11.862176249093565,0.4942573437122319,11.862176249093565,0.4942573437122319,0.4336131711571105,0.0,0.0,0.12472179416487673,0.0,0.0,0.5812074425213922,0.0,558.7388164308543,-0.012915292911566505,0.032
raceline_xy,20260415_212047_eb9da4db,2768,88.6079999999938,216.327646360463,-289.0749629932932,6.084743846923537,-0.034685498964317496,6.084842706801241,0.25353511278338503,-2.5966706016398273,-0.03141106102374666,0.16321171377326457,0.8160585688663228,0.2008375217338001,0.01139476035118614,0.0,0.0,0.5577820175904948,11.859793218366232,0.49415805076525965,11.859793218366232,0.49415805076525965,11.859793218366232,0.49415805076525965,0.43377647969976696,0.0,0.0,0.12453359104456296,0.0,0.0,0.580955524184319,0.0,558.6815638788829,-0.014595887639556587,0.032
raceline_xy,20260415_212047_eb9da4db,2769,88.63999999999379,216.16050157543575,-289.174851709852,6.084854445294112,-0.03229473308426023,6.0849401451617,0.2535391727150708,-2.597619186995823,-0.029643940386161468,0.16290203076831544,0.8145101538415772,0.2012109441431078,0.011405004396353835,0.0,0.0,0.5579383412501796,11.857487123842908,0.4940619634934545,11.857487123842908,0.4940619634934545,11.857487123842908,0.4940619634934545,0.43393459206069984,0.0,0.0,0.12431167031062662,0.0,0.0,0.5807310468632576,0.0,558.5938693544696,-0.016852537465506457,0.032
raceline_xy,20260415_212047_eb9da4db,2770,88.67199999999379,215.9932635721498,-289.2745887936872,6.084926590957409,-0.03232055488695584,6.085012426906682,0.2535421844544451,-2.598529038942429,-0.028435690785164433,0.16277156851316366,0.8138578425658183,0.20162378361543043,0.011452403367874453,0.0,0.0,0.5580947093667027,11.855259814498481,0.4939691589374367,11.855259814498481,0.4939691589374367,11.855259814498481,0.4939691589374367,0.434087373921761,0.0,0.0,0.12406287369341931,0.0,0.0,0.5805358691561477,0.0,558.5288157839855,-0.018288653105591652,0.032
raceline_xy,20260415_212047_eb9da4db,2771,88.70399999999378,215.82590652504066,-289.3741271679795,6.084935878772205,-0.03405366483054806,6.085031166794272,0.25354296528309467,-2.599433831198172,-0.028275917583846497,0.16284547180886388,0.8142273590443194,0.20204151887971378,0.011502085485536107,0.0,0.0,0.558250749539072,11.853092841262065,0.4938788683859194,11.853092841262065,0.4938788683859194,11.853092841262065,0.4938788683859194,0.43423608425942106,0.0,0.0,0.12380338713218657,0.0,0.0,0.5803550704210596,0.0,558.5119498851552,-0.018331450294032825,0.032
raceline_xy,20260415_212047_eb9da4db,2772,88.73599999999378,215.65842543141432,-289.47345473167263,6.084893215398878,-0.03606104189511994,6.085000069149537,0.25354166954789736,-2.600360051448842,-0.028942120660620907,0.16310917338877845,0.8155458669438922,0.20243743518962987,0.011527831658527887,0.0,0.0,0.5584065537319907,11.850987257625814,0.4937911357344089,11.850987257625814,0.4937911357344089,11.850987257625814,0.4937911357344089,0.4343806452303407,0.0,0.0,0.12354731347429211,0.0,0.0,0.5801844547868028,0.0,558.5399377654165,-0.017341530375345995,0.032
raceline_xy,20260415_212047_eb9da4db,2773,88.76799999999378,215.49083307201187,-289.572591341565,6.084837231934121,-0.0371596909342613,6.084950696740445,0.2535396123641852,-2.6013144150932366,-0.02981890486574365,0.16355825643463154,0.8177912821731577,0.20280514978123998,0.011523793935215743,0.0,0.0,0.5585624007227192,11.848955406763789,0.49370647528182454,11.848955406763789,0.49370647528182454,11.848955406763789,0.49370647528182454,0.43452020341935027,0.0,0.0,0.12329768958523818,0.0,0.0,0.5800169417757695,0.0,558.5843729335991,-0.01622126367606626,0.032
raceline_xy,20260415_212047_eb9da4db,2774,88.79999999999377,215.3231479193477,-289.6715689273261,6.08480661396094,-0.0370031067286023,6.084919125116649,0.25353829687986035,-2.602285663090287,-0.030345947010601535,0.16415989811727402,0.82079949058637,0.20315645994543985,0.01150124242854833,0.0,0.0,0.5587182900245369,11.846997156494108,0.49362488152058787,11.846997156494108,0.49362488152058787,11.846997156494108,0.49362488152058787,0.4346547615894587,0.0,0.0,0.12304961166374906,0.0,0.0,0.5798436380295297,0.0,558.6127873950157,-0.015604245260035204,0.032
raceline_xy,20260415_212047_eb9da4db,2775,88.83199999999377,215.15538172540877,-289.77040911119053,6.084812547858052,-0.03608005731280084,6.084919515745996,0.25353831315608316,-2.6032566047367816,-0.030337597454036892,0.16489326849582153,0.8244663424791077,0.2035089086480193,0.01147737887847633,0.0,0.0,0.558874221150087,11.845112380451297,0.49354634918547075,11.845112380451297,0.49354634918547075,11.845112380451297,0.49354634918547075,0.4347843223415624,0.0,0.0,0.12279515289172778,0.0,0.0,0.5796699790207753,0.0,558.6124358286029,-0.015679254655673682,0.032
raceline_xy,20260415_212047_eb9da4db,2776,88.86399999999377,214.98753548599134,-289.869114796549,6.084841704550198,-0.03513789607783746,6.08494315841768,0.25353929826740335,-2.6042152631194,-0.029955621493448843,0.16575862268418778,0.8287931134209389,0.20387449555741366,0.011464191200348584,0.0,0.0,0.5590301936113824,11.843300958077975,0.49347087325324895,11.843300958077975,0.49347087325324895,11.843300958077975,0.49347087325324895,0.4349088881135428,0.0,0.0,0.12252854174877431,0.0,0.0,0.579503964339805,0.0,558.5911574240878,-0.016204517609483233,0.032
raceline_xy,20260415_212047_eb9da4db,2777,88.89599999999376,214.8196022228801,-289.96767415711093,6.084872727067817,-0.03471019419229959,6.084971725669282,0.2535404885695534,-2.605159890523286,-0.029518528591634202,0.1667721638580105,0.8338608192900524,0.20425473474207934,0.01146252916160817,0.0,0.0,0.5591862069198092,11.841549564479742,0.4933978985199892,11.841549564479742,0.4933978985199892,11.841549564479742,0.4933978985199892,0.4350293700947012,0.0,0.0,0.12224832728982696,0.0,0.0,0.5793449682766617,0.0,558.5654468976455,-0.01676518120277394,0.032
raceline_xy,20260415_212047_eb9da4db,2778,88.92799999999376,214.65157322018916,-290.0660713759592,6.084890140911959,-0.034892595168118934,6.084990182421425,0.2535412576008927,-2.606096947531759,-0.029282292266803712,0.16795352166424732,0.8397676083212365,0.2046428649844465,0.011466108401200437,0.0,0.0,0.5593422605861313,11.839860505833965,0.4933275210764152,11.839860505833965,0.4933275210764152,11.839860505833965,0.4933275210764152,0.43514560510677525,0.0,0.0,0.12195726361247364,0.0,0.0,0.5791985634559915,0.0,558.5488358207172,-0.01704934141382179,0.032
raceline_xy,20260415_212047_eb9da4db,2779,88.95999999999376,214.48344336942452,-290.16429636109444,6.084889980702286,-0.035420329223339486,6.084993071234622,0.2535413779681092,-2.607035215466648,-0.02931961668929467,0.16847911962050308,0.8423955981025153,0.20466528754016267,0.01099757147903535,0.0,0.0,0.5594203024004477,11.839043713742154,0.4932934880725897,11.839043713742154,0.4932934880725897,11.839043713742154,0.4932934880725897,0.43520182834547594,0.0,0.0,0.12190126878452473,0.0,0.0,0.5793948633254308,0.0,558.5462358888401,-0.0013128204472627348,0.032
raceline_xy,20260415_212047_eb9da4db,2780,88.99199999999375,214.31522080864553,-290.2623608493736,6.084864542506179,-0.03537066706552228,6.084967344590897,0.2535403060246207,-2.6079952225244787,-0.029997472496943026,0.16693222689277773,0.8346611344638886,0.20503076617592697,0.010975860975677154,0.0,0.0,0.5595764156849443,11.837469877360437,0.4932279115566849,11.837469877360437,0.4932279115566849,11.837469877360437,0.4932279115566849,0.43531018881393635,0.0,0.0,0.12176765796045454,0.0,0.0,0.5790139664510621,0.0,558.5693898681924,-0.01553630156174354,0.032
raceline_xy,20260415_212047_eb9da4db,2781,89.02399999999375,214.1470691303489,-290.360557660309,6.0850834450054565,-0.02576782873150707,6.085138002845705,0.2535474167852377,-2.608803091170933,-0.025261282451263144,0.16520213868787592,0.8260106934393796,0.20555381026832098,0.011104746139189103,0.0,0.0,0.5597325681015517,11.835969001063912,0.49316537504432967,11.835969001063912,0.49316537504432967,11.835969001063912,0.49316537504432967,0.43541355863597797,0.0,0.0,0.12156243753119306,0.0,0.0,0.578809914276311,0.0,558.4157974388654,-0.02235953755911874,0.032
raceline_xy,20260415_212047_eb9da4db,2782,89.05599999999374,213.9787885037435,-290.4585377218084,6.085138126893614,-0.028973389992342558,6.085207102531678,0.2535502959388199,-2.609571493255581,-0.024026344784321762,0.16368409202007667,0.8184204601003833,0.20611558616012493,0.011271568039775914,0.0,0.0,0.5598887591588894,11.83454093868341,0.4931058724451421,11.83454093868341,0.4931058724451421,11.83454093868341,0.4931058724451421,0.43551194323437814,0.0,0.0,0.1213303289424092,0.0,0.0,0.5787161866332483,0.0,558.3536077214895,-0.023819362501153855,0.032
raceline_xy,20260415_212047_eb9da4db,2783,89.08799999999374,213.81031288870187,-290.55617545859,6.084995106155571,-0.03618427664572321,6.08510268966873,0.25354594540286374,-2.6104094912492792,-0.026189168814798925,0.16252741898572134,0.8126370949286067,0.20660483176374855,0.01136727651063607,0.0,0.0,0.5600449883649743,11.833185541004504,0.49304939754185434,11.833185541004504,0.49304939754185434,11.833185541004504,0.49304939754185434,0.43560534847599897,0.0,0.0,0.12112052174456155,0.0,0.0,0.5786692695272544,0.0,558.4475792981425,-0.020841862831341394,0.032
raceline_xy,20260415_212047_eb9da4db,2784,89.11999999999374,213.64167014930953,-290.65351013589134,6.084742598529152,-0.04122010434121348,6.084882216391472,0.25353675901631134,-2.6113586481595013,-0.02965113072113036,0.16169679647656204,0.8084839823828102,0.20698067888429694,0.01135032023474336,0.0,0.0,0.5602012552272237,11.831902655786692,0.4929959439911122,11.831902655786692,0.4929959439911122,11.831902655786692,0.4929959439911122,0.43569378066969655,0.0,0.0,0.12095410312594017,0.0,0.0,0.5786230197687037,0.0,558.6460052476747,-0.01641738264969323,0.032
raceline_xy,20260415_212047_eb9da4db,2785,89.15199999999373,213.47292505731713,-290.75065580100903,6.084560871462058,-0.0416670522537661,6.084703537705895,0.253529314071079,-2.612388510907498,-0.03216857036036254,0.1610729296073705,0.8053646480368524,0.20727555779720896,0.011251163369969674,0.0,0.0,0.560357559252461,11.830692127795722,0.49294550532482173,11.830692127795722,0.49294550532482173,11.830692127795722,0.49294550532482173,0.4357772465632519,0.0,0.0,0.12081787341878782,0.0,0.0,0.5785304175109574,0.0,558.806816064694,-0.013411880608997995,0.032
raceline_xy,20260415_212047_eb9da4db,2786,89.18399999999373,213.30412899383856,-290.8477101251768,6.084538456250091,-0.03857436303608264,6.084660730646359,0.25352753044359827,-2.613433916218142,-0.032657159169803815,0.16055674100850592,0.8027837050425296,0.20755629952909294,0.011134901048378332,0.0,0.0,0.5605138735614575,11.829549620897641,0.49289790087073504,11.829549620897641,0.49289790087073504,11.829549620897641,0.49289790087073504,0.4358560415127264,0.0,0.0,0.12068166401208277,0.0,0.0,0.5784003439353318,0.0,558.8453424182766,-0.01306156443855995,0.032
raceline_xy,20260415_212047_eb9da4db,2787,89.21599999999373,213.13529544149532,-290.94470340837563,6.084627060907246,-0.034687040972929406,6.084725931472692,0.25353024714469546,-2.614440605328963,-0.03145373036984181,0.16014290029537653,0.8007145014768826,0.20787765031490624,0.01105431917913835,0.0,0.0,0.5606696991780935,11.828455761879635,0.49285232341165147,11.828455761879635,0.49285232341165147,11.828455761879635,0.49285232341165147,0.4359314987720655,0.0,0.0,0.12051870440326073,0.0,0.0,0.5782670470089316,0.0,558.7866616745772,-0.014732670516681867,0.032
raceline_xy,20260415_212047_eb9da4db,2788,89.24799999999372,212.9664035694243,-291.04160138163684,6.084737320018031,-0.03239123129454091,6.084823534457263,0.2535343139357193,-2.6153916350883257,-0.029719875688896346,0.15980788637008075,0.7990394318504037,0.2082559210963124,0.011027933958704939,0.0,0.0,0.5608255604574772,11.82743412829868,0.49280975534577837,11.82743412829868,0.49280975534577837,11.82743412829868,0.49280975534577837,0.4360019891041693,0.0,0.0,0.12032419385725303,0.0,0.0,0.5781686873635733,0.0,558.6988189884626,-0.016964586276588246,0.032
raceline_xy,20260415_212047_eb9da4db,2789,89.27999999999372,212.7974199718663,-291.1383439531872,6.08480908838087,-0.03247208394057832,6.084895732736747,0.25353732219736447,-2.616305086336899,-0.028547556226853486,0.1596254454764055,0.7981272273820275,0.20867195779900216,0.011037671122705373,0.0,0.0,0.560981457130828,11.826484667947575,0.4927701944978156,11.826484667947575,0.4927701944978156,11.826484667947575,0.4927701944978156,0.4360675129671132,0.0,0.0,0.120105111133242,0.0,0.0,0.578098036263813,0.0,558.6338405369271,-0.018402032651994568,0.032
raceline_xy,20260415_212047_eb9da4db,2790,89.31199999999372,212.62832019258255,-291.2348845187146,6.0848183337477835,-0.03422241791118186,6.08491457036176,0.2535381070984067,-2.617214224036511,-0.028411282576940904,0.15965300297001814,0.7982650148500906,0.20909166588835326,0.011050272270666461,0.0,0.0,0.5611373889288104,11.825607336453029,0.4927336390188762,11.825607336453029,0.4927336390188762,11.825607336453029,0.4927336390188762,0.43612807050179603,0.0,0.0,0.11987610372491085,0.0,0.0,0.5780485309931733,0.0,558.6168866744156,-0.018497665390168692,0.032
raceline_xy,20260415_212047_eb9da4db,2791,89.34399999999371,212.45909943704388,-291.3312108718702,6.084775670167686,-0.036244779751024137,6.084883617648231,0.2535368174020096,-2.618145259429209,-0.02909249701107336,0.1599077957177105,0.7995389785885524,0.20948860797625812,0.011039532707048494,0.0,0.0,0.5612933555815371,11.824802097240674,0.4927000873850281,11.824802097240674,0.4927000873850281,11.824802097240674,0.4927000873850281,0.43618366153366805,0.0,0.0,0.1196494156726012,0.0,0.0,0.578009964948769,0.0,558.6447441165918,-0.017601417088132332,0.032
raceline_xy,20260415_212047_eb9da4db,2792,89.37599999999371,212.28976951332902,-291.4273419489668,6.084718690703297,-0.03739434777067707,6.084833595279269,0.2535347331366362,-2.619105210229611,-0.02999363716802876,0.16037111913866806,0.8018555956933402,0.20985607991241695,0.010998441249073565,0.0,0.0,0.5614493568185721,11.824068921498071,0.49266953839575295,11.824068921498071,0.49266953839575295,11.824068921498071,0.49266953839575295,0.43623428557469923,0.0,0.0,0.11942873653974814,0.0,0.0,0.5779708118663985,0.0,558.6897642486574,-0.016500545885714712,0.032
raceline_xy,20260415_212047_eb9da4db,2793,89.4079999999937,212.12034748522782,-291.5233084013395,6.084685074761883,-0.03733478304171367,6.084799614207094,0.25353331725862893,-2.6200837467438465,-0.030573826265293133,0.16101096029882667,0.8050548014941333,0.2102049227000773,0.010936018792738533,0.0,0.0,0.5616053923689325,11.823388742837512,0.49264119761822966,11.823388742837512,0.49264119761822966,11.823388742837512,0.49264119761822966,0.4362812571395023,0.0,0.0,0.11920921198922713,0.0,0.0,0.5779183869880412,0.0,558.7203472136147,-0.01586277967067083,0.032
raceline_xy,20260415_212047_eb9da4db,2794,89.4399999999937,211.95084490367074,-291.6191323552291,6.084687953418863,-0.03648594712500364,6.084797343775571,0.2535332226573154,-2.6210639229431107,-0.03062614129797666,0.16180500801301306,0.8090250400650653,0.2105524408909809,0.010871031752492044,0.0,0.0,0.5617614619610922,11.822787816085217,0.4926161590035507,11.822787816085217,0.4926161590035507,11.822787816085217,0.4926161590035507,0.4363227612344569,0.0,0.0,0.11898362574467353,0.0,0.0,0.577873976658414,0.0,558.722390601986,-0.015908325437873398,0.032
raceline_xy,20260415_212047_eb9da4db,2795,89.4719999999937,211.78126323821672,-291.7148177159944,6.084715360796941,-0.035573796751676934,6.084819349572638,0.25353413956552656,-2.6220333510690237,-0.0302920013169304,0.16275120789274994,0.8137560394637496,0.21091136508633568,0.010816466073650943,0.0,0.0,0.5619175653229843,11.822271759432947,0.4925946566430395,11.822271759432947,0.4925946566430395,11.822271759432947,0.4925946566430395,0.4363584077287257,0.0,0.0,0.11874605996459474,0.0,0.0,0.5778396440607528,0.0,558.7025853846254,-0.01642168803794691,0.032
raceline_xy,20260415_212047_eb9da4db,2796,89.5039999999937,211.61159608917194,-291.810353258175,6.084746077511548,-0.035145504474181966,6.084847576914061,0.2535353157047526,-2.6229896179992656,-0.029882047174245887,0.16386371535580851,0.8193185767790425,0.21128367639089918,0.010775291322341563,0.0,0.0,0.5620737021820031,11.82185052195458,0.49257710508144087,11.82185052195458,0.49257710508144087,11.82185052195458,0.49257710508144087,0.43638750742360477,0.0,0.0,0.11849542991531331,0.0,0.0,0.5778228338028268,0.0,558.6771807773445,-0.016996792567705588,0.032
raceline_xy,20260415_212047_eb9da4db,2797,89.53599999999369,211.44183501899818,-291.9057230448872,6.084763971303824,-0.035324194530166775,6.084866505125341,0.25353610438022256,-2.6239386933003477,-0.029657708909721418,0.16516082464658655,0.8258041232329327,0.21166301570103574,0.01074209382367064,0.0,0.0,0.5622298722650084,11.821532797214449,0.492563866550602,11.821532797214449,0.492563866550602,11.821532797214449,0.492563866550602,0.43640945798175235,0.0,0.0,0.11823450419045492,0.0,0.0,0.5778247588695054,0.0,558.6601453871923,-0.01731355000875067,0.032
raceline_xy,20260415_212047_eb9da4db,2798,89.56799999999369,211.27197479337713,-292.0009163403902,6.084764217655279,-0.03586635104249458,6.084869922980701,0.25353624679086256,-2.6248892522408713,-0.02970366774866701,0.16665392575092644,0.8332696287546322,0.21204050136577646,0.010708753647776348,0.0,0.0,0.5623860752983265,11.821326391803598,0.49255526632514995,11.821326391803598,0.49255526632514995,11.821326391803598,0.49255526632514995,0.4364237186242561,0.0,0.0,0.11796743595741288,0.0,0.0,0.5778436206427763,0.0,558.6570693173686,-0.017286421415588598,0.032
raceline_xy,20260415_212047_eb9da4db,2799,89.59999999999368,211.10201532994643,-292.0959317878851,6.084752589480829,-0.03640175237613885,6.084861474410878,0.2535358947671199,-2.6258471960240737,-0.029933756879851642,0.16546080669715338,0.8273040334857669,0.2120552877277282,0.01021009549928742,0.0,0.0,0.562464189085685,11.821267373457438,0.49255280722739325,11.821267373457438,0.49255280722739325,11.821267373457438,0.49255280722739325,0.4364277963399332,0.0,0.0,0.11801938227598248,0.0,0.0,0.5778883809505041,0.0,558.6646730302097,-0.0009670474547442704,0.032
raceline_xy,20260415_212047_eb9da4db,2800,89.63199999999368,210.9319680957771,-292.1907880719355,6.084723992470163,-0.036110355852840836,6.084831141645745,0.25353463090190603,-2.626828509321797,-0.030662936528491166,0.1641064974966652,0.820532487483326,0.21240211803798337,0.010149052452869345,0.0,0.0,0.5626204410301757,11.821242585683336,0.49255177440347236,11.821242585683336,0.49255177440347236,11.821242585683336,0.49255177440347236,0.4364295090000714,0.0,0.0,0.11791583558770201,0.0,0.0,0.5779064657694186,0.0,558.691972518829,-0.015560307789964901,0.032
raceline_xy,20260415_212047_eb9da4db,2801,89.66399999999368,210.76199543843913,-292.2857897148356,6.084955324076878,-0.0260029178345329,6.085010883124816,0.25354212013020067,-2.627651236759977,-0.02572460777858424,0.16258162038316992,0.8129081019158496,0.21291268546220854,0.010249322131167915,0.0,0.0,0.5627767252384824,11.821348639236145,0.4925561933015061,11.821348639236145,0.4925561933015061,11.821348639236145,0.4925561933015061,0.4364221815099536,0.0,0.0,0.11773774745981812,0.0,0.0,0.5778744103780646,0.0,558.5302051876648,-0.022716064020315046,0.032
raceline_xy,20260415_212047_eb9da4db,2802,89.69599999999367,210.59189742115063,-292.3805717844671,6.085018006556809,-0.029165473196977043,6.085087901168512,0.25354532921535466,-2.628429965612554,-0.024348539523381754,0.16134966100035983,0.8067483050017991,0.2134660376104649,0.010396175468135649,0.0,0.0,0.5629328093904988,11.82157173986403,0.49256548916100124,11.82157173986403,0.49256548916100124,11.82157173986403,0.49256548916100124,0.4364067674847023,0.0,0.0,0.11752785526133432,0.0,0.0,0.5779575508384154,0.0,558.4608889483388,-0.024399266303669963,0.032
raceline_xy,20260415_212047_eb9da4db,2803,89.72799999999367,210.42160616516216,-292.47499938219704,6.084873949469366,-0.03661914644793596,6.08498413661182,0.25354100569215915,-2.6292782016557794,-0.026509428066693635,0.16054578444104756,0.8027289222052377,0.21394633290915577,0.010476302499269785,0.0,0.0,0.5630886651216699,11.82192643857697,0.4925802682740404,11.82192643857697,0.4925802682740404,11.82192643857697,0.4925802682740404,0.4363822628066112,0.0,0.0,0.11733890193033278,0.0,0.0,0.5781005576663096,0.0,558.5542770493615,-0.021399692652971775,0.032
raceline_xy,20260415_212047_eb9da4db,2804,89.75999999999367,210.2511478469175,-292.5691098222208,6.084609182156073,-0.04195721348760095,6.0847538411460524,0.2535314100477522,-2.6302412579750367,-0.030086355147425813,0.16006300176480537,0.8003150088240268,0.21430891235786165,0.010445166709544651,0.0,0.0,0.5632445525828965,11.822424116249767,0.4926010048437403,11.822424116249767,0.4926010048437403,11.822424116249767,0.4926010048437403,0.43634788332193253,0.0,0.0,0.11719771596836434,0.0,0.0,0.5782568488410692,0.0,558.7615429685524,-0.016862384762103114,0.032
raceline_xy,20260415_212047_eb9da4db,2805,89.79199999999366,210.08058705210908,-292.66302176864633,6.0844144369955036,-0.04255763093764742,6.084563270528982,0.25352346960537425,-2.6312892124215654,-0.03273490786891777,0.15977424158792927,0.7988712079396463,0.21458573426041916,0.01033268763196915,0.0,0.0,0.5634004718357092,11.82306483824679,0.49262770159361624,11.82306483824679,0.49262770159361624,11.82306483824679,0.49262770159361624,0.4363036275577441,0.0,0.0,0.11709147385020749,0.0,0.0,0.5783714341459673,0.0,558.9330565239162,-0.013736728599208856,0.032
raceline_xy,20260415_212047_eb9da4db,2806,89.82399999999366,209.90997531793124,-292.7568378883763,6.084386334749785,-0.03946110146743376,6.08451429853024,0.2535214291054267,-2.63235540791898,-0.03330753775280212,0.15957015269214553,0.7978507634607276,0.21484519244312672,0.010205519699761911,0.0,0.0,0.5635564229432495,11.823848688793927,0.4926603620330803,11.823848688793927,0.4926603620330803,11.823848688793927,0.4926603620330803,0.43624949361432375,0.0,0.0,0.11698959959198547,0.0,0.0,0.5784543616816921,0.0,558.9771313227835,-0.013332082504508829,0.032
raceline_xy,20260415_212047_eb9da4db,2807,89.85599999999366,209.73932665396077,-292.8505911869629,6.0844765921110255,-0.0354823323544764,6.084580050903785,0.2535241687876577,-2.6333835115747526,-0.032123192301215055,0.15941856931109336,0.7970928465554667,0.2151441498207376,0.010119993134639405,0.0,0.0,0.5637124059702759,11.82477577094322,0.4926989904559675,11.82477577094322,0.4926989904559675,11.82477577094322,0.4926989904559675,0.4361854791693789,0.0,0.0,0.1168659716738507,0.0,0.0,0.5785485418388252,0.0,558.9179541865931,-0.015086741040985278,0.032
raceline_xy,20260415_212047_eb9da4db,2808,89.88799999999365,209.56862077078,-292.9442470106002,6.084591473538211,-0.033101447400848194,6.084681512262899,0.2535283963442875,-2.634355168290769,-0.030364420866704194,0.1593626171022942,0.796813085511471,0.2155003310048511,0.010093955042268732,0.0,0.0,0.56386842098317,11.825838886373386,0.4927432869322244,11.825838886373386,0.4927432869322244,11.825838886373386,0.4927432869322244,0.43611208677593094,0.0,0.0,0.11671107212420022,0.0,0.0,0.5786750969341421,0.0,558.8266389633901,-0.017427589336719902,0.032
raceline_xy,20260415_212047_eb9da4db,2809,89.91999999999365,209.39782392717544,-293.03774185566056,6.08466605780416,-0.03319816152273347,6.084756622324553,0.25353152593018974,-2.6352888714258924,-0.029180259276585872,0.15947719376661748,0.7973859688330873,0.21589412386407103,0.010108446939747662,0.0,0.0,0.5640244680499421,11.827031469863744,0.49279297791098936,11.827031469863744,0.49279297791098936,11.827031469863744,0.49279297791098936,0.43602977567634493,0.0,0.0,0.11653205457732801,0.0,0.0,0.5788344203528499,0.0,558.7590399079016,-0.01892473242488463,0.032
raceline_xy,20260415_212047_eb9da4db,2810,89.95199999999365,209.226911389469,-293.1310262811329,6.084674315841434,-0.035041894815416974,6.084775218876428,0.25353230078651784,-2.636219116556246,-0.029070773422355714,0.15982021133699562,0.799101056684978,0.21629016488344988,0.010129888095763206,0.0,0.0,0.5641805472402374,11.82836696868398,0.49284862369516586,11.82836696868398,0.49284862369516586,11.82836696868398,0.49284862369516586,0.43593762470606423,0.0,0.0,0.11634454139046675,0.0,0.0,0.5790271151898106,0.0,558.7423030112146,-0.01902737272512671,0.032
raceline_xy,20260415_212047_eb9da4db,2811,89.98399999999364,209.0558784373875,-293.2240874588703,6.084627530756283,-0.03716424557874909,6.084741027290047,0.2535308761370853,-2.637172967198687,-0.029805508129620878,0.1604071575095648,0.802035787547824,0.21666239664256315,0.010131184442041974,0.0,0.0,0.5643366586253418,11.829833989856727,0.4929097495773636,11.829833989856727,0.4929097495773636,11.829833989856727,0.4929097495773636,0.4358364277843525,0.0,0.0,0.11616045734235977,0.0,0.0,0.5792333322813288,0.0,558.7730754389574,-0.018105010656873127,0.032
raceline_xy,20260415_212047_eb9da4db,2812,90.01599999999364,208.88473696469327,-293.3169452683525,6.084565675087774,-0.03837630950375681,6.084686696584095,0.2535286123576706,-2.638157539851642,-0.030763240154290928,0.16121614769139098,0.8060807384569548,0.2170027913568333,0.010105190169450218,0.0,0.0,0.5644928022781875,11.831443357673415,0.4929768065697256,11.831443357673415,0.4929768065697256,11.831443357673415,0.4929768065697256,0.43572544681807646,0.0,0.0,0.11598447166359295,0.0,0.0,0.5794488152361675,0.0,558.8219730743142,-0.01697607482726555,0.032
raceline_xy,20260415_212047_eb9da4db,2813,90.04799999999364,208.71350399166917,-293.4096317416037,6.08452877940844,-0.03833403594853868,6.0846495351631935,0.2535270639651331,-2.6391620096009056,-0.03138445359623456,0.16221168430878521,0.811058421543926,0.21732269809850102,0.0100627021343338,0.0,0.0,0.5646489782733601,11.833194712857665,0.4930497797024027,11.833194712857665,0.4930497797024027,11.833194712857665,0.4930497797024027,0.43560471632350417,0.0,0.0,0.11581195354985947,0.0,0.0,0.5796648840308626,0.0,558.8554183531254,-0.016331003228917205,0.032
raceline_xy,20260415_212047_eb9da4db,2814,90.07999999999363,208.5421909186051,-293.5021698512671,6.084530696754764,-0.03747710672640858,6.084646114054588,0.2535269214189412,-2.6401687796549087,-0.03145735891344559,0.16336853396045908,0.8168426698022954,0.2176400837138961,0.01002129033524346,0.0,0.0,0.5648051866871023,11.835087673540777,0.493128653064199,11.835087673540777,0.493128653064199,11.835087673540777,0.493128653064199,0.43547427318911147,0.0,0.0,0.1156348821542773,0.0,0.0,0.5798863336990442,0.0,558.8584973508703,-0.016394582385867617,0.032
raceline_xy,20260415_212047_eb9da4db,2815,90.11199999999363,208.37079904757263,-293.59456344066444,6.084558596668927,-0.03655919259574736,6.084668428999316,0.25352785120830484,-2.6411650501803283,-0.03113088424478929,0.1646825518857592,0.823412759428796,0.21796778867245692,0.009993729088785486,0.0,0.0,0.5649614275973222,11.837121890291591,0.493213412095483,11.837121890291591,0.493213412095483,11.837121890291591,0.493213412095483,0.4353341528732635,0.0,0.0,0.11544723948959518,0.0,0.0,0.5801216119823376,0.0,558.8384139006154,-0.016940703170972852,0.032
raceline_xy,20260415_212047_eb9da4db,2816,90.14399999999362,208.19932186721158,-293.6868005500552,6.0845898708296,-0.03614551371848895,6.084697231117103,0.25352905129654596,-2.642148383825922,-0.030727853832123054,0.16616638158810398,0.8308319079405199,0.21830802157487916,0.00998243151773126,0.0,0.0,0.5651177010835966,11.839297046226907,0.4933040435927878,11.839297046226907,0.4933040435927878,11.839297046226907,0.4933040435927878,0.4351843893917442,0.0,0.0,0.11524769624270156,0.0,0.0,0.5803761172638484,0.0,558.8124919946073,-0.017547724409120505,0.032
raceline_xy,20260415_212047_eb9da4db,2817,90.17599999999362,208.02775090466585,-293.77886436836275,6.084607375146968,-0.03636062309466448,6.084716016759098,0.2535298340316291,-2.6431250095377745,-0.030518597807056472,0.16777648578377571,0.8388824289188785,0.2186542442907098,0.00998063070272348,0.0,0.0,0.5652738416631102,11.841592542734723,0.49339968928061345,11.841592542734723,0.49339968928061345,11.841592542734723,0.49339968928061345,0.43502641301157263,0.0,0.0,0.11504158500368669,0.0,0.0,0.5806422482171558,0.0,558.7955849168111,-0.017884908029617588,0.032
raceline_xy,20260415_212047_eb9da4db,2818,90.20799999999362,207.85608094025906,-293.8707435970142,6.0846060322339905,-0.036949955268553936,6.0847182240998325,0.2535299260041597,-2.6441039188134363,-0.03058957213714618,0.16786124626914825,0.8393062313457412,0.21865494310820743,0.009489882460293586,0.0,0.0,0.5653517686468194,11.842783873814533,0.49344932807560554,11.842783873814533,0.49344932807560554,11.842783873814533,0.49344932807560554,0.4349444548857737,0.0,0.0,0.11506081825534975,0.0,0.0,0.5804201004902163,0.0,558.7935983101503,-0.001136554011979438,0.032
raceline_xy,20260415_212047_eb9da4db,2819,90.23999999999361,207.68431982960723,-293.9624502479772,6.084575537512337,-0.03694504313894864,6.084687700112972,0.2535286541713738,-2.6451070347360783,-0.03134475251619436,0.16679031834387967,0.8339515917193983,0.21897382531911935,0.009465552826338985,0.0,0.0,0.5655076467063257,11.845272213462842,0.49355300889428505,11.845272213462842,0.49355300889428505,11.845272213462842,0.49355300889428505,0.4347733333631414,0.0,0.0,0.11500527091813155,0.0,0.0,0.5810850117076277,0.0,558.821069898325,-0.01630127899160464,0.032
raceline_xy,20260415_212047_eb9da4db,2820,90.27199999999361,207.5126297276346,-294.05430247837967,6.084816168363623,-0.02676331436924695,6.084875025649696,0.25353645940207065,-2.645949238763883,-0.026332392563000642,0.1655126622725294,0.8275633113626469,0.21945831493220824,0.009605425793440148,0.0,0.0,0.5656635565699935,11.847901706018131,0.4936625710840888,11.847901706018131,0.4936625710840888,11.847901706018131,0.4936625710840888,0.4345926001111011,0.0,0.0,0.11487561563581829,0.0,0.0,0.5813028185497768,0.0,558.6524769152733,-0.023606120805557015,0.032
raceline_xy,20260415_212047_eb9da4db,2821,90.30399999999361,207.34081184405196,-294.14592062996684,6.084876001270424,-0.030222412910346996,6.084951055273894,0.25353962730307894,-2.6467503656894014,-0.02504737219422464,0.16444598125323504,0.8222299062661751,0.2199820305346285,0.009789672680089012,0.0,0.0,0.5658194978568433,11.85067266878502,0.49377802786604247,11.85067266878502,0.49377802786604247,11.85067266878502,0.49377802786604247,0.434402249025136,0.0,0.0,0.11472064686065359,0.0,0.0,0.5816486063446922,0.0,558.5840502534949,-0.025204945511759835,0.032
raceline_xy,20260415_212047_eb9da4db,2822,90.3359999999936,207.16880085893305,-294.23716769643573,6.084715107242175,-0.037961282303868416,6.084833522394455,0.25353473009976896,-2.647626692081068,-0.027386644691832843,0.16374573049986796,0.8187286524993398,0.2204263505120414,0.009902023050976982,0.0,0.0,0.5659754701874661,11.85358543941371,0.4938993933089046,11.85358543941371,0.4938993933089046,11.85358543941371,0.4938993933089046,0.43420227347766627,0.0,0.0,0.11459356876005425,0.0,0.0,0.5820534096311965,0.0,558.6898298449897,-0.022071926259451344,0.032
raceline_xy,20260415_212047_eb9da4db,2823,90.3679999999936,206.9966248106975,-294.32808585580665,6.084429772440109,-0.04339598387238297,6.08458452707922,0.2535243552949675,-2.6486227775526983,-0.031118646841195474,0.16337052236643385,0.8168526118321692,0.22074744596555274,0.009897923447282686,0.0,0.0,0.5661314731840311,11.856640375920303,0.4940266823300126,11.856640375920303,0.4940266823300126,11.856640375920303,0.4940266823300126,0.43399266632402567,0.0,0.0,0.11451721939469439,0.0,0.0,0.5824660077295889,0.0,558.9139256287018,-0.01738530833752803,0.032
raceline_xy,20260415_212047_eb9da4db,2824,90.3999999999936,206.82434788536443,-294.41879874494043,6.084222306497059,-0.04394540384748424,6.0843810098806035,0.2535158754116918,-2.6497064611191776,-0.033852007204450904,0.16318945162978277,0.8159472581489138,0.22097957747130392,0.009808667277890759,0.0,0.0,0.5662875064702927,11.859825109753153,0.49415937957304806,11.859825109753153,0.49415937957304806,11.859825109753153,0.49415937957304806,0.43377429366190245,0.0,0.0,0.11447728910449238,0.0,0.0,0.5828277943347155,0.0,559.0970911074564,-0.014198760093404605,0.032
raceline_xy,20260415_212047_eb9da4db,2825,90.4319999999936,206.65202061394072,-294.5094124264711,6.084193449382897,-0.04071648162050101,6.0843296887487375,0.2535137370311974,-2.6508084465892594,-0.034426524928050616,0.16309048463279008,0.8154524231639504,0.22119381814163352,0.009704017116334729,0.0,0.0,0.566443569671599,11.863146731619707,0.49429778048415446,11.863146731619707,0.49429778048415446,11.863146731619707,0.49429778048415446,0.43354668714792677,0.0,0.0,0.11444183997683204,0.0,0.0,0.5831569319312323,0.0,559.1432801261359,-0.013835753480551171,0.032
raceline_xy,20260415_212047_eb9da4db,2826,90.46399999999359,206.4796559890364,-294.5999598771982,6.08428981765146,-0.03662808079472235,6.08440006915061,0.2535166695479421,-2.6518708550567247,-0.03319545092986064,0.16304135156115965,0.8152067578057982,0.2214490624043952,0.009642289400975113,0.0,0.0,0.5665996624148986,11.866607842872643,0.4944419934530268,11.866607842872643,0.4944419934530268,11.866607842872643,0.4944419934530268,0.4333096877974354,0.0,0.0,0.11438365350152072,0.0,0.0,0.5834981729894384,0.0,559.0799377644505,-0.015687693034328598,0.032
raceline_xy,20260415_212047_eb9da4db,2827,90.49599999999359,206.30723314843684,-294.6904038194762,6.084411171636056,-0.034226340247224485,6.0845074367524905,0.25352114319802044,-2.6528753804459377,-0.03139145531906321,0.1630869970293154,0.815434985146577,0.22176393467279487,0.0096418125922626,0.0,0.0,0.5667557843287482,11.870200929856853,0.49459170541070224,11.870200929856853,0.49459170541070224,11.870200929856853,0.49459170541070224,0.4330638297733347,0.0,0.0,0.11429269542878853,0.0,0.0,0.5838729431243102,0.0,558.9833069227582,-0.0181179125586153,0.032
raceline_xy,20260415_212047_eb9da4db,2828,90.52799999999358,206.13471834326648,-294.78067763097,6.084488601736563,-0.03439052807974852,6.084585791414544,0.253524407975606,-2.6538416586386635,-0.03019795456540344,0.16330435365521445,0.8165217682760723,0.2221161541368195,0.009682973579246301,0.0,0.0,0.5669119350433217,11.873939067366297,0.4947474611402624,11.873939067366297,0.4947474611402624,11.873939067366297,0.4947474611402624,0.43280823927223766,0.0,0.0,0.1141778805760874,0.0,0.0,0.5842896564590331,0.0,558.9127877269098,-0.019655807492741997,0.032
raceline_xy,20260415_212047_eb9da4db,2829,90.55999999999358,205.9620872262461,-294.87073003050205,6.084494768637392,-0.0363418559865325,6.084603300139816,0.25352513750582567,-2.65480547838283,-0.030119766740287466,0.16375212771284575,0.8187606385642288,0.2224690435432466,0.009730006774217426,0.0,0.0,0.5670681141904161,11.877822843817519,0.4949092851590633,11.877822843817519,0.4949092851590633,11.877822843817519,0.4949092851590633,0.43254289876050755,0.0,0.0,0.11405534282921738,0.0,0.0,0.5847369434884521,0.0,558.8970298741655,-0.019748047268371385,0.032
raceline_xy,20260415_212047_eb9da4db,2830,90.59199999999358,205.78933552368784,-294.96054819791044,6.084442357346006,-0.038555876069243045,6.084564516499574,0.2535235215208156,-2.6557946011462388,-0.030907743691514278,0.1644449304465235,0.8222246522326174,0.22279461213737273,0.009755174262521482,0.0,0.0,0.5672243214034609,11.881852869534328,0.49507720289726365,11.881852869534328,0.49507720289726365,11.881852869534328,0.49507720289726365,0.43226779017948136,0.0,0.0,0.1139383368991157,0.0,0.0,0.5852030498745188,0.0,558.931935150383,-0.01878989799856784,0.032
raceline_xy,20260415_212047_eb9da4db,2831,90.62399999999357,205.6164753484355,-295.0501532748854,6.084374564025967,-0.03981244099552006,6.084504816813296,0.2535210340338873,-2.6568160418175166,-0.03191553714474059,0.16535889639034346,0.8267944819517172,0.22308619141194086,0.009751485104428692,0.0,0.0,0.5673805563175249,11.886029776992807,0.4952512407080336,11.886029776992807,0.4952512407080336,11.886029776992807,0.4952512407080336,0.43198289494210185,0.0,0.0,0.11383071231687034,0.0,0.0,0.5856749107905083,0.0,558.9856648680332,-0.01763158572135745,0.032
raceline_xy,20260415_212047_eb9da4db,2832,90.65599999999357,205.44352363737548,-295.1395787083364,6.084334109110918,-0.039770688366567164,6.084464089707795,0.2535193370711581,-2.657858361633389,-0.03256752584314983,0.16645642282191714,0.8322821141095856,0.22335576993977124,0.009730402411696648,0.0,0.0,0.5675368185693244,11.89035326511684,0.49543138604653497,11.89035326511684,0.49543138604653497,11.89035326511684,0.49543138604653497,0.43168825904697883,0.0,0.0,0.11372751772026853,0.0,0.0,0.586146845624725,0.0,559.0223192629844,-0.016982439611657213,0.032
raceline_xy,20260415_212047_eb9da4db,2833,90.68799999999356,205.270491530583,-295.22884817527336,6.084335365584112,-0.038896068607406686,6.084459692121451,0.2535191538383938,-2.658903315765304,-0.03265083734388707,0.16764848439353597,0.8382424219676798,0.22362197186834543,0.009709303274124892,0.0,0.0,0.5676928350783242,11.894792660811547,0.4956163608671478,11.894792660811547,0.4956163608671478,11.894792660811547,0.4956163608671478,0.4313859962368971,0.0,0.0,0.11362281226770259,0.0,0.0,0.5866116493006479,0.0,559.0262770906941,-0.01706688215685108,0.032
raceline_xy,20260415_212047_eb9da4db,2834,90.71999999999356,205.09738007922402,-295.31796528913185,6.084364236596819,-0.03797003901138485,6.084482713217363,0.2535201130507235,-2.6599377764997065,-0.032324459059292404,0.16893749400389235,0.8446874700194618,0.22389796254375804,0.00970178902309149,0.0,0.0,0.5678487479720361,11.899375408788991,0.4958073086995413,11.899375408788991,0.4958073086995413,11.899375408788991,0.4958073086995413,0.4310742617227521,0.0,0.0,0.11351057814547762,0.0,0.0,0.5870992915120701,0.0,559.005558104373,-0.017644007498794138,0.032
raceline_xy,20260415_212047_eb9da4db,2835,90.75199999999356,204.9241826523509,-295.40691727549364,6.084396398907557,-0.03757201208196781,6.0845124040576275,0.2535213501690678,-2.6609593765455255,-0.03192372435265076,0.17036133568381964,0.8518066784190982,0.2241858705047699,0.00971065948973937,0.0,0.0,0.5680046867824665,11.904108850347331,0.4960045354311388,11.904108850347331,0.4960045354311388,11.904108850347331,0.4960045354311388,0.4307525839656545,0.0,0.0,0.11338844102398435,0.0,0.0,0.5876099702820792,0.0,558.9788363481349,-0.01827852814971742,0.032
raceline_xy,20260415_212047_eb9da4db,2836,90.78399999999355,204.7508908126559,-295.49568650587884,6.084413576279047,-0.03782290478653394,6.084531135538324,0.2535221306474302,-2.661974640425866,-0.0317260578551237,0.1719375423884537,0.8596877119422686,0.22447885285987823,0.009729398950903079,0.0,0.0,0.5681606510320933,11.908994131728655,0.49620808882202727,11.908994131728655,0.49620808882202727,11.908994131728655,0.49620808882202727,0.43042091458986453,0.0,0.0,0.1132593397906674,0.0,0.0,0.5881426334667887,0.0,558.9619780155082,-0.01863058426090841,0.032
raceline_xy,20260415_212047_eb9da4db,2837,90.81599999999355,204.57749944165565,-295.5842612257334,6.084410458787315,-0.03845552357057391,6.084531983504857,0.25352216597936905,-2.6629928613672584,-0.03181810806062373,0.17367638367069155,0.8683819183534577,0.22476739970002857,0.009748723014795235,0.0,0.0,0.5683166402451347,11.91403242560494,0.49641801773353916,11.91403242560494,0.49641801773353916,11.91403242560494,0.49641801773353916,0.43007920461677385,0.0,0.0,0.11312769952684092,0.0,0.0,0.5886947456147058,0.0,558.9612148456281,-0.018613751395811076,0.032
raceline_xy,20260415_212047_eb9da4db,2838,90.84799999999355,204.40400855877218,-295.6726399794613,6.084393850301643,-0.03907243128494109,6.084519305621026,0.2535216377342094,-2.6640202645446127,-0.03210446107271353,0.17287325665685893,0.8643662832842947,0.22471973252775213,0.009241423234193302,0.0,0.0,0.568394644064732,11.916609325977262,0.49652538858238593,11.916609325977262,0.49652538858238593,11.916609325977262,0.49652538858238593,0.42990456893787865,0.0,0.0,0.11324098671371928,0.0,0.0,0.5881861552203154,0.0,558.9726249410766,-0.0007756534047956738,0.032
raceline_xy,20260415_212047_eb9da4db,2839,90.87999999999354,204.23042988589552,-295.76084345000913,6.084356951227345,-0.03878560338692605,6.08448057215886,0.2535200238399525,-2.6650742018126676,-0.032932682690017125,0.17201758389596966,0.8600879194798483,0.2249708650882556,0.009230360106940783,0.0,0.0,0.5685506698346326,11.921879395789581,0.49674497482456587,11.921879395789581,0.49674497482456587,11.921879395789581,0.49674497482456587,0.429547704938388,0.0,0.0,0.11325934569358918,0.0,0.0,0.5895614845627178,0.0,559.0074850570256,-0.01675508740871001,0.032
raceline_xy,20260415_212047_eb9da4db,2840,90.91199999999354,204.05692746185528,-295.84921136573234,6.084623617943348,-0.027762698410737308,6.084686954926855,0.2535286231219523,-2.665955693040253,-0.02755927990036334,0.1709354027807907,0.8546770139039535,0.22539899698037935,0.009394351924408184,0.0,0.0,0.5687067193861663,11.927291400694138,0.4969704750289224,11.927291400694138,0.4969704750289224,11.927291400694138,0.4969704750289224,0.42918163031460743,0.0,0.0,0.11319726818217508,0.0,0.0,0.5900445970486363,0.0,558.8217405658297,-0.0246043506663798,0.032
raceline_xy,20260415_212047_eb9da4db,2841,90.94399999999354,203.88329823890905,-295.93733607990066,6.084694349805175,-0.03125750079746181,6.0847746352603,0.25353227646917914,-2.6667899327259814,-0.026081735057621756,0.17007111207066225,0.8503555603533112,0.22587198842184808,0.009609123469207947,0.0,0.0,0.5688627922497137,11.932860040571683,0.4972025016904868,11.932860040571683,0.4972025016904868,11.932860040571683,0.4972025016904868,0.4288053837234589,0.0,0.0,0.11310680805555638,0.0,0.0,0.5906732549833583,0.0,558.7428282657297,-0.026471808662737684,0.032
raceline_xy,20260415_212047_eb9da4db,2842,90.97599999999353,203.70947402857482,-296.025066732548,6.0845224494967285,-0.039451585055137794,6.084650348704766,0.2535270978626986,-2.667701068564906,-0.02847475009294814,0.16959265866031317,0.8479632933015658,0.22626451306372752,0.009750561811108671,0.0,0.0,0.5690188879574378,11.938576337915926,0.4974406807464969,11.938576337915926,0.4974406807464969,11.938576337915926,0.4974406807464969,0.42841960618651775,0.0,0.0,0.11304469240366286,0.0,0.0,0.591363855400585,0.0,558.85468616571,-0.023280429494981447,0.032
raceline_xy,20260415_212047_eb9da4db,2843,91.00799999999353,203.5354820424846,-296.1124446299139,6.084207333571563,-0.04533977081669427,6.084376268172746,0.2535156778405311,-2.6687387195037298,-0.032418356417538596,0.16945793271438664,0.8472896635719331,0.22652741409590638,0.009769051509000093,0.0,0.0,0.5691750060432925,11.94444326625051,0.49768513609377124,11.94444326625051,0.49768513609377124,11.94444326625051,0.49768513609377124,0.4280241316173381,0.0,0.0,0.11303684261856069,0.0,0.0,0.5920656980805122,0.0,559.1013586445282,-0.018344551006512375,0.032
raceline_xy,20260415_212047_eb9da4db,2844,91.03999999999353,203.36138705458347,-296.1996007028652,6.083971991350091,-0.046088605430563145,6.084146558974638,0.25350610662394324,-2.6698709587468077,-0.035370220300965684,0.169527078846848,0.84763539423424,0.22669367720412525,0.009696523383824207,0.0,0.0,0.5693311460430327,11.950470343831043,0.49793626432629345,11.950470343831043,0.49793626432629345,11.950470343831043,0.49793626432629345,0.42761835534643877,0.0,0.0,0.11306998813725887,0.0,0.0,0.5927213005691097,0.0,559.3080969228256,-0.014915213471046417,0.032
raceline_xy,20260415_212047_eb9da4db,2845,91.07199999999352,203.1872407149947,-296.28664961306714,6.083933121476317,-0.04277884687092337,6.084083518192052,0.2535034799246688,-2.671025165360094,-0.03605900825423296,0.16967778228074754,0.8483889114037376,0.22683782620395965,0.009605602918671075,0.0,0.0,0.5694873074942228,11.956658213503914,0.49819409222932975,11.956658213503914,0.49819409222932975,11.956658213503914,0.49819409222932975,0.42720227317251913,0.0,0.0,0.11311008904234265,0.0,0.0,0.5933383043532048,0.0,559.3648336271532,-0.014450694959182567,0.032
raceline_xy,20260415_212047_eb9da4db,2846,91.10399999999352,203.01305699622617,-296.3736289703316,6.084035438600918,-0.03846662633995823,6.084157040995396,0.25350654337480816,-2.6721394165467505,-0.03481572317192511,0.16987131539463207,0.8493565769731604,0.22702238155332477,0.009558217987128081,0.0,0.0,0.5696434899362474,11.963007544536023,0.49845864768900094,11.963007544536023,0.49845864768900094,11.963007544536023,0.49845864768900094,0.4267758802669386,0.0,0.0,0.1131279275307335,0.0,0.0,0.593967389922011,0.0,559.2986631041434,-0.01636066531690138,0.032
raceline_xy,20260415_212047_eb9da4db,2847,91.13599999999352,202.83881540714822,-296.46050072979307,6.0841682543157924,-0.03587304024580007,6.084274009431245,0.2535114170596352,-2.6731930388902727,-0.03292566290911806,0.17015137986378792,0.8507568993189396,0.2272673445107518,0.00957504761420358,0.0,0.0,0.5697996929103202,11.969519032949531,0.49872995970623046,11.969519032949531,0.49872995970623046,11.969519032949531,0.49872995970623046,0.42633917116760944,0.0,0.0,0.11311296420850474,0.0,0.0,0.5946375448213289,0.0,559.1933915118792,-0.01893494197472798,0.032
raceline_xy,20260415_212047_eb9da4db,2848,91.16799999999351,202.66448188135615,-296.5471940752645,6.0842543096896495,-0.035983364455427935,6.084360714774775,0.2535150297822823,-2.6742057618642185,-0.03164925715809436,0.1705969996133812,0.852984998066906,0.22755176996467075,0.009636368470715695,0.0,0.0,0.5699559159594937,11.976184949815377,0.49900770624230734,11.976184949815377,0.49900770624230734,11.976184949815377,0.49900770624230734,0.42589270548403846,0.0,0.0,0.11307317927410683,0.0,0.0,0.5953466028697432,0.0,559.1153567027023,-0.02060449717352026,0.032
raceline_xy,20260415_212047_eb9da4db,2849,91.19999999999351,202.4900314275443,-296.6336533423262,6.084262101933872,-0.038018729025229625,6.084380884591749,0.2535158701913229,-2.6752151523051575,-0.03154390775969689,0.17124414512762368,0.8562207256381184,0.2278371392356915,0.009703648493189831,0.0,0.0,0.5701118757496658,11.982987288559304,0.49929113702330435,11.982987288559304,0.49929113702330435,11.982987288559304,0.49929113702330435,0.4254377278168975,0.0,0.0,0.11302670648351497,0.0,0.0,0.596081461782461,0.0,559.0972038674258,-0.02076090753463263,0.032
raceline_xy,20260415_212047_eb9da4db,2850,91.2319999999935,202.31545925890384,-296.71986350273386,6.084204203005186,-0.04038014472679752,6.084338200655362,0.25351409169397343,-2.6762509684666824,-0.03236715969001984,0.17211010787141143,0.860550539357057,0.22809343075438537,0.009748074577421217,0.0,0.0,0.5702678450287222,11.989952285750821,0.49958134523961756,11.989952285750821,0.49958134523961756,11.989952285750821,0.49958134523961756,0.4249725237833024,0.0,0.0,0.11298840896432588,0.0,0.0,0.5968456947769201,0.0,559.1356194101735,-0.019807856552495513,0.032
raceline_xy,20260415_212047_eb9da4db,2851,91.2639999999935,202.14077725173198,-296.80584600188195,6.08412743136806,-0.041765956629870704,6.084270785908408,0.2535112827461837,-2.6773213567064422,-0.03344549973282734,0.1731698780298435,0.8658493901492174,0.22831284634331395,0.009761545400728266,0.0,0.0,0.5704238326392924,11.997080166814055,0.4998783402839189,11.997080166814055,0.4998783402839189,11.997080166814055,0.4998783402839189,0.4244971233322534,0.0,0.0,0.11296276621447646,0.0,0.0,0.5976166586503429,0.0,559.1962926824326,-0.018587377688523945,0.032
raceline_xy,20260415_212047_eb9da4db,2852,91.2959999999935,201.96600226736166,-296.8916358464378,6.084078973809299,-0.04179627448435852,6.084222537687883,0.2535092724036618,-2.6784150150880404,-0.03417216893985783,0.17438323732656685,0.8719161866328342,0.22850725834263352,0.009755375586209869,0.0,0.0,0.5705798379739766,12.004370698068804,0.5001821124195335,12.004370698068804,0.5001821124195335,12.004370698068804,0.5001821124195335,0.42401158795365124,0.0,0.0,0.1129448569152713,0.0,0.0,0.5983880364637344,0.0,559.2397160809048,-0.01787329885836638,0.032
raceline_xy,20260415_212047_eb9da4db,2853,91.3279999999935,201.79114582441014,-296.97725893201647,6.084076592024687,-0.04091682989726797,6.084214178067006,0.25350892408612524,-2.6795127935733767,-0.03430179394695862,0.17572022758601405,0.8786011379300702,0.2286962295461734,0.009748727910526167,0.0,0.0,0.5707358604272236,12.011823670483839,0.5004926529368267,12.011823670483839,0.5004926529368267,12.011823670483839,0.5004926529368267,0.42351597829707055,0.0,0.0,0.11292576378036498,0.0,0.0,0.5991650060104889,0.0,559.2472397396944,-0.017930781504158888,0.032
raceline_xy,20260415_212047_eb9da4db,2854,91.35999999999349,201.61620938442357,-297.0627201263704,6.084105965607973,-0.039942782050315984,6.084237078433454,0.2535098782680606,-2.680600397424218,-0.03398526275484893,0.17717379725003551,0.8858689862501775,0.22889411327072473,0.00975590990239894,0.0,0.0,0.5708918993953419,12.019438899362132,0.5008099541400889,12.019438899362132,0.5008099541400889,12.019438899362132,0.5008099541400889,0.42301035419057254,0.0,0.0,0.11289865005223565,0.0,0.0,0.5999575829318906,0.0,559.2266294098907,-0.018527899288805782,0.032
raceline_xy,20260415_212047_eb9da4db,2855,91.39199999999349,201.44118649827487,-297.1480064425587,6.084140350143803,-0.03950257320313355,6.084268588214826,0.25351119117561777,-2.6816747316284726,-0.0335716944499057,0.17875578356690777,0.8937789178345388,0.22910376515885655,0.009779626179682754,0.0,0.0,0.5710479542765109,12.02721013656149,0.501133755690062,12.02721013656149,0.501133755690062,12.02721013656149,0.501133755690062,0.4224951778956516,0.0,0.0,0.11286176629203779,0.0,0.0,0.60076987810444,0.0,559.1982706066563,-0.019207926864573743,0.032
raceline_xy,20260415_212047_eb9da4db,2856,91.42399999999348,201.26606862733246,-297.23309903574403,6.08415894384331,-0.039749631181932976,6.084288790575908,0.2535120329406628,-2.6827423056179356,-0.033360791473229824,0.1804835193456532,0.902417596728266,0.22931834086577085,0.00981362707855915,0.0,0.0,0.5712040244707912,12.035140948654554,0.5014642061939397,12.035140948654554,0.5014642061939397,12.035140948654554,0.5014642061939397,0.4219702607785929,0.0,0.0,0.11281818270268269,0.0,0.0,0.6016064291910307,0.0,559.1800884816826,-0.01960340213017793,0.032
raceline_xy,20260415_212047_eb9da4db,2857,91.45599999999348,201.09085041532256,-297.317984861576,6.084155111138298,-0.04041797669566494,6.08428936107007,0.25351205671125293,-2.6838128957254304,-0.03345474075316302,0.18116003179318843,0.9058001589659421,0.22922119453007728,0.009295204279571756,0.0,0.0,0.5712820651233842,12.039166974838945,0.501631957284956,12.039166974838945,0.501631957284956,12.039166974838945,0.501631957284956,0.4217041132332038,0.0,0.0,0.11291125449997054,0.0,0.0,0.6007908386663152,0.0,559.1795750369367,-0.001019442585241486,0.032
raceline_xy,20260415_212047_eb9da4db,2858,91.48799999999348,200.91553993992207,-297.4026770438397,6.084115098736688,-0.04044021753852123,6.0842494973390355,0.2535103957224598,-2.6849108925850764,-0.03431010804257587,0.18036606113694947,0.9018303056847473,0.2294050979045319,0.0093043067901446,0.0,0.0,0.5714381571665881,12.047322394491832,0.5019717664371597,12.047322394491832,0.5019717664371597,12.047322394491832,0.5019717664371597,0.42116565079146717,0.0,0.0,0.1130111463953753,0.0,0.0,0.6029052428756024,0.0,559.2154523948676,-0.017923938321981848,0.032
raceline_xy,20260415_212047_eb9da4db,2859,91.51999999999347,200.74030215021,-297.4875358649342,6.0844022012593895,-0.02916717014096104,6.084472111079493,0.2535196712949789,-2.6858308872681524,-0.028761649247051404,0.1793346480376754,0.896673240188377,0.22977140920099792,0.009495104759138062,0.0,0.0,0.5715942630313586,12.055638649288355,0.5023182770536815,12.055638649288355,0.5023182770536815,12.055638649288355,0.5023182770536815,0.42061748567260304,0.0,0.0,0.11302685355378146,0.0,0.0,0.6036747501126976,0.0,559.0151000284559,-0.026055373088320274,0.032
raceline_xy,20260415_212047_eb9da4db,2860,91.55199999999347,200.56493324631327,-297.572129918362,6.084470809759833,-0.03307313492265651,6.0845606963093966,0.25352336234622486,-2.6867063781565204,-0.027369733883268778,0.17852937743202524,0.8926468871601262,0.23017909670450676,0.00973410843266942,0.0,0.0,0.5717503821244286,12.064118647911933,0.5026716103296639,12.064118647911933,0.5026716103296639,12.064118647911933,0.5026716103296639,0.4200594781417113,0.0,0.0,0.11301536589796012,0.0,0.0,0.6045985538941743,0.0,558.9353733215427,-0.027830333566361113,0.032
raceline_xy,20260415_212047_eb9da4db,2861,91.58399999999347,200.38936758476078,-297.6563039841174,6.0842706692435895,-0.04172227769229364,6.084413720735439,0.2535172383639766,-2.687666615893596,-0.030008630583417996,0.1781194197999719,0.8905970989998594,0.2304963170896568,0.009892076134808026,0.0,0.0,0.5719065138544625,12.072763406680146,0.5030318086116727,12.072763406680146,0.5030318086116727,12.072763406680146,0.5030318086116727,0.41949161479073505,0.0,0.0,0.11303815989387264,0.0,0.0,0.6055940358904542,0.0,559.0676513381045,-0.02434554203374821,0.032
raceline_xy,20260415_212047_eb9da4db,2862,91.61599999999346,200.21363508247273,-297.7401063095494,6.083918424837015,-0.04779122794924984,6.084106130035883,0.25350442208482843,-2.6887609397227603,-0.03418962118145354,0.17805407826365133,0.8902703913182566,0.23067455280322324,0.009919677931153004,0.0,0.0,0.5720626576320668,12.081573967085156,0.5033989152952149,12.081573967085156,0.5033989152952149,12.081573967085156,0.5033989152952149,0.4189138818502922,0.0,0.0,0.11312153451767189,0.0,0.0,0.6065987380880549,0.0,559.3444829677052,-0.01914164246135894,0.032
raceline_xy,20260415_212047_eb9da4db,2863,91.64799999999346,200.03780138578594,-297.8236773468806,6.083661847944856,-0.04841962008722911,6.083854529798457,0.25349393874160236,-2.6899533933789215,-0.03725269236609441,0.1781833942059641,0.8909169710298205,0.23075209938593266,0.009852879739886244,0.0,0.0,0.5722188128698029,12.090551396186108,0.5037729748410879,12.090551396186108,0.5037729748410879,12.090551396186108,0.5037729748410879,0.4183262651868427,0.0,0.0,0.11324924301116107,0.0,0.0,0.6075470614406203,0.0,559.5709231813881,-0.01561305502786307,0.032
raceline_xy,20260415_212047_eb9da4db,2864,91.67999999999346,199.86191724625215,-297.90713730643415,6.083624066820443,-0.0448485968375385,6.083789376945523,0.2534912240393968,-2.691166843142412,-0.037911170191764154,0.17838202789276617,0.8919101394638308,0.2308080689780967,0.009768696184066616,0.0,0.0,0.5723749431708764,12.099678355072292,0.5041532647946788,12.099678355072292,0.5041532647946788,12.099678355072292,0.5041532647946788,0.4177299534419401,0.0,0.0,0.11338389408991785,0.0,0.0,0.6084455437530248,0.0,559.6295607490288,-0.015226411497734856,0.032
raceline_xy,20260415_212047_eb9da4db,2865,91.71199999999345,199.6859950717953,-297.9905233040248,6.083739236603375,-0.04032821380784224,6.083872900037964,0.2534947041682485,-2.692336954020382,-0.036561817853070895,0.17861067410198475,0.8930533705099237,0.23090738325259696,0.009731167854782008,0.0,0.0,0.5725309636178938,12.108968571039409,0.504540357126642,12.108968571039409,0.504540357126642,12.108968571039409,0.504540357126642,0.417124103537168,0.0,0.0,0.11349478559819072,0.0,0.0,0.6093615629524792,0.0,559.5543899658323,-0.01733558362626289,0.032
raceline_xy,20260415_212047_eb9da4db,2866,91.74399999999345,199.5100131374224,-298.0737927239018,6.083884687597073,-0.03768939071114552,6.084001428513171,0.25350005952138216,-2.6934433931542596,-0.03457626575019504,0.17890176253636778,0.8945088126818388,0.23106963768528033,0.00976107412785776,0.0,0.0,0.5726869936460407,12.118438078487014,0.5049349199369589,12.118438078487014,0.5049349199369589,12.118438078487014,0.5049349199369589,0.41650772979916484,0.0,0.0,0.11357231696266344,0.0,0.0,0.6103282842762846,0.0,559.4387143381454,-0.020089936770828192,0.032
raceline_xy,20260415_212047_eb9da4db,2867,91.77599999999345,199.33393669967901,-298.1568690626675,6.083975700614732,-0.0379278790535027,6.08409392183257,0.2535039134096904,-2.69450834082698,-0.03328111463724298,0.17933833959665615,0.8966916979832807,0.23127135847240687,0.00983625010947442,0.0,0.0,0.5728430325881773,12.128092856752154,0.505337202364673,12.128092856752154,0.505337202364673,12.128092856752154,0.505337202364673,0.4158805079960155,0.0,0.0,0.11362609931511793,0.0,0.0,0.6113441086025833,0.0,559.355470350687,-0.021800309779924757,0.032
raceline_xy,20260415_212047_eb9da4db,2868,91.80799999999344,199.15774099037148,-298.239693429552,6.08397847766085,-0.040167905810078786,6.084111075358305,0.2535046281399294,-2.695572054241959,-0.033241321571652944,0.1799831305068967,0.8999156525344835,0.23147129699884994,0.00991645404856456,0.0,0.0,0.5729990797791442,12.137938918305306,0.5057474549293878,12.137938918305306,0.5057474549293878,12.137938918305306,0.5057474549293878,0.4152421157445536,0.0,0.0,0.11367525398577467,0.0,0.0,0.6124004902103205,0.0,559.3400321775247,-0.021882886687731817,0.032
raceline_xy,20260415_212047_eb9da4db,2869,91.83999999999344,198.9814223215863,-298.3222517941169,6.083909475778551,-0.04267353240576455,6.0840591334927066,0.25350246389552944,-2.6966653195108528,-0.034162434798737255,0.18084882198509797,0.9042441099254898,0.23163842711883653,0.009970915349259535,0.0,0.0,0.5731551345557754,12.147982311971447,0.5061659296654769,12.147982311971447,0.5061659296654769,12.147982311971447,0.5061659296654769,0.4145922324347415,0.0,0.0,0.1137352797912074,0.0,0.0,0.613483187023064,0.0,559.3867798565637,-0.02080124096463388,0.032
raceline_xy,20260415_212047_eb9da4db,2870,91.87199999999343,198.80499359097357,-298.4045688778535,6.083822590551102,-0.04408402347080953,6.083982307208437,0.25349926280035157,-2.6977954949664884,-0.0353140635998242,0.18190544125189584,0.9095272062594791,0.23176579299487532,0.00999229125777168,0.0,0.0,0.5733111962569096,12.158229126320865,0.5065928802633693,12.158229126320865,0.5065928802633693,12.158229126320865,0.5065928802633693,0.4139305391490229,0.0,0.0,0.11381058172277313,0.0,0.0,0.6145765727901579,0.0,559.4559235124062,-0.01951479241262238,0.032
raceline_xy,20260415_212047_eb9da4db,2871,91.90399999999343,198.62847214237723,-298.4866829648576,6.083770427451489,-0.044037154642819765,6.083929806048251,0.25349707525201043,-2.6989494014424604,-0.03605529667067394,0.18310845636528386,0.9155422818264193,0.2318671959000782,0.009993757220217336,0.0,0.0,0.573467264223404,12.168685192442304,0.507028549685096,12.168685192442304,0.507028549685096,12.168685192442304,0.507028549685096,0.4132567379396126,0.0,0.0,0.11389536385744417,0.0,0.0,0.6156747105285191,0.0,559.503174556574,-0.018811998649685857,0.032
raceline_xy,20260415_212047_eb9da4db,2872,91.93599999999343,198.45186902958062,-298.56862071176977,6.0837700241141395,-0.04307014548015475,6.083922480089751,0.25349677000373966,-2.70010652390347,-0.03615669001082807,0.18442625400793267,0.9221312700396633,0.23196357519886357,0.0099958563779321,0.0,0.0,0.5736233377981453,12.179356880367386,0.5074732033486411,12.179356880367386,0.5074732033486411,12.179356880367386,0.5074732033486411,0.4125705006120053,0.0,0.0,0.11397997742173298,0.0,0.0,0.6167851974661053,0.0,559.5097679192233,-0.018932527376865085,0.032
raceline_xy,20260415_212047_eb9da4db,2873,91.96799999999342,198.2751849336755,-298.650385688618,6.083803351159172,-0.04206211840417895,6.08394875367801,0.25349786473658376,-2.7012523172826626,-0.03580399277678434,0.18585218498413317,0.9292609249206658,0.2320719706828287,0.010013143598814889,0.0,0.0,0.5737794163260638,12.190234211154404,0.5079264254647669,12.190234211154404,0.5079264254647669,12.190234211154404,0.5079264254647669,0.41187255165496817,0.0,0.0,0.11405583969723072,0.0,0.0,0.6179132156647753,0.0,559.4861216897905,-0.019598644781508846,0.032
raceline_xy,20260415_212047_eb9da4db,2874,91.99999999999342,198.09841285818308,-298.7319628830054,6.0838401907563355,-0.041655291210039636,6.08398279336389,0.25349928305682873,-2.70238436180181,-0.03537533087782543,0.1873991754337095,0.9369958771685474,0.23219254888983354,0.010048048244842622,0.0,0.0,0.5739354991541447,12.201332967857653,0.5083888736607355,12.201332967857653,0.5083888736607355,12.201332967857653,0.5083888736607355,0.4111619635986399,0.0,0.0,0.11412294916814691,0.0,0.0,0.6190753913428101,0.0,559.4554859724986,-0.020318182454856212,0.032
raceline_xy,20260415_212047_eb9da4db,2875,92.03199999999342,197.92154419346886,-298.81333198888797,6.083858106095759,-0.041975380212577296,6.084002908254653,0.2535001211772772,-2.7035101304628117,-0.03517949047734597,0.1890850749789263,0.9454253748946314,0.2323169670188272,0.010093107122224332,0.0,0.0,0.5740915856314414,12.212657973524855,0.5088607488968689,12.212657973524855,0.5088607488968689,12.212657973524855,0.5088607488968689,0.4104385185771706,0.0,0.0,0.11418523554737149,0.0,0.0,0.6202696298293876,0.0,559.4373825708121,-0.020714658880336648,0.032
raceline_xy,20260415_212047_eb9da4db,2876,92.06399999999341,197.7445738965345,-298.89447965639124,6.083850871035276,-0.04271492297785118,6.084000820647684,0.25350003419365347,-2.7046400457241573,-0.03530876469790155,0.19091955559377244,0.9545977779688621,0.23243455532578405,0.010137907806576862,0.0,0.0,0.5742476751090886,12.224210832527817,0.5093421180219924,12.224210832527817,0.5093421180219924,12.224210832527817,0.5093421180219924,0.40970220779006494,0.0,0.0,0.11424795714523847,0.0,0.0,0.6214917119917364,0.0,559.4392614170843,-0.02069750594865831,0.032
raceline_xy,20260415_212047_eb9da4db,2877,92.09599999999341,197.5675021922686,-298.97540437089606,6.083827201036716,-0.0434274539003523,6.083982195554694,0.25349925814811225,-2.705780975870672,-0.03565248539969124,0.1904257856806149,0.9521289284030745,0.23225301853788682,0.009585796983222483,0.0,0.0,0.5743257207708455,12.230073221271052,0.5095863842196272,12.230073221271052,0.5095863842196272,12.230073221271052,0.5095863842196272,0.40932922480090683,0.0,0.0,0.11447727665420848,0.0,0.0,0.6203008283697398,0.0,559.456024000775,-0.0006544961363069458,0.032
raceline_xy,20260415_212047_eb9da4db,2878,92.1279999999934,197.39034138624905,-299.0561298954355,6.083778314822585,-0.043119823440347815,6.08393112247986,0.2534971301033275,-2.7069522790618574,-0.03660083776063033,0.18986733453878074,0.9493366726939036,0.232325449070244,0.009595061658831394,0.0,0.0,0.57448181353698,12.241970971877496,0.510082123828229,12.241970971877496,0.510082123828229,12.241970971877496,0.510082123828229,0.408573597395435,0.0,0.0,0.11468940748564617,0.0,0.0,0.6233799524907654,0.0,559.5019897681258,-0.018620593360167664,0.032
raceline_xy,20260415_212047_eb9da4db,2879,92.1599999999934,197.21325856972263,-299.1370457906357,6.0841057970208565,-0.03074666748794641,6.084183487281132,0.2535076453033805,-2.707930396621072,-0.030576966089747904,0.18903016107004833,0.9451508053502417,0.2325951337042813,0.009801426453912576,0.0,0.0,0.5746379076904912,12.254093659733126,0.5105872358222135,12.254093659733126,0.5105872358222135,12.254093659733126,0.5105872358222135,0.4078055307996049,0.0,0.0,0.11480970879164848,0.0,0.0,0.6245305830272341,0.0,559.2748614469806,-0.02745131305811252,0.032
raceline_xy,20260415_212047_eb9da4db,2880,92.1919999999934,197.03604555630665,-299.2176843512872,6.084190813443208,-0.03469025658387448,6.084289709431051,0.25351207122629377,-2.7088558302773045,-0.028929878284107306,0.18841299639219292,0.9420649819609646,0.23291377291168613,0.010064391473191492,0.0,0.0,0.5747940001873517,12.26643939758485,0.5111016415660354,12.26643939758485,0.5111016415660354,12.26643939758485,0.5111016415660354,0.4070252415693627,0.0,0.0,0.11489953394008917,0.0,0.0,0.6258576677840405,0.0,559.1792615120538,-0.029565806912764156,0.032
raceline_xy,20260415_212047_eb9da4db,2881,92.2239999999934,196.85863375298834,-299.2978723994067,6.083974014242919,-0.04391806421361588,6.084132526691654,0.2535055219454856,-2.7098680169251654,-0.03163238288674651,0.18820054577364814,0.9410027288682407,0.23313905627726017,0.010244532893333602,0.0,0.0,0.5749500901279796,12.279032631469068,0.5116263596445445,12.279032631469068,0.5116263596445445,12.279032631469068,0.5116263596445445,0.4062312881865511,0.0,0.0,0.11502759606988379,0.0,0.0,0.6272796155678435,0.0,559.3207259775108,-0.026081158391335763,0.032
raceline_xy,20260415_212047_eb9da4db,2882,92.25599999999339,196.68105223223594,-299.37765700710327,6.083578028834072,-0.05056339935068177,6.08378815297398,0.2534911730405825,-2.7110227111162235,-0.03607720850276552,0.18834042944298826,0.9417021472149413,0.2332160110124617,0.010286123413826953,0.0,0.0,0.5751061794673848,12.291883869183561,0.5121618278826484,12.291883869183561,0.5121618278826484,12.291883869183561,0.5121618278826484,0.4054231214526687,0.0,0.0,0.1152247357962541,0.0,0.0,0.6287251044773007,0.0,559.6306623234173,-0.02058051452097057,0.032
raceline_xy,20260415_212047_eb9da4db,2883,92.28799999999339,196.50336649964171,-299.4571863960784,6.083278335686011,-0.05149136076016081,6.083496253772143,0.2534790105738393,-2.7122850231789464,-0.03943686813696472,0.18867319160292245,0.9433659580146122,0.23318195764519833,0.010224070199226887,0.0,0.0,0.575262267522716,12.305003588820668,0.5127084828675278,12.305003588820668,0.5127084828675278,12.305003588820668,0.5127084828675278,0.40460020242602157,0.0,0.0,0.11547517491759499,0.0,0.0,0.630120357056974,0.0,559.8933716050708,-0.01670613286599035,0.032
raceline_xy,20260415_212047_eb9da4db,2884,92.31999999999339,196.32562828972073,-299.53659177698637,6.083223134327234,-0.047856634982138324,6.083411375168202,0.25347547396534176,-2.7135739710859186,-0.04027121511859686,0.18905797870327626,0.9452898935163813,0.2331200049330846,0.010139372840552774,0.0,0.0,0.575418353613269,12.31840240095153,0.5132667667063138,12.31840240095153,0.5132667667063138,12.31840240095153,0.5132667667063138,0.4037619925127367,0.0,0.0,0.11573923645752802,0.0,0.0,0.6314777649071756,0.0,559.9697623486177,-0.016138395119753568,0.032
raceline_xy,20260415_212047_eb9da4db,2885,92.35199999999338,196.14785144234048,-299.6159174516495,6.083346114839857,-0.04304572471454682,6.083498408592986,0.25347910035804105,-2.7148197051548317,-0.03892525449425646,0.18944666678734035,0.9472333339367017,0.23310068934418693,0.010101898654813368,0.0,0.0,0.5755744370605024,12.332091055852452,0.5138371273271855,12.332091055852452,0.5138371273271855,12.332091055852452,0.5138371273271855,0.4029079533828077,0.0,0.0,0.1159825408248121,0.0,0.0,0.6328611787899802,0.0,559.8914322663124,-0.018251122518281766,0.032
raceline_xy,20260415_212047_eb9da4db,2886,92.38399999999338,195.9700151406871,-299.695121004473,6.083509215178153,-0.040119460988004896,6.083641503434229,0.25348506264309284,-2.7159981978772896,-0.03682780703332289,0.18988379753368836,0.9494189876684418,0.2331473004393474,0.01013582259984025,0.0,0.0,0.5757305171880505,12.346082539263172,0.5144201058026322,12.346082539263172,0.5144201058026322,12.346082539263172,0.5144201058026322,0.4020374171396264,0.0,0.0,0.11619262003019336,0.0,0.0,0.6343092839750271,0.0,559.7626469091939,-0.02114244278192321,0.032
raceline_xy,20260415_212047_eb9da4db,2887,92.41599999999337,195.792084882508,-299.77412166693915,6.083615206348336,-0.04021575852218273,6.083748128098846,0.2534895053374519,-2.717130859410897,-0.0353970367554932,0.19045454714459975,0.9522727357229988,0.23323706664603439,0.010220076427157831,0.0,0.0,0.5758865933217374,12.36039315338305,0.5150163813909604,12.36039315338305,0.5150163813909604,12.36039315338305,0.5150163813909604,0.4011495215866545,0.0,0.0,0.11637919182531496,0.0,0.0,0.6358266042079053,0.0,559.6666847110381,-0.02304605399152396,0.032
raceline_xy,20260415_212047_eb9da4db,2888,92.44799999999337,195.61403540441458,-299.85285517781716,6.083623893859823,-0.042491053970636905,6.083772281373595,0.2534905117238998,-2.7182595787568955,-0.03527288470983769,0.19122512972603994,0.9561256486301997,0.2333282558566241,0.010312334194898298,0.0,0.0,0.5760426647895911,12.375020676071568,0.515625861502982,12.375020676071568,0.515625861502982,12.375020676071568,0.515625861502982,0.40024456281868126,0.0,0.0,0.11656198493608405,0.0,0.0,0.6373971440169018,0.0,559.6449467637639,-0.023251483852147436,0.032
raceline_xy,20260415_212047_eb9da4db,2889,92.47999999999337,195.43586197028242,-299.93130343175807,6.083549972410145,-0.045162627859860915,6.083717607661181,0.2534882336525492,-2.719417967977403,-0.03619797843916074,0.1922108601692669,0.9610543008463344,0.23338815010833702,0.010378997833519588,0.0,0.0,0.576198730921858,12.389968154641842,0.5162486731100767,12.389968154641842,0.5162486731100767,12.389968154641842,0.5162486731100767,0.39932251320734347,0.0,0.0,0.11675777054640973,0.0,0.0,0.6390069767394256,0.0,559.6941531049367,-0.022179602198746123,0.032
raceline_xy,20260415_212047_eb9da4db,2890,92.51199999999336,195.2575767607036,-300.0094904445048,6.083451554851425,-0.04675547503599242,6.083631226058173,0.2534846344190905,-2.7206155492491506,-0.03742106097611863,0.19338128930294915,0.9669064465147457,0.2334050945523818,0.010410559213885229,0.0,0.0,0.5763547910510165,12.405251872822166,0.5168854947009236,12.405251872822166,0.5168854947009236,12.405251872822166,0.5168854947009236,0.39838253691621706,0.0,0.0,0.11697383122659605,0.0,0.0,0.6406436002119268,0.0,559.7718965476442,-0.02082131126233177,0.032
raceline_xy,20260415_212047_eb9da4db,2891,92.54399999999336,195.07919704522004,-300.08745661612323,6.083388648518784,-0.04681429927001135,6.0835687739634645,0.2534820322484777,-2.721839673604915,-0.03825012931898194,0.19468865783279266,0.9734432891639633,0.23339236166488853,0.010419681405829273,0.0,0.0,0.5765108445117918,12.420875131016373,0.5175364637923489,12.420875131016373,0.5175364637923489,12.420875131016373,0.5175364637923489,0.39742460761533716,0.0,0.0,0.11720450158657345,0.0,0.0,0.642295113813524,0.0,559.8281034328816,-0.020031702856497514,0.032
raceline_xy,20260415_212047_eb9da4db,2892,92.57599999999336,194.90073430726738,-300.165231552043,6.083383357813185,-0.04585104822881059,6.0835561472499045,0.2534815061354127,-2.7230689145582208,-0.03841075766957639,0.1960972400892092,0.980486200446046,0.23337181945378882,0.01042780505318408,0.0,0.0,0.5766668906411703,12.436841330128932,0.5182017220887055,12.436841330128932,0.5182017220887055,12.436841330128932,0.5182017220887055,0.39644869798450477,0.0,0.0,0.11743936196513444,0.0,0.0,0.6439686161756856,0.0,559.8394674750856,-0.020105754930753703,0.032
raceline_xy,20260415_212047_eb9da4db,2893,92.60799999999335,194.7221898035032,-300.24282071662816,6.083417711901892,-0.04478195789884465,6.083582536732357,0.25348260569718156,-2.7242872881261473,-0.03807232255856196,0.19759727717799427,0.9879863858899713,0.23335949577287085,0.010450928350946853,0.0,0.0,0.5768229287784139,12.453153973851965,0.5188814155771652,12.453153973851965,0.5188814155771652,12.453153973851965,0.5188814155771652,0.39545477970771126,0.0,0.0,0.11767044520353906,0.0,0.0,0.6456770267250227,0.0,559.8157169408782,-0.02078307770417008,0.032
raceline_xy,20260415_212047_eb9da4db,2894,92.63999999999335,194.54355691790016,-300.3202091695668,6.08345826011197,-0.044310585403644076,6.0836196322997855,0.2534841513458244,-2.7254913395021685,-0.037625655058488604,0.19920045453663227,0.9960022726831613,0.2333585560244984,0.01049252037188575,0.0,0.0,0.5769789582650748,12.469810013422556,0.5195754172259398,12.469810013422556,0.5195754172259398,12.469810013422556,0.5195754172259398,0.39444322713467495,0.0,0.0,0.11789582388834913,0.0,0.0,0.6474262677321427,0.0,559.7823309301926,-0.02155261728141716,0.032
raceline_xy,20260415_212047_eb9da4db,2895,92.67199999999335,194.36482708221737,-300.3973753007685,6.083479002241085,-0.04460794867159734,6.083642547010211,0.25348510612542546,-2.726688351085394,-0.03740594898996595,0.20093473585580132,1.0046736792790065,0.23336132176100222,0.010545445467811998,0.0,0.0,0.5771350116248417,12.486815629353512,0.5202839845563964,12.486815629353512,0.5202839845563964,12.486815629353512,0.5202839845563964,0.3934138569970962,0.0,0.0,0.11811873147963525,0.0,0.0,0.6492212292834024,0.0,559.76170769081,-0.02200359232947196,0.032
raceline_xy,20260415_212047_eb9da4db,2896,92.70399999999334,194.18599504102903,-300.47430413988167,6.083471658339542,-0.0453760153839613,6.083640883598619,0.2534850368166091,-2.727889254898333,-0.03752733935172714,0.2020213042086702,1.0101065210433509,0.2330961444795112,0.009971306764442467,0.0,0.0,0.5772130924872598,12.495457669166122,0.5206440695485884,12.495457669166122,0.5206440695485884,12.495457669166122,0.5206440695485884,0.39289206053003367,0.0,0.0,0.11836699161188967,0.0,0.0,0.6474710190287458,0.0,559.7632047612424,-0.0009935829100189211,0.032
raceline_xy,20260415_212047_eb9da4db,2897,92.73599999999334,194.00706942754243,-300.5510107982067,6.083418520553876,-0.045412460594503656,6.083588019236276,0.25348283413484485,-2.7291215416036385,-0.038507177708873574,0.20149720858961645,1.007486042948082,0.23305821211675593,0.009995694542963118,0.0,0.0,0.5773692464035891,12.513016156906012,0.5213756732044171,12.513016156906012,0.5213756732044171,12.513016156906012,0.5213756732044171,0.3918346210200587,0.0,0.0,0.1187399421155738,0.0,0.0,0.6520169331612518,0.0,559.8107826873509,-0.020258943390353456,0.032
raceline_xy,20260415_212047_eb9da4db,2898,92.76799999999334,193.82821718415906,-300.6279108321381,6.083777419631015,-0.032682433504219066,6.083865205037991,0.25349438354324966,-2.7301529294475646,-0.032240540292595835,0.20067871223544523,1.003393561177226,0.2332245561426407,0.010225188919980255,0.0,0.0,0.5775253893693385,12.530945356251937,0.522122723177164,12.530945356251937,0.522122723177164,12.530945356251937,0.522122723177164,0.3907586055540402,0.0,0.0,0.1190170138587192,0.0,0.0,0.6537771892027463,0.0,559.5613154658074,-0.029472421522750175,0.032
raceline_xy,20260415_212047_eb9da4db,2899,92.79999999999333,193.64922931212286,-300.704503357806,6.083858431179314,-0.03720643955326075,6.083972199950938,0.2534988416646224,-2.731135651506345,-0.030718786558794238,0.2000922391958663,1.0004611959793315,0.23343466896087106,0.010507575342293407,0.0,0.0,0.5776815207394776,12.54925120063751,0.5228854666932296,12.54925120063751,0.5228854666932296,12.54925120063751,0.5228854666932296,0.38966387626443577,0.0,0.0,0.11926770411123973,0.0,0.0,0.6557497615281664,0.0,559.4650200441556,-0.03143904387417494,0.032
raceline_xy,20260415_212047_eb9da4db,2900,92.83199999999333,193.47004087841074,-300.7806096735714,6.083596937828112,-0.04706590286234258,6.083778998382817,0.25349079159928406,-2.732216182562932,-0.03376750798195954,0.19992478377228642,0.9996239188614321,0.2335391287532298,0.0106963976207064,0.0,0.0,0.5778376398713369,12.567939776987988,0.5236641573744995,12.567939776987988,0.5236641573744995,12.567939776987988,0.5236641573744995,0.3885502939796739,0.0,0.0,0.11956703264208468,0.0,0.0,0.6578324726814739,0.0,559.6389014554643,-0.027446080035971595,0.032
raceline_xy,20260415_212047_eb9da4db,2901,92.86399999999333,193.29068466059428,-300.856287080095,6.083143049539691,-0.053944897832816974,6.083382234675481,0.25347425977814503,-2.73344974508308,-0.03854219315222083,0.2001127584420388,1.000563792210194,0.23348364043558645,0.010736451954018733,0.0,0.0,0.5779937461246226,12.587017328123707,0.5244590553384878,12.587017328123707,0.5244590553384878,12.587017328123707,0.5244590553384878,0.3874177183529768,0.0,0.0,0.11994707507380985,0.0,0.0,0.6599455976398292,0.0,559.9959887920666,-0.021533991678537333,0.032
raceline_xy,20260415_212047_eb9da4db,2902,92.89599999999332,193.1112278209951,-300.9316989107447,6.082814160063258,-0.05462882761876742,6.0830594617078235,0.25346081090449263,-2.734794797740081,-0.042023560405423016,0.20048128433651213,1.0024064216825606,0.23331238367598717,0.010669885972734772,0.0,0.0,0.5781498388614326,12.606500208645485,0.5252708420268952,12.606500208645485,0.5252708420268952,12.606500208645485,0.5252708420268952,0.3862654204249547,0.0,0.0,0.12038822148764743,0.0,0.0,0.6620099006622773,0.0,560.2864844629585,-0.017551880965871708,0.032
raceline_xy,20260415_212047_eb9da4db,2903,92.92799999999332,192.93172070617425,-301.00698408161486,6.082765835525777,-0.0505601554486419,6.082975960757908,0.2534573316982462,-2.7361634952281335,-0.04276451812267245,0.20088182885535175,1.0044091442767586,0.23311542034377908,0.01058460844139697,0.0,0.0,0.5783059174462707,12.626395855883686,0.5260998273284869,12.626395855883686,0.5260998273284869,12.626395855883686,0.5260998273284869,0.3850932132406757,0.0,0.0,0.12084564246955493,0.0,0.0,0.6640420534262382,0.0,560.3616353178822,-0.017145983231732654,0.032
raceline_xy,20260415_212047_eb9da4db,2904,92.95999999999331,192.75217450552375,-301.08218474539757,6.082911920667742,-0.04544248711181931,6.083081657699214,0.2534617357374673,-2.737482965363407,-0.04123021815668537,0.20126794010658103,1.0063397005329051,0.2329704324733659,0.010552882642393957,0.0,0.0,0.5784619812460636,12.646692173412283,0.5269455072255118,12.646692173412283,0.5269455072255118,12.646692173412283,0.5269455072255118,0.38390206381192415,0.0,0.0,0.12127919226633495,0.0,0.0,0.6661070099891223,0.0,560.2665080707069,-0.01952566858444004,0.032
raceline_xy,20260415_212047_eb9da4db,2905,92.99199999999331,192.57256637724157,-301.1572508297289,6.083095366518103,-0.04248131053541293,6.083243698874707,0.2534684874531128,-2.738730521984383,-0.03898624531563144,0.2016906631483402,1.0084533157417008,0.2328952749389015,0.010597411021892267,0.0,0.0,0.5786180296301757,12.667404355929342,0.5278085148303893,12.667404355929342,0.5278085148303893,12.667404355929342,0.5278085148303893,0.38269133866617366,0.0,0.0,0.12167865824820519,0.0,0.0,0.6682538242176482,0.0,560.1206710127633,-0.022616694747623414,0.032
raceline_xy,20260415_212047_eb9da4db,2906,93.02399999999331,192.39286132860917,-301.23209425775883,6.083209480534534,-0.04276535603737042,6.0833598002865354,0.253473325011939,-2.739931268264028,-0.03752457835603999,0.20224093948465632,1.0112046974232816,0.23286308758357288,0.01069310661485856,0.0,0.0,0.5787740619704246,12.688538371456843,0.5286890988107018,12.688538371456843,0.5286890988107018,12.688538371456843,0.5286890988107018,0.3814609574853147,0.0,0.0,0.12205594695335402,0.0,0.0,0.6704807767070081,0.0,560.0161797421177,-0.02456801710843312,0.032
raceline_xy,20260415_212047_eb9da4db,2907,93.0559999999933,192.21303503128857,-301.30664764336046,6.0832121488951465,-0.04529433464738997,6.083380772663886,0.25347419886099526,-2.74113044176916,-0.03747449007718983,0.20298658673155398,1.01493293365777,0.23282749951300374,0.010794747984661957,0.0,0.0,0.5789300776410974,12.71009973302398,0.5295874888759992,12.71009973302398,0.5295874888759992,12.71009973302398,0.5295874888759992,0.3802108748412114,0.0,0.0,0.12243431375896677,0.0,0.0,0.6727765486974578,0.0,559.9973046025024,-0.024691914032983042,0.032
raceline_xy,20260415_212047_eb9da4db,2908,93.0879999999933,192.03308421650678,-301.38089436415277,6.083123422707649,-0.048138907234973605,6.083313893782253,0.25347141224092723,-2.7423629451821965,-0.038514194533575935,0.20394025930285303,1.019701296514265,0.23275330662959348,0.010867448499585208,0.0,0.0,0.5790860760189667,12.73209410000618,0.5305039208335908,12.73209410000618,0.5305039208335908,12.73209410000618,0.5305039208335908,0.3789410450678412,0.0,0.0,0.1228328619574213,0.0,0.0,0.675123379748616,0.0,560.0574955959719,-0.023495318206412437,0.032
raceline_xy,20260415_212047_eb9da4db,2909,93.1199999999933,191.85302207671887,-301.4548623350077,6.083011098524487,-0.04976436348423929,6.083214653178455,0.25346727721576895,-2.7436374424242267,-0.03982509353275064,0.20506685956364912,1.0253342978182456,0.23263226691139227,0.010902560208908785,0.0,0.0,0.5792420564833058,12.754527448290858,0.5314386436787858,12.754527448290858,0.5314386436787858,12.754527448290858,0.5314386436787858,0.37765141273606506,0.0,0.0,0.12325730089137751,0.0,0.0,0.6775014007437768,0.0,560.1468121393899,-0.02205309272353964,0.032
raceline_xy,20260415_212047_eb9da4db,2910,93.1519999999933,191.67286601056048,-301.5285954044679,6.082942093555941,-0.04974932781542707,6.083145527535308,0.25346439698063783,-2.744939378916891,-0.04068230044580815,0.20631471408267257,1.0315735704133628,0.23247961037416642,0.010914653579299216,0.0,0.0,0.5793980184159062,12.777408303023691,0.5323920126259871,12.777408303023691,0.5323920126259871,12.777408303023691,0.5323920126259871,0.3763417855927895,0.0,0.0,0.12370088108506648,0.0,0.0,0.6799038836408436,0.0,560.2090252182225,-0.021257271004179828,0.032
raceline_xy,20260415_212047_eb9da4db,2911,93.18399999999329,191.4926269691175,-301.60212439190695,6.08293867525357,-0.04868714559271048,6.083133515306205,0.25346389647109185,-2.746245718529587,-0.04082059678404389,0.2076708177639805,1.0383540888199023,0.23231883202602477,0.010927380660743502,0.0,0.0,0.5795541036943307,12.800754990727388,0.5333647912803078,12.800754990727388,0.5333647912803078,12.800754990727388,0.5333647912803078,0.37501142555943145,0.0,0.0,0.12415082406509534,0.0,0.0,0.6823441197956971,0.0,560.2198362244152,-0.021386649308974787,0.032
raceline_xy,20260415_212047_eb9da4db,2912,93.21599999999329,191.31230552940548,-301.67545370185223,6.082978480837866,-0.04756469136117536,6.083164439516726,0.2534651849798636,-2.7475399486036274,-0.040443204742877346,0.20914075183770905,1.0457037591885452,0.23216647278884572,0.010957318081220357,0.0,0.0,0.5797103213206721,12.824576274538536,0.534357344772439,12.824576274538536,0.534357344772439,12.824576274538536,0.534357344772439,0.37366015754517523,0.0,0.0,0.12459775732656794,0.0,0.0,0.6848342590423553,0.0,560.192004434946,-0.022294870535153003,0.032
raceline_xy,20260415_212047_eb9da4db,2913,93.24799999999328,191.13189461499252,-301.74856613539896,6.08302344644394,-0.04711582007131465,6.083205910577719,0.2534669129407383,-2.748818982918543,-0.03996910186142651,0.2107160974807206,1.053580487403603,0.23202529767140723,0.011006932027332716,0.0,0.0,0.5798665185564295,12.848868993150788,0.5353695413812828,12.848868993150788,0.5353695413812828,12.848868993150788,0.5353695413812828,0.37228849036723144,0.0,0.0,0.1250409747372937,0.0,0.0,0.687379160034502,0.0,560.1546804800521,-0.023128325835142172,0.032
raceline_xy,20260415_212047_eb9da4db,2914,93.27999999999328,190.95138449790315,-301.8214350585193,6.083040374024227,-0.04758466298781716,6.083226487001818,0.25346777029174244,-2.7500926866799302,-0.039802673821323416,0.21241912351350536,1.0620956175675267,0.2318849698257588,0.01106637593251003,0.0,0.0,0.5800226948301251,12.873641370239344,0.5364017237599726,12.873641370239344,0.5364017237599726,12.873641370239344,0.5364017237599726,0.3708962941306777,0.0,0.0,0.125485803688627,0.0,0.0,0.689986011148158,0.0,560.1361616983633,-0.02353022072085791,0.032
raceline_xy,20260415_212047_eb9da4db,2915,93.31199999999328,190.77077054413814,-301.8940454579519,6.083024153498048,-0.048500881391502215,6.083217502895684,0.2534673959539868,-2.751373233232208,-0.04001622411860746,0.2142592641949278,1.071296320974639,0.23173303510729415,0.011123495154364615,0.0,0.0,0.580178849572885,12.898901838344536,0.5374542432643556,12.898901838344536,0.5374542432643556,12.898901838344536,0.5374542432643556,0.3694834388948265,0.0,0.0,0.12593912790634812,0.0,0.0,0.6926494530254756,0.0,560.1442473938844,-0.023450024300196704,0.032
raceline_xy,20260415_212047_eb9da4db,2916,93.34399999999327,190.59005386719733,-301.96639733312804,6.082988739088469,-0.04931909245502286,6.083188668186916,0.2534661945077882,-2.752667742309069,-0.040452171891141975,0.21447084650405276,1.0723542325202637,0.2313343381173638,0.010499519116299538,0.0,0.0,0.5802569186931071,12.911717800286432,0.5379882416786014,12.911717800286432,0.5379882416786014,12.911717800286432,0.5379882416786014,0.368769223547488,0.0,0.0,0.1263952510436465,0.0,0.0,0.6900383830311846,0.0,560.170198631775,-0.0005312441067367446,0.032
raceline_xy,20260415_212047_eb9da4db,2917,93.37599999999327,190.40924448467263,-302.0385119227413,6.082928484603275,-0.04918349131523936,6.083127317804211,0.2534636382418421,-2.753998610906776,-0.04158773368785859,0.214184282018227,1.070921410091135,0.23112472352715185,0.010513128656916226,0.0,0.0,0.5804130400785626,12.937726687721423,0.539071945321726,12.937726687721423,0.539071945321726,12.937726687721423,0.539071945321726,0.367325136216337,0.0,0.0,0.12701535750630766,0.0,0.0,0.6967522869398339,0.0,560.22541397621,-0.02097429793432179,0.032
raceline_xy,20260415_212047_eb9da4db,2918,93.40799999999327,190.22851690472655,-302.1108581533315,6.083340072287839,-0.034767583572593797,6.0834394235473805,0.2534766426478075,-2.7551078566575553,-0.034672169165487404,0.21354003979762168,1.0677001989881083,0.23113982031455826,0.010754343337127548,0.0,0.0,0.5805691385223997,12.964271418029,0.5401779757512083,12.964271418029,0.5401779757512083,12.964271418029,0.5401779757512083,0.36585864805803014,0.0,0.0,0.12752858526504152,0.0,0.0,0.6994000626300576,0.0,559.9445188073571,-0.03114811241815768,0.032
raceline_xy,20260415_212047_eb9da4db,2919,93.43999999999326,190.04765766303248,-302.1828864082474,6.083449890656272,-0.03914578485266995,6.08357583700553,0.2534823265418971,-2.756156027798708,-0.032763229358899235,0.21311132573124805,1.0655566286562401,0.23121306780270068,0.011061647979849099,0.0,0.0,0.5807252134649894,12.991350567843579,0.5413062736601492,12.991350567843579,0.5413062736601492,12.991350567843579,0.5413062736601492,0.3643702343218842,0.0,0.0,0.1280090883291989,0.0,0.0,0.7022893034643509,0.0,559.8217466950223,-0.0336322353317483,0.032
raceline_xy,20260415_212047_eb9da4db,2920,93.47199999999326,189.86659708378195,-302.2543895452728,6.0831715670040225,-0.04974396750334975,6.083374949475755,0.25347395622815644,-2.7573023620904173,-0.03582427127942615,0.21311181503337062,1.065559075166853,0.23118023743941807,0.011275415465840766,0.0,0.0,0.5808812643493821,13.018964279399228,0.5424568449749678,13.018964279399228,0.5424568449749678,13.018964279399228,0.5424568449749678,0.3628602864567583,0.0,0.0,0.1285437835685123,0.0,0.0,0.7053154058766189,0.0,560.0025454718201,-0.02960644572142441,0.032
raceline_xy,20260415_212047_eb9da4db,2921,93.50399999999325,189.68536665251992,-302.32542195211,6.082657767175148,-0.05740773426829593,6.082928666401569,0.2534553611000654,-2.7586115975036547,-0.040908319208901735,0.21347926889252195,1.0673963444626096,0.23097602847743604,0.011330932154385298,0.0,0.0,0.581037290621324,13.04711813510464,0.5436299222960267,13.04711813510464,0.5436299222960267,13.04711813510464,0.5436299222960267,0.3613289039114469,0.0,0.0,0.12917355349199153,0.0,0.0,0.7083923007702282,0.0,560.4042002385871,-0.02330278476097009,0.032
raceline_xy,20260415_212047_eb9da4db,2922,93.53599999999325,189.50403339024817,-302.39615815491766,6.082269444554449,-0.058483366515401425,6.082550608118248,0.25343960867159365,-2.7600438027841463,-0.044748643629553005,0.214026731588138,1.07013365794069,0.23064316543184615,0.011268153179538665,0.0,0.0,0.5811932917292744,13.07582080139035,0.5448258667245979,13.07582080139035,0.5448258667245979,13.07582080139035,0.5448258667245979,0.3597760290115186,0.0,0.0,0.12987897778520602,0.0,0.0,0.7114214755617606,0.0,560.7444526935767,-0.018894104912157324,0.032
raceline_xy,20260415_212047_eb9da4db,2923,93.56799999999325,189.32264833746055,-302.4667517851809,6.0821984668103495,-0.0543258986376407,6.082441080103691,0.25343504500432046,-2.7615062960323273,-0.04569678645815897,0.2145903189136866,1.072951594568433,0.23027676191927293,0.01117978386613716,0.0,0.0,0.5813492671244226,13.105081176813616,0.5460450490339007,13.105081176813616,0.5460450490339007,13.105081176813616,0.5460450490339007,0.3582016045248002,0.0,0.0,0.13061008167641247,0.0,0.0,0.7144194643986024,0.0,560.8430279066777,-0.01827287844456959,0.032
raceline_xy,20260415_212047_eb9da4db,2924,93.59999999999324,189.14122389439828,-302.5372540208004,6.082357045890523,-0.04883958773823327,6.0825531266915,0.25343971361214584,-2.7629194481391153,-0.04415826066315797,0.21511359333619912,1.0755679666809954,0.2299572163109862,0.01114547628962237,0.0,0.0,0.5815052162607057,13.134909692148582,0.5472879038395243,13.134909692148582,0.5472879038395243,13.134909692148582,0.5472879038395243,0.3566055046992882,0.0,0.0,0.13132343750173192,0.0,0.0,0.7174696964637378,0.0,560.7421859776498,-0.020707321992976202,0.032
raceline_xy,20260415_212047_eb9da4db,2925,93.63199999999324,188.95973826021353,-302.60761482519473,6.082566162341607,-0.045522748814342595,6.082736509164499,0.2534473545485208,-2.7642561244536186,-0.041771212123621324,0.21564618157708768,1.0782309078854384,0.22971080222379658,0.011192387603782272,0.0,0.0,0.5816611385948255,13.165337402769435,0.5485557251153931,13.165337402769435,0.5485557251153931,13.165337402769435,0.5485557251153931,0.35498652468414615,0.0,0.0,0.13200354022186245,0.0,0.0,0.7206288410130928,0.0,560.5771417519508,-0.02401843677813138,0.032
raceline_xy,20260415_212047_eb9da4db,2926,93.66399999999324,188.77815671539724,-302.6777397874254,6.082700737601666,-0.04566304173024838,6.082872132192153,0.25345300550800637,-2.7655410196201977,-0.04015409686522437,0.2162839141047636,1.0814195705238179,0.22951125584641918,0.011295845199726262,0.0,0.0,0.5818170335862659,13.196356410557286,0.5498481837732202,13.196356410557286,0.5498481837732202,13.196356410557286,0.5498481837732202,0.35334555497078224,0.0,0.0,0.13266218518966874,0.0,0.0,0.7238860012957095,0.0,560.4550810270616,-0.02619184814769654,0.032
raceline_xy,20260415_212047_eb9da4db,2927,93.69599999999323,188.59645451274588,-302.7475540941805,6.082709395393198,-0.048285376078543774,6.082901040321774,0.25345421001340723,-2.766822036919735,-0.0400321968591734,0.21711749685279716,1.0855874842639857,0.22930942969590262,0.011409414656806671,0.0,0.0,0.5819732259920392,13.228006289437491,0.5511669287265621,13.228006289437491,0.5511669287265621,13.228006289437491,0.5511669287265621,0.35168098972445616,0.0,0.0,0.1333251873906615,0.0,0.0,0.7272469730220138,0.0,560.4290637104029,-0.026493270607708296,0.032
raceline_xy,20260415_212047_eb9da4db,2928,93.72799999999323,188.41462774620535,-302.8170368212146,6.0826115902049365,-0.05135213863458299,6.082828355250357,0.2534511814687649,-2.7681374059885346,-0.04110415929060241,0.2181732967116391,1.0908664835581954,0.22906672403561235,0.01149387241974198,0.0,0.0,0.5821294853555827,13.260280324414435,0.5525116801839348,13.260280324414435,0.5525116801839348,13.260280324414435,0.5525116801839348,0.34999368797670716,0.0,0.0,0.1340140466474133,0.0,0.0,0.7306760949623562,0.0,560.494480274678,-0.025372471475908476,0.032
raceline_xy,20260415_212047_eb9da4db,2929,93.75999999999323,188.23268867656483,-302.88621459441555,6.082480437303239,-0.053226833295772824,6.082713322684154,0.2534463884451731,-2.7694984746748306,-0.0425310508297767,0.21941451533992407,1.0970725766996203,0.2287721858697842,0.011537463640854728,0.0,0.0,0.5822857158425573,13.293182975450446,0.5538826239771019,13.293182975450446,0.5538826239771019,13.293182975450446,0.5538826239771019,0.3482839241983786,0.0,0.0,0.13473668974559458,0.0,0.0,0.7341545217495548,0.0,560.5980095842609,-0.023810060651821868,0.032
raceline_xy,20260415_212047_eb9da4db,2930,93.79199999999322,188.05065408311378,-302.9551327406455,6.082391839844536,-0.05339508113781566,6.082626203219881,0.25344275846749503,-2.7708918785284196,-0.04354120911242454,0.22078711116477553,1.1039355558238777,0.22843987033644053,0.011553568955307902,0.0,0.0,0.5824419170491266,13.32672702995114,0.5552802929146309,13.32672702995114,0.5552802929146309,13.32672702995114,0.5552802929146309,0.3465515523094673,0.0,0.0,0.13548687472591972,0.0,0.0,0.737675723710447,0.0,560.6764171021065,-0.022850107098558465,0.032
raceline_xy,20260415_212047_eb9da4db,2931,93.82399999999322,187.868535603893,-303.0238268637667,6.082378385050031,-0.05234719786351194,6.082603640551305,0.25344181835630436,-2.7722931048006423,-0.0437861767810478,0.22224785565221614,1.1112392782610807,0.22809481952700805,0.0115667173290257,0.0,0.0,0.5825980885743873,13.360925587219953,0.5567052328008314,13.360925587219953,0.5567052328008314,13.360925587219953,0.5567052328008314,0.3447964291102341,0.0,0.0,0.13625153485809194,0.0,0.0,0.74124797270063,0.0,560.6967235038251,-0.02287994169422392,0.032
raceline_xy,20260415_212047_eb9da4db,2932,93.85599999999322,187.6863347936322,-303.09230507237044,6.0824191587326535,-0.0511142935758937,6.082633927298749,0.25344308030411455,-2.773683025901616,-0.04343373293045492,0.2237826991304024,1.118913495652012,0.22775624624512858,0.011596052600550077,0.0,0.0,0.5827542300203861,13.39579206516552,0.55815800271523,13.39579206516552,0.55815800271523,13.39579206516552,0.55815800271523,0.3430184145637747,0.0,0.0,0.13702016438340622,0.0,0.0,0.7448889653982235,0.0,560.6694654311252,-0.023634908450684035,0.032
raceline_xy,20260415_212047_eb9da4db,2933,93.88799999999321,187.5040452281593,-303.16055092781045,6.082470759561838,-0.050531773673559766,6.082680659139961,0.25344502746416503,-2.7750566906452,-0.04292638462729939,0.22540318163527973,1.1270159081763986,0.2274290081549899,0.011647970787976192,0.0,0.0,0.582910340992136,13.431370443861521,0.5596404351608967,13.431370443861521,0.5596404351608967,13.431370443861521,0.5596404351608967,0.3412158451603,0.0,0.0,0.1377904564894489,0.0,0.0,0.7486239283295563,0.0,560.6274067740346,-0.024534512182012018,0.032
raceline_xy,20260415_212047_eb9da4db,2934,93.91999999999321,187.32165835852618,-303.22853904601607,6.082498074384163,-0.050837239001888745,6.082710518326216,0.2534462715969257,-2.776421856527712,-0.0426610295370592,0.2271297467723084,1.135648733861542,0.22710810415335647,0.011714249075815086,0.0,0.0,0.5830664210976348,13.467696886761878,0.5611540369484116,13.467696886761878,0.5611540369484116,13.467696886761878,0.5611540369484116,0.33938751052256366,0.0,0.0,0.13856541818457097,0.0,0.0,0.7524563328857875,0.0,560.600533506405,-0.025090391326743476,0.032
raceline_xy,20260415_212047_eb9da4db,2935,93.9519999999932,187.13916885230705,-303.2962510103963,6.082488711374443,-0.05171524912583303,6.082708557130587,0.25344618988044115,-2.777791067573183,-0.04278729723745232,0.2289048517023493,1.1445242585117466,0.22658417075571569,0.011062610760979918,0.0,0.0,0.5831444494538597,13.486126614982997,0.5619219422909582,13.486126614982997,0.5619219422909582,13.486126614982997,0.5619219422909582,0.3384645828502686,0.0,0.0,0.13912903707688873,0.0,0.0,0.7486982906701221,0.0,560.6022985824711,-0.0010040887753017431,0.032
raceline_xy,20260415_212047_eb9da4db,2936,93.9839999999932,186.9565814234098,-303.3636930705202,6.082426623536635,-0.05212982689734713,6.082650010444429,0.2534437504351846,-2.7791978780285245,-0.04396158650161228,0.22869100213776722,1.143455010688836,0.226211958819444,0.011094653192429416,0.0,0.0,0.5833004825315483,13.523527036582703,0.563480293190946,13.523527036582703,0.563480293190946,13.523527036582703,0.563480293190946,0.33660119134421373,0.0,0.0,0.14007913756664522,0.0,0.0,0.7583527531770216,0.0,560.6549906000131,-0.0228751010604422,0.032
raceline_xy,20260415_212047_eb9da4db,2937,94.0159999999932,186.7740698478195,-303.4313716991899,6.082878987783216,-0.037223618946784276,6.082992879974632,0.2534580366656097,-2.7803738471938884,-0.036755802836169096,0.22808933495479913,1.1404466747739956,0.22607276326450831,0.011362488217926625,0.0,0.0,0.5834564837761503,13.561659606718443,0.5650691502799351,13.561659606718443,0.5650691502799351,13.561659606718443,0.5650691502799351,0.33471439897775124,0.0,0.0,0.14091544197956846,0.0,0.0,0.762197287386868,0.0,560.346408022831,-0.03350725622457538,0.032
raceline_xy,20260415_212047_eb9da4db,2938,94.0479999999932,186.5914234005288,-303.49869838600216,6.082985888726229,-0.04218817772806638,6.08313218373417,0.25346384098892377,-2.7814939311075637,-0.03500892747374008,0.2277063546318002,1.138531773159001,0.22598210444019573,0.011691169349794084,0.0,0.0,0.5836124528062459,13.60053768078619,0.5666890700327579,13.60053768078619,0.5666890700327579,13.60053768078619,0.5666890700327579,0.33280418414096724,0.0,0.0,0.1417266037564356,0.0,0.0,0.7663290099294648,0.0,560.2210346392466,-0.0358069324454209,0.032
raceline_xy,20260415_212047_eb9da4db,2939,94.07999999999319,186.40857690610812,-303.565457045456,6.082652027754223,-0.05352185038805568,6.082887495195972,0.25345364563316547,-2.7827239095487055,-0.038437655516806814,0.22776142696311213,1.1388071348155606,0.22577071082558398,0.011914926205535803,0.0,0.0,0.583768389243478,13.640177834306368,0.5683407430960986,13.640177834306368,0.5683407430960986,13.640177834306368,0.5683407430960986,0.330870388931785,0.0,0.0,0.1426095506692455,0.0,0.0,0.7706357567151718,0.0,560.4412543236251,-0.03132241845271323,0.032
raceline_xy,20260415_212047_eb9da4db,2940,94.11199999999319,186.2255657750826,-303.6317149801726,6.0820657200504895,-0.061441340834568425,6.082376053926362,0.25343233558026507,-2.7841277661633814,-0.04386602623471279,0.22817859409937968,1.1408929704968984,0.22537566811984,0.0119697843790183,0.0,0.0,0.5839242927125707,13.680626277420266,0.5700260948925111,13.680626277420266,0.5700260948925111,13.680626277420266,0.5700260948925111,0.32891145028306923,0.0,0.0,0.14360872056822274,0.0,0.0,0.775026735995743,0.0,560.9015514662738,-0.024618567655258335,0.032
raceline_xy,20260415_212047_eb9da4db,2941,94.14399999999318,186.0424565535618,-303.6976617373656,6.0816373047573755,-0.06230924698967444,6.081956490215708,0.2534148537589878,-2.785659314970985,-0.04785463545797641,0.22875698252739682,1.1437849126369841,0.22484616951764114,0.011901938932694645,0.0,0.0,0.5840801628413473,13.72186166809454,0.5717442361706059,13.72186166809454,0.5717442361706059,13.72186166809454,0.5717442361706059,0.32692910791437235,0.0,0.0,0.14469953959822035,0.0,0.0,0.7793677858552943,0.0,561.2791588058625,-0.020072844667400648,0.032
raceline_xy,20260415_212047_eb9da4db,2942,94.17599999999318,185.85929738273296,-303.763459043948,6.081570406923549,-0.05774458687758455,6.081844543531339,0.2534101893138058,-2.787219152558934,-0.04874018057827299,0.22932125212724408,1.1466062606362204,0.22428415706000093,0.011811052712064285,0.0,0.0,0.5842360526498451,13.763900306123617,0.573495846088484,13.763900306123617,0.573495846088484,13.763900306123617,0.573495846088484,0.3249232830137987,0.0,0.0,0.14582481346562068,0.0,0.0,0.783695578219587,0.0,561.3799108217943,-0.019578373746349045,0.032
raceline_xy,20260415_212047_eb9da4db,2943,94.20799999999318,185.67609794896106,-303.82915680193054,6.081756025356366,-0.05194523187243605,6.081977857496091,0.25341574406233713,-2.7887242470601317,-0.04703219046055173,0.2297969231901809,1.1489846159509045,0.223773404091268,0.011782090646369703,0.0,0.0,0.5843923695059723,13.80679447674082,0.5752831031975342,13.80679447674082,0.5752831031975342,13.80679447674082,0.5752831031975342,0.3228922238440459,0.0,0.0,0.1469375461327989,0.0,0.0,0.7881196130091189,0.0,561.2599282535175,-0.02240875537345654,0.032
raceline_xy,20260415_212047_eb9da4db,2944,94.23999999999317,185.49283526912606,-303.89469765801886,6.081991512427707,-0.04856951894716932,6.082185442372949,0.2534243934322062,-2.7901481030883772,-0.04449565433004885,0.2302933780645335,1.1514668903226675,0.22333943493492203,0.011839405907929645,0.0,0.0,0.5845486517435865,13.850511028677754,0.5771046261949064,13.850511028677754,0.5771046261949064,13.850511028677754,0.5771046261949064,0.3208382545731676,0.0,0.0,0.14801623295920688,0.0,0.0,0.7926607852504499,0.0,561.0731018643456,-0.025955279613799988,0.032
raceline_xy,20260415_212047_eb9da4db,2945,94.27199999999317,185.30947417818803,-303.9599766239238,6.08213439397085,-0.04896681301001693,6.082331504867152,0.25343047936946467,-2.7915202011282734,-0.04287892832695374,0.23091553602106588,1.1545776801053294,0.22295104382974307,0.01195353343732286,0.0,0.0,0.5847048990436464,13.89506223019007,0.5789609262579196,13.89506223019007,0.5789609262579196,13.89506223019007,0.5789609262579196,0.31876154228588716,0.0,0.0,0.149076526079091,0.0,0.0,0.7973369477501295,0.0,560.9416456195631,-0.028152723924798624,0.032
raceline_xy,20260415_212047_eb9da4db,2946,94.30399999999317,185.12599157982947,-304.0249153378609,6.082131441542064,-0.0519115025704171,6.082352972024368,0.25343137383434866,-2.7928923528508047,-0.04287996474359524,0.23173952475891463,1.158697623794573,0.22255512820195067,0.01207267700138459,0.0,0.0,0.5848611110903016,13.940460733297076,0.5808525305540448,13.940460733297076,0.5808525305540448,13.940460733297076,0.5808525305540448,0.3166622545368316,0.0,0.0,0.1501492926005746,0.0,0.0,0.8021329921003073,0.0,560.9223251780685,-0.02826280894888692,0.032
raceline_xy,20260415_212047_eb9da4db,2947,94.33599999999316,184.94238563103931,-304.08949560393194,6.08201080194281,-0.055171119687504655,6.082261030850009,0.2534275429520837,-2.794303870277912,-0.044108940895910526,0.2327777091767415,1.1638885458837074,0.22211205137303924,0.012157540027677438,0.0,0.0,0.58501728757091,13.971058484971657,0.5821274368738191,13.971058484971657,0.5821274368738191,13.971058484971657,0.5821274368738191,0.3152569150676934,0.0,0.0,0.1509602141808581,0.0,0.0,0.8005814769733368,0.0,561.0050722349918,-0.02689383484780952,0.032
raceline_xy,20260415_212047_eb9da4db,2948,94.36799999999316,184.75867009683964,-304.15375065901185,6.081861702179637,-0.05701284208669066,6.082128922392405,0.25342203843301686,-2.79576394862711,-0.04562560228571979,0.23398861414122465,1.1699430707061231,0.22161328740096398,0.012198942758852027,0.0,0.0,0.5851734281760562,13.99336909693157,0.5830570457054821,13.99336909693157,0.5830570457054821,13.99336909693157,0.5830570457054821,0.31423700521632814,0.0,0.0,0.15163998268512363,0.0,0.0,0.8002261274098512,0.0,561.123969846835,-0.025278199024456043,0.032
raceline_xy,20260415_212047_eb9da4db,2949,94.39999999999316,184.57486192717263,-304.2177313294592,6.0817703838480055,-0.05698918734637348,6.082037386380087,0.2534182244325036,-2.7972555988499277,-0.04661210463797294,0.23531293960611813,1.1765646980305906,0.22107847081803333,0.012216612670335358,0.0,0.0,0.5853295325995698,14.016129828844083,0.5840054095351701,14.016129828844083,0.5840054095351701,14.016129828844083,0.5840054095351701,0.31320066937314417,0.0,0.0,0.15234504348479616,0.0,0.0,0.8026164855304453,0.0,561.2063522579216,-0.024420151144597224,0.032
raceline_xy,20260415_212047_eb9da4db,2950,94.43199999999315,184.39097116729985,-304.28147254671694,6.08176414685265,-0.05579954544643573,6.0820201189419265,0.2534175049559136,-2.7987526356888193,-0.046780905777878155,0.23670855833222115,1.1835427916611057,0.22053218514102912,0.012234130697519774,0.0,0.0,0.5854856005385423,14.039271879619065,0.5849696616507943,14.039271879619065,0.5849696616507943,14.039271879619065,0.5849696616507943,0.3121512461501066,0.0,0.0,0.15305996019743626,0.0,0.0,0.8050052112486438,0.0,561.2218929522658,-0.024618270307682384,0.032
raceline_xy,20260415_212047_eb9da4db,2951,94.46399999999315,184.20699770528304,-304.34497834690023,6.081812786364498,-0.0545715296376712,6.082057614017948,0.25341906725074786,-2.80023665368463,-0.046374703505661155,0.23816578767146207,1.1908289383573103,0.21999285704813554,0.012269914037149832,0.0,0.0,0.5856416316933467,14.062820060212097,0.5859508358421707,14.062820060212097,0.5859508358421707,14.062820060212097,0.5859508358421707,0.31108780592351293,0.0,0.0,0.15377392937295525,0.0,0.0,0.8074425713972865,0.0,561.1881473838462,-0.025511474336505732,0.032
raceline_xy,20260415_212047_eb9da4db,2952,94.49599999999315,184.0229343824804,-304.40822810716486,6.081866384485232,-0.054122250325573606,6.082107195430854,0.2534211331429523,-2.8017047884414614,-0.045878800138503664,0.23970045120652608,1.1985022560326304,0.21946298025944255,0.012326879993590278,0.0,0.0,0.5857976257676553,14.086784729910121,0.5869493637462551,14.086784729910121,0.5869493637462551,14.086784729910121,0.5869493637462551,0.310010087727155,0.0,0.0,0.15448515392575907,0.0,0.0,0.809936541002547,0.0,561.1435241122307,-0.026469093218893434,0.032
raceline_xy,20260415_212047_eb9da4db,2953,94.52799999999314,183.83877299377343,-304.4711943325577,6.0818880454733115,-0.05460594608620806,6.082133178993958,0.25342221579141494,-2.8031667700220773,-0.0456866312454744,0.24133511078735667,1.2066755539367833,0.21893234688640328,0.012395349145236878,0.0,0.0,0.585953582468458,14.111171725244176,0.5879654885518407,14.111171725244176,0.5879654885518407,14.111171725244176,0.5879654885518407,0.30891804215348495,0.0,0.0,0.15519964836590655,0.0,0.0,0.8124876322571939,0.0,561.1201389054373,-0.02701205558311065,0.032
raceline_xy,20260415_212047_eb9da4db,2954,94.55999999999314,183.65450912310476,-304.53385891508447,6.081867674099926,-0.05562516300271958,6.082122044485849,0.253421751853577,-2.804636017356051,-0.045913545977196255,0.24308222342935545,1.2154111171467772,0.21838721160959107,0.012461950916732079,0.0,0.0,0.5861095015060807,14.135986978140426,0.5889994574225178,14.135986978140426,0.5889994574225178,14.135986978140426,0.5889994574225178,0.3078116216375233,0.0,0.0,0.1559261121064596,0.0,0.0,0.8150908744956651,0.0,561.1301599627357,-0.027027834313909295,0.032
raceline_xy,20260415_212047_eb9da4db,2955,94.59199999999313,183.470143463569,-304.59621951525526,6.081819816928999,-0.05660859482629621,6.082083263043881,0.2534201359601617,-2.806121352593018,-0.04641608063250684,0.2448120340167878,1.2240601700839389,0.21767184908715054,0.01174657910300203,0.0,0.0,0.5861874468115933,14.148557081628095,0.589523211734504,14.148557081628095,0.589523211734504,14.148557081628095,0.589523211734504,0.3072530064201038,0.0,0.0,0.156532508738047,0.0,0.0,0.8125211845803488,0.0,561.1650632605068,-0.0005834579926145625,0.032
raceline_xy,20260415_212047_eb9da4db,2956,94.62399999999313,183.28568213595443,-304.65828930601896,6.081745044438823,-0.056873376996003255,6.082010964028847,0.253417123501202,-2.807650636167091,-0.04778901997736008,0.24483607043707678,1.2241803521853838,0.2170547849011153,0.01176132780710093,0.0,0.0,0.5863433088186512,14.174015841314912,0.5905839933881213,14.174015841314912,0.5905839933881213,14.174015841314912,0.5905839933881213,0.3061253899003975,0.0,0.0,0.15744333566361116,0.0,0.0,0.819086938695649,0.0,561.230132374037,-0.024187349720191185,0.032
raceline_xy,20260415_212047_eb9da4db,2957,94.65599999999313,183.10130232503855,-304.72063986152705,6.082270105430562,-0.039997694778861614,6.082401618686646,0.25343340077861026,-2.8089250863274486,-0.03983141038468397,0.24439350406946206,1.2219675203473102,0.21669449285914055,0.012036419047796176,0.0,0.0,0.5864991324530623,14.199902794801666,0.5916626164500695,14.199902794801666,0.5916626164500695,14.199902794801666,0.5916626164500695,0.30498395794461386,0.0,0.0,0.158214733148928,0.0,0.0,0.8216002098194355,0.0,560.8785431820183,-0.036023958883106,0.032
raceline_xy,20260415_212047_eb9da4db,2958,94.68799999999312,182.9167872036628,-304.78260711308076,6.082414499779257,-0.04532197000215854,6.082583351511907,0.2534409729796628,-2.8101381180963143,-0.03791189805497814,0.24411303875840087,1.2205651937920043,0.21638691222787054,0.01237984187061203,0.0,0.0,0.5866551920986807,14.226287762195366,0.5927619900914736,14.226287762195366,0.5927619900914736,14.226287762195366,0.5927619900914736,0.3038258780381238,0.0,0.0,0.1589544685914695,0.0,0.0,0.8244152474602994,0.0,560.7149836392831,-0.038635012780002455,0.032
raceline_xy,20260415_212047_eb9da4db,2959,94.71999999999312,182.73207715071555,-304.8439619019811,6.0820275637912955,-0.05733930967206291,6.082297845646064,0.25342907690191935,-2.8114637836497662,-0.04142781331473239,0.24424262939018335,1.2212131469509167,0.21595432285754868,0.012617668087675948,0.0,0.0,0.5868115054275573,14.253191737471365,0.5938829890613069,14.253191737471365,0.5938829890613069,14.253191737471365,0.5938829890613069,0.30265050424527695,0.0,0.0,0.15977131722321497,0.0,0.0,0.8274152081475306,0.0,560.971938918542,-0.03413349616085522,0.032
raceline_xy,20260415_212047_eb9da4db,2960,94.75199999999312,182.5472043738128,-304.90476496339403,6.081355867794883,-0.06610699771413553,6.0817151631682025,0.25340479846534175,-2.8129751674896717,-0.04722756524649453,0.24477479091100054,1.2238739545550026,0.21532459380227564,0.012675365957636409,0.0,0.0,0.5869677800318759,14.280599931823936,0.5950249971593307,14.280599931823936,0.5950249971593307,14.280599931823936,0.5950249971593307,0.30145876235688673,0.0,0.0,0.16071207714359032,0.0,0.0,0.8304367411064281,0.0,561.4963531486173,-0.027035117548581313,0.032
raceline_xy,20260415_212047_eb9da4db,2961,94.78399999999311,182.3622337195971,-304.9652184095874,6.080844455949522,-0.0673895961453197,6.081217859534442,0.25338407748060177,-2.814627155631709,-0.051620183885396374,0.2454964060476377,1.2274820302381884,0.21454602090526098,0.012598049567089653,0.0,0.0,0.5871240161527475,14.308530840522309,0.5961887850217629,14.308530840522309,0.5961887850217629,14.308530840522309,0.5961887850217629,0.30025013124040933,0.0,0.0,0.16175258166896864,0.0,0.0,0.8333878014715901,0.0,561.9439264190015,-0.02207456491043102,0.032
raceline_xy,20260415_212047_eb9da4db,2962,94.81599999999311,182.17721172900917,-305.0254991829325,6.080745261963138,-0.06275119871188028,6.081069038732164,0.2533778766138402,-2.8163150877924608,-0.05274456509095164,0.24622187100292053,1.2311093550146026,0.21372602374318506,0.01249037917055329,0.0,0.0,0.5872802140350589,14.337003359545328,0.5973751399810553,14.337003359545328,0.5973751399810553,14.337003359545328,0.5973751399810553,0.29902409022943877,0.0,0.0,0.16282816004073386,0.0,0.0,0.8362816664559088,0.0,562.0778651410516,-0.021383627914048724,0.032
raceline_xy,20260415_212047_eb9da4db,2963,94.8479999999931,181.99214794412586,-305.08566601862253,6.080945601134405,-0.056606818337697096,6.081209068584815,0.2533837111910339,-2.8179489928327506,-0.05105810665503066,0.24688712897327134,1.2344356448663567,0.21295559859643642,0.012442325745460892,0.0,0.0,0.5874363739274868,14.36603680543439,0.5985848668930996,14.36603680543439,0.5985848668930996,14.36603680543439,0.5985848668930996,0.29778011903854473,0.0,0.0,0.16388242042507384,0.0,0.0,0.8392271384594862,0.0,561.9518382736665,-0.02413616044052512,0.032
raceline_xy,20260415_212047_eb9da4db,2964,94.8799999999931,181.80702056335767,-305.14566119441054,6.081213048331822,-0.05290460173691525,6.0814431705053495,0.2533934654377229,-2.819498056032076,-0.048408247715456716,0.2475477397231087,1.2377386986155434,0.21226503232163196,0.01248589749049156,0.0,0.0,0.5875924960825112,14.395679011941318,0.5998199588308882,14.395679011941318,0.5998199588308882,14.395679011941318,0.5998199588308882,0.2965165039021418,0.0,0.0,0.1648949046369759,0.0,0.0,0.8422993809854094,0.0,561.741146545185,-0.02787549375723531,0.032
raceline_xy,20260415_212047_eb9da4db,2965,94.9119999999931,181.62179675799305,-305.205375992118,6.081383748464091,-0.05309738890216198,6.081615544309866,0.25340064767957776,-2.8209898828669786,-0.04662013625313747,0.24831143428004782,1.241557171400239,0.21162430527068388,0.012593973482399434,0.0,0.0,0.5877485807564292,14.425953138736784,0.6010813807806993,14.425953138736784,0.6010813807806993,14.425953138736784,0.6010813807806993,0.295232619421097,0.0,0.0,0.16588166905988222,0.0,0.0,0.8454962196579361,0.0,561.5860101211204,-0.030330720838315593,0.032
raceline_xy,20260415_212047_eb9da4db,2966,94.9439999999931,181.43645407495316,-305.2647242865784,6.081390243236266,-0.056086386658958265,6.081648869615682,0.25340203623398677,-2.8224782627981444,-0.046512070051782484,0.24926167388726186,1.2463083694363093,0.21097820561366243,0.012711148842017295,0.0,0.0,0.5879046282093687,14.45682997388359,0.6023679155784829,14.45682997388359,0.6023679155784829,14.45682997388359,0.6023679155784829,0.29393006737810445,0.0,0.0,0.16687564275554234,0.0,0.0,0.8487815261478321,0.0,561.5560173458857,-0.03059478936169955,0.032
raceline_xy,20260415_212047_eb9da4db,2967,94.97599999999309,181.25099011447708,-305.32368204467224,6.081258152619961,-0.05957181040326365,6.081549927395274,0.25339791364146974,-2.8240061961554472,-0.047747373443873774,0.25041688043470856,1.2520844021735427,0.21028329923753475,0.012794456977005542,0.0,0.0,0.5880606387053019,14.48833846762751,0.6036807694844796,14.48833846762751,0.6036807694844796,14.48833846762751,0.6036807694844796,0.2926079922468001,0.0,0.0,0.16790618561709222,0.0,0.0,0.8521493892218442,0.0,561.6450653442528,-0.02921517619846887,0.032
raceline_xy,20260415_212047_eb9da4db,2968,95.00799999999309,181.06541775534248,-305.3822816414892,6.081086034719964,-0.061657735721770246,6.081398608711693,0.25339160869632055,-2.8255856499416083,-0.049356846304865816,0.2517371136223743,1.2586855681118714,0.20952807722021527,0.012831967491627072,0.0,0.0,0.5882166125120591,14.520488884364703,0.6050203701818626,14.520488884364703,0.6050203701818626,14.520488884364703,0.6050203701818626,0.2912663451928461,0.0,0.0,0.16898312445043998,0.0,0.0,0.8555642296086396,0.0,561.7812521594761,-0.02746847832569994,0.032
raceline_xy,20260415_212047_eb9da4db,2969,95.03999999999309,180.87975336325115,-305.44057724295857,6.080974989183744,-0.06176356542620676,6.081288642803629,0.2533870267834845,-2.8272001128156834,-0.05045081738332107,0.25316054333081234,1.2658027166540615,0.2087298483818123,0.012840231224415355,0.0,0.0,0.5883725499013426,14.553291876911853,0.6063871615379939,14.553291876911853,0.6063871615379939,14.553291876911853,0.6063871615379939,0.28990507355581085,0.0,0.0,0.1700975223726294,0.0,0.0,0.8590136196939689,0.0,561.8802214767337,-0.02645288351624603,0.032
raceline_xy,20260415_212047_eb9da4db,2970,95.07199999999308,180.69400700568326,-305.4986084423157,6.080961949595121,-0.060551596431838384,6.081263415463447,0.25338597564431026,-2.8288218488306507,-0.05067840479278861,0.25464108474160385,1.2732054237080193,0.20791691054551587,0.012847026532783357,0.0,0.0,0.5885284511487391,14.58675849982182,0.6077816041592424,14.58675849982182,0.6077816041592424,14.58675849982182,0.6077816041592424,0.28852412082137135,0.0,0.0,0.1712324453168005,0.0,0.0,0.8625102165546499,0.0,561.9029260828977,-0.026544965793486495,0.032
raceline_xy,20260415_212047_eb9da4db,2971,95.10399999999308,180.50817913334032,-305.55638251322785,6.081016359162874,-0.059200755398829186,6.081304522045108,0.25338768841854614,-2.830430158545224,-0.050259230596826215,0.25616636454327013,1.2808318227163507,0.2071100118167215,0.012873098202792033,0.0,0.0,0.5886843165337341,14.620890355297593,0.6092037648040664,14.620890355297593,0.6092037648040664,14.620890355297593,0.6092037648040664,0.2871238302607133,0.0,0.0,0.17237461594018236,0.0,0.0,0.8660723565214061,0.0,561.8659301594025,-0.027408140606451876,0.032
raceline_xy,20260415_212047_eb9da4db,2972,95.13599999999307,180.32226334723066,-305.6138795117655,6.081081699307482,-0.05861398684779129,6.08136417533982,0.25339017397249247,-2.832020449923898,-0.04969644292572374,0.2577520315135053,1.2887601575675263,0.2063133632333085,0.012923086571899223,0.0,0.0,0.5888401463397249,14.65569967224754,0.6106541530103141,14.65569967224754,0.6106541530103141,14.65569967224754,0.6106541530103141,0.2857041170545047,0.0,0.0,0.17352100794807868,0.0,0.0,0.8697184840861253,0.0,561.8122421941619,-0.028385261697833397,0.032
raceline_xy,20260415_212047_eb9da4db,2973,95.16799999999307,180.13625204106972,-305.67107068816415,6.081114196911631,-0.05900905085943409,6.081400491988957,0.2533916871662065,-2.833601910231236,-0.049420567778654355,0.25946791062372443,1.297339553118622,0.20551725926864162,0.012989076181897374,0.0,0.0,0.5889961730104397,14.691244912526361,0.6121352046885984,14.691244912526361,0.6121352046885984,14.691244912526361,0.6121352046885984,0.2842630418865637,0.0,0.0,0.17467506500287094,0.0,0.0,0.8734711362674796,0.0,561.7795572099386,-0.028854266338886117,0.032
raceline_xy,20260415_212047_eb9da4db,2974,95.19999999999307,179.95014111502445,-305.7279363504343,6.0810999925731535,-0.05999838350607223,6.081395968500698,0.2533914986875291,-2.8351884860674357,-0.04958037404356552,0.2613640452087921,1.3068202260439603,0.20470737980891274,0.01305764215780858,0.0,0.0,0.5891524854213941,14.727553665856771,0.6136480694106988,14.727553665856771,0.6136480694106988,14.727553665856771,0.6136480694106988,0.2827999657748612,0.0,0.0,0.17584391536242674,0.0,0.0,0.8773175110440856,0.0,561.7836283493714,-0.02874605392168278,0.032
raceline_xy,20260415_212047_eb9da4db,2975,95.23199999999306,179.76393185507985,-305.7844755051826,6.081057426357607,-0.06092141664451001,6.081362581006413,0.25339010754193386,-2.836788878239881,-0.050012044882768364,0.26326424485701394,1.3163212242850697,0.2037807961505962,0.012287080707504394,0.0,0.0,0.5892306281942998,14.745983530905644,0.6144159804544018,14.745983530905644,0.6144159804544018,14.745983530905644,0.6144159804544018,0.2820607649741995,0.0,0.0,0.17673493607378346,0.0,0.0,0.8735672404597604,0.0,561.8136770942277,-0.0004363173109576436,0.032
raceline_xy,20260415_212047_eb9da4db,2976,95.26399999999306,179.5776294613959,-305.84070060261337,6.080997053829289,-0.06116810429064268,6.081304687783946,0.2533876953243311,-2.8384314947597566,-0.051331340690831555,0.2634110735391484,1.317055367695742,0.2029004446778484,0.012308657474126683,0.0,0.0,0.5893868866547618,14.783403860826198,0.6159751608677583,14.783403860826198,0.6159751608677583,14.783403860826198,0.6159751608677583,0.2805669508791908,0.0,0.0,0.17812234270358968,0.0,0.0,0.8832197628633776,0.0,561.8657809944485,-0.025773455430159613,0.032
raceline_xy,20260415_212047_eb9da4db,2977,95.29599999999306,179.39140582373423,-305.8972351269506,6.081599173297716,-0.042898294526936054,6.081750469094304,0.25340626954559603,-2.8397973325217745,-0.042685361121869575,0.26305261060576823,1.3152630530288412,0.20229808129566784,0.012613071738154069,0.0,0.0,0.589543108710932,14.821584843506379,0.6175660351460991,14.821584843506379,0.6175660351460991,14.821584843506379,0.6175660351460991,0.27905246990338384,0.0,0.0,0.17935958034584126,0.0,0.0,0.8870358534948648,0.0,561.4645778151257,-0.038439606657448666,0.032
raceline_xy,20260415_212047_eb9da4db,2978,95.32799999999305,179.2050473328806,-305.9533481448931,6.08177641879114,-0.04880420173060185,6.081972234256791,0.25341550976069965,-2.8411001569576024,-0.040716266212508886,0.26293188393682976,1.3146594196841488,0.20174786993499083,0.012986577610547112,0.0,0.0,0.5896992940179816,14.860542741652452,0.6191892809021855,14.860542741652452,0.6191892809021855,14.860542741652452,0.6191892809021855,0.2775171808219259,0.0,0.0,0.18056444156003543,0.0,0.0,0.8911835217895406,0.0,561.2649891688875,-0.04090560691294622,0.032
raceline_xy,20260415_212047_eb9da4db,2979,95.35999999999305,179.01850422487314,-306.0088069661172,6.081329397363934,-0.06140268395324733,6.081639378394566,0.2534016407664403,-2.8425203762574887,-0.04438255589473436,0.26327930508855246,1.3163965254427623,0.20106545289474997,0.013248786445271499,0.0,0.0,0.5898554422354042,14.900294334594125,0.6208455972747552,14.900294334594125,0.6208455972747552,14.900294334594125,0.6208455972747552,0.2759609414350104,0.0,0.0,0.18185929972963064,0.0,0.0,0.8955732309149748,0.0,561.5645594448898,-0.03600420359155176,0.032
raceline_xy,20260415_212047_eb9da4db,2980,95.39199999999305,178.83180861080163,-306.06367741763233,6.080588157739821,-0.07056410595175766,6.08099758568399,0.2533748994034996,-2.844134236956272,-0.05043142417672409,0.26402090290500907,1.3201045145250452,0.20017650556856648,0.013326090405562763,0.0,0.0,0.5900115530270408,14.940924519048195,0.6225385216270082,14.940924519048195,0.6225385216270082,14.940924519048195,0.6225385216270082,0.27438098954837153,0.0,0.0,0.18330208048017185,0.0,0.0,0.9000302592670083,0.0,562.1421728844084,-0.028395169585853593,0.032
raceline_xy,20260415_212047_eb9da4db,2981,95.42399999999304,178.6450228752933,-306.1181785703801,6.080033870462007,-0.07173167277297443,6.080456997532671,0.25335237489719464,-2.845892739693829,-0.054950842536842195,0.2649279998195806,1.324639999097903,0.19913356409885408,0.013265867672282106,0.0,0.0,0.5901676260611066,14.982397405760299,0.6242665585733458,14.982397405760299,0.6242665585733458,14.982397405760299,0.6242665585733458,0.272779304451614,0.0,0.0,0.18486512818734133,0.0,0.0,0.9044213113093547,0.0,562.6287022205953,-0.023098371507218496,0.032
raceline_xy,20260415_212047_eb9da4db,2982,95.45599999999304,178.45818971946613,-306.17250012557986,6.079945086824499,-0.06663857563195275,6.080310268281021,0.2533462611783759,-2.847684512514723,-0.05599131200303851,0.26580382957628224,1.329019147881411,0.19805105222408192,0.013180020195918019,0.0,0.0,0.590323661010217,15.024757981560594,0.6260315825650248,15.024757981560594,0.6260315825650248,15.024757981560594,0.6260315825650248,0.27115473896180786,0.0,0.0,0.1864762888417113,0.0,0.0,0.9087838564434105,0.0,562.7607585470804,-0.02233961129166732,0.032
raceline_xy,20260415_212047_eb9da4db,2983,95.48799999999304,178.2713166612343,-306.2267043261489,6.08018904144093,-0.059991337667369304,6.080484992190466,0.2533535413412694,-2.8494144984412753,-0.054061527750106,0.2665816323623815,1.3329081618119076,0.19702506326705205,0.013164376270046851,0.0,0.0,0.5904796575514137,15.068044368477889,0.6278351820199121,15.068044368477889,0.6278351820199121,15.068044368477889,0.6278351820199121,0.2695064576528794,0.0,0.0,0.18807262570070912,0.0,0.0,0.9132407729424076,0.0,562.6035070285802,-0.025213180731136146,0.032
raceline_xy,20260415_212047_eb9da4db,2984,95.51999999999303,178.0843824438659,-306.28072910274153,6.080503933943604,-0.05596261391204549,6.080761457651461,0.25336506073547754,-2.8510506583648656,-0.05113020137436092,0.2673211770560976,1.3366058852804878,0.1960867174335137,0.013251733358301987,0.0,0.0,0.5906356153661912,15.112294605133055,0.629678941880544,15.112294605133055,0.629678941880544,15.112294605133055,0.629678941880544,0.26783367287186577,0.0,0.0,0.18963102354315128,0.0,0.0,0.9178635850988569,0.0,562.354688113685,-0.02910399460771255,0.032
raceline_xy,20260415_212047_eb9da4db,2985,95.55199999999303,177.89735633110914,-306.3344587188361,6.080708609161223,-0.05606331783102014,6.080967051804642,0.25337362715852674,-2.8526227159681303,-0.04912727215861775,0.2681366120658857,1.3406830603294284,0.1952045335314989,0.013413112964679286,0.0,0.0,0.5907915341405233,15.157547597089646,0.6315644832120686,15.157547597089646,0.6315644832120686,15.157547597089646,0.6315644832120686,0.2661356098168133,0.0,0.0,0.19116914867667964,0.0,0.0,0.9226587857967811,0.0,562.1696533758221,-0.031612919433023426,0.032
raceline_xy,20260415_212047_eb9da4db,2986,95.58399999999303,177.71021808598186,-306.38780241618144,6.080730738418777,-0.05910534553989688,6.081017986737282,0.2533757494473868,-2.8541877473327455,-0.04890752205574792,0.2691155893514896,1.345577946757448,0.19432007841246035,0.013592170790371672,0.0,0.0,0.5909474135648896,15.203843419545226,0.6334934758143844,15.203843419545226,0.6334934758143844,15.203843419545226,0.6334934758143844,0.26441149724608337,0.0,0.0,0.19272554992866583,0.0,0.0,0.9276112451989047,0.0,562.1238119364456,-0.03179526114055924,0.032
raceline_xy,20260415_212047_eb9da4db,2987,95.61599999999302,177.52296660209262,-306.44073616625633,6.080601132828579,-0.06264490476347184,6.080923821316053,0.25337182588816887,-2.855791044422741,-0.05010293036153381,0.27027659350843886,1.3513829675421942,0.19338775722886092,0.013744332988764985,0.0,0.0,0.5911032533343022,15.251226827221668,0.6354677844675695,15.251226827221668,0.6354677844675695,15.251226827221668,0.6354677844675695,0.26266044067747396,0.0,0.0,0.19433377496992682,0.0,0.0,0.9326967391776788,0.0,562.2085608155521,-0.030245016389341742,0.032
raceline_xy,20260415_212047_eb9da4db,2988,95.64799999999302,177.3356148110103,-306.493296052036,6.080430047998289,-0.06468199124127172,6.080774073141627,0.2533655863809011,-2.857444886729369,-0.051682185084539624,0.27157650061220706,1.3578825030610353,0.19239593147687106,0.013858024233407651,0.0,0.0,0.5912590531483334,15.299742220491762,0.6374892591871567,15.299742220491762,0.6374892591871567,15.299742220491762,0.6374892591871567,0.26088161378698516,0.0,0.0,0.19600583383974804,0.0,0.0,0.937885703289076,0.0,562.3433341725354,-0.02831941545038116,0.032
raceline_xy,20260415_212047_eb9da4db,2989,95.67999999999302,177.14817834057033,-306.54554097998147,6.080328573791935,-0.06461667174363805,6.080671910203501,0.2533613295918125,-2.8591314762572857,-0.05270551140326517,0.27299066025553204,1.36495330127766,0.19136339366988286,0.013954259347926268,0.0,0.0,0.5914152752110197,15.34950459721846,0.6395626915507692,15.34950459721846,0.6395626915507692,15.34950459721846,0.6395626915507692,0.259071688624811,0.0,0.0,0.1977303386002619,0.0,0.0,0.9431971046597378,0.0,562.435280816849,-0.026936545040782234,0.032
raceline_xy,20260415_212047_eb9da4db,2990,95.71199999999301,176.9606666048893,-306.59751409125545,6.080335301019785,-0.06315374862192047,6.080663267176728,0.25336096946569703,-2.860821554375737,-0.0528146810766974,0.27445331575279586,1.3722665787639792,0.1903201444824476,0.01406007895707484,0.0,0.0,0.591571505501612,15.400481600921289,0.6416867333717203,15.400481600921289,0.6416867333717203,15.400481600921289,0.6416867333717203,0.25723277198029537,0.0,0.0,0.19948886176497016,0.0,0.0,0.948595029643712,0.0,562.4430595409442,-0.026947217284076317,0.032
raceline_xy,20260415_212047_eb9da4db,2991,95.74399999999301,176.77308108055828,-306.6492287813045,6.080424131399074,-0.06140238110510543,6.0807341555198375,0.2533639231466599,-2.862490821194873,-0.05216452292775504,0.27594135946363774,1.3797067973181887,0.18929075646950455,0.014199453245037574,0.0,0.0,0.5917276995401994,15.45269292746023,0.6438622053108429,15.45269292746023,0.6438622053108429,15.45269292746023,0.6438622053108429,0.2553650823032072,0.0,0.0,0.20126546853764085,0.0,0.0,0.954117805358296,0.0,562.3792600321458,-0.02788434330429968,0.032
raceline_xy,20260415_212047_eb9da4db,2992,95.775999999993,176.58541550208633,-306.70066343357274,6.080525764513777,-0.06051384792056402,6.080826876232048,0.2533677865096687,-2.8641338295402416,-0.05134407850476016,0.27747087533888093,1.3873543766944045,0.18828040001088597,0.014377761059592764,0.0,0.0,0.591883859589649,15.506166455446827,0.6460902689769511,15.506166455446827,0.6460902689769511,15.506166455446827,0.6460902689769511,0.25346857668156453,0.0,0.0,0.203056525433496,0.0,0.0,0.959790120615509,0.0,562.2958113911566,-0.028962543083207098,0.032
raceline_xy,20260415_212047_eb9da4db,2993,95.807999999993,176.39766223971966,-306.7517848923075,6.080587208514054,-0.06078045791663289,6.0808909761982495,0.25337045734159375,-2.8657614695643883,-0.05086385684189487,0.27906969180420654,1.3953484590210325,0.18727603965942397,0.014584042507908457,0.0,0.0,0.5920399879231933,15.560931093592547,0.6483721288996894,15.560931093592547,0.6483721288996894,15.560931093592547,0.6483721288996894,0.2515432136915683,0.0,0.0,0.20487125314925872,0.0,0.0,0.9656178898031352,0.0,562.2381214215751,-0.029552858485179443,0.032
raceline_xy,20260415_212047_eb9da4db,2994,95.839999999993,176.209817341739,-306.8025704194617,6.080592167963975,-0.06175777496983481,6.080905782519086,0.2533710742716286,-2.867390208727783,-0.050898167266657364,0.2807549373520485,1.4037746867602423,0.1862626899380202,0.014801758977658341,0.0,0.0,0.5921960868244726,15.617016826467662,0.6507090344361526,15.617016826467662,0.6507090344361526,15.617016826467662,0.6507090344361526,0.24958895345371657,0.0,0.0,0.206720891930393,0.0,0.0,0.9715971578991212,0.0,562.2247957328218,-0.029475016520726656,0.032
raceline_xy,20260415_212047_eb9da4db,2995,95.871999999993,176.02188195241152,-306.85301717749246,6.080558916483799,-0.06273496801150102,6.080882535704997,0.25337010565437484,-2.8690314489123683,-0.05128876187843822,0.2825236071609506,1.4126180358047529,0.18522919716135666,0.015019459652192424,0.0,0.0,0.5923521585875718,15.674458157982286,0.6531024232492619,15.674458157982286,0.6531024232492619,15.674458157982286,0.6531024232492619,0.24760564100311644,0.0,0.0,0.20861514615561733,0.0,0.0,0.9777216673331742,0.0,562.2457178655026,-0.028962476680341118,0.032
raceline_xy,20260415_212047_eb9da4db,2996,95.90399999999299,175.83386044332835,-306.9031380337804,6.080522122793353,-0.06320290520925242,6.080850589597336,0.25336877456655565,-2.870686750896759,-0.05172815548446655,0.28276394084292683,1.413819704214634,0.18413386073184101,0.014297748742353455,0.0,0.0,0.5924301850120715,15.703687545886961,0.6543203144119567,15.703687545886961,0.6543203144119567,15.703687545886961,0.6543203144119567,0.24660341046132883,0.0,0.0,0.21009432681725923,0.0,0.0,0.9718050255515278,0.0,562.2744693623971,-0.00034997808984894505,0.032
raceline_xy,20260415_212047_eb9da4db,2997,95.93599999999299,175.64575795600484,-306.952950949258,6.080500171251244,-0.06287396409033685,6.080825229189443,0.2533677178828935,-2.87237713985739,-0.05282455918901874,0.2829417122029081,1.4147085610145405,0.18303888538550384,0.014481564627093046,0.0,0.0,0.5925862203922536,15.763137460639339,0.6567973941933057,15.763137460639339,0.6567973941933057,15.763137460639339,0.6567973941933057,0.2445793595285335,0.0,0.0,0.21224645114210833,0.0,0.0,0.9871349344011242,0.0,562.2972937295006,-0.02593894695242013,0.032
raceline_xy,20260415_212047_eb9da4db,2998,95.96799999999298,175.4577252301512,-307.00308577918406,6.081142148853806,-0.044061460605144154,6.081301772390263,0.25338757384959426,-2.873780698831842,-0.04386259987607981,0.28254105187675244,1.4127052593837621,0.1822338014809035,0.014959965752358695,0.0,0.0,0.592742234415413,15.823887482606857,0.659328645108619,15.823887482606857,0.659328645108619,15.823887482606857,0.659328645108619,0.24253076898528603,0.0,0.0,0.21425048437341287,0.0,0.0,0.9933514474260364,0.0,561.8684048487631,-0.03879715123259682,0.032
raceline_xy,20260415_212047_eb9da4db,2999,95.99999999999298,175.26957065823385,-307.0527931629309,6.081351249930747,-0.04983907368711016,6.081555471941389,0.25339814466422456,-2.875114539330136,-0.04168420721910903,0.2823200357673785,1.4116001788368926,0.18148984168673676,0.01551390481807191,0.0,0.0,0.5928982294124813,15.885910826658886,0.661912951110787,15.885910826658886,0.661912951110787,15.885910826658886,0.661912951110787,0.2404595408269956,0.0,0.0,0.2162294646114702,0.0,0.0,0.9999341940235643,0.0,561.6400752527496,-0.04129968882999416,0.032
raceline_xy,20260415_212047_eb9da4db,3000,96.03199999999298,175.08125204299304,-307.1018339757556,6.080908103980292,-0.06248274762892514,6.081229107902813,0.25338454616261724,-2.876561932525288,-0.0452315643826502,0.282514099771371,1.4125704988568548,0.18062013562770662,0.015958168571351017,0.0,0.0,0.5930542077249932,15.949179370103746,0.6645491404209894,15.949179370103746,0.6645491404209894,15.949179370103746,0.6645491404209894,0.2383675833266259,0.0,0.0,0.2183178192997781,0.0,0.0,1.0,0.0,561.9338028874676,-0.036317607292473464,0.032
raceline_xy,20260415_212047_eb9da4db,3001,96.06399999999297,174.89279944642306,-307.1502755612632,6.080169482862761,-0.07168447060435157,6.080592043844205,0.25335800182684187,-2.878201216409769,-0.05122678189054977,0.28304828934978277,1.4152414467489138,0.17954755805157951,0.01621247103181478,0.0,0.0,0.5932101717051167,16.01366566907355,0.6672360695447312,16.01366566907355,0.6672360695447312,16.01366566907355,0.6672360695447312,0.23625674168644206,0.0,0.0,0.2205804563788767,0.0,0.0,1.0,0.0,562.5071605402152,-0.028554039606331322,0.032
raceline_xy,20260415_212047_eb9da4db,3002,96.09599999999297,174.7042686169327,-307.1983424481823,6.079620757044551,-0.07278933275754351,6.080056482998348,0.25333568679159785,-2.8799837747794843,-0.05570382438808179,0.2836901084437589,1.4184505422187945,0.17832438811693763,0.016323474920953984,0.0,0.0,0.5933661237156829,16.079374317893986,0.6699739299122495,16.079374317893986,0.6699739299122495,16.079374317893986,0.6699739299122495,0.2341277870411087,0.0,0.0,0.2229912116914127,0.0,0.0,1.0,0.0,562.9891653014865,-0.023099098434952114,0.032
raceline_xy,20260415_212047_eb9da4db,3003,96.12799999999297,174.51569646807033,-307.24622963538036,6.07954810154333,-0.0675232648465125,6.079923067792441,0.25333012782468506,-2.8817971805789044,-0.05666828568764158,0.28423928789868164,1.421196439493408,0.1770662344996179,0.016401648760711485,0.0,0.0,0.5935220661302125,16.146244092664634,0.6727601705276931,16.146244092664634,0.6727601705276931,16.146244092664634,0.6727601705276931,0.2319835904510903,0.0,0.0,0.22546915474333734,0.0,0.0,1.0,0.0,563.1092389868028,-0.022232097210187436,0.032
raceline_xy,20260415_212047_eb9da4db,3004,96.15999999999296,174.32708882726342,-307.2940022309512,6.079815384518505,-0.060643198927993636,6.080117820190997,0.2533382425079582,-2.883544914255345,-0.05461651701536266,0.2846269587673107,1.4231347938365535,0.175870758542092,0.01654171059762577,0.0,0.0,0.5936780234765472,16.214249185407564,0.6755937160586485,16.214249185407564,0.6755937160586485,16.214249185407564,0.6755937160586485,0.22982581644802735,0.0,0.0,0.22794233683321222,0.0,0.0,1.0,0.0,562.933961828102,-0.024964866172665773,0.032
raceline_xy,20260415_212047_eb9da4db,3005,96.19199999999296,174.1384267149225,-307.3415982568259,6.080154410182964,-0.05638551834953165,6.080415855708135,0.2533506606545056,-2.8851940943432686,-0.05153699068979018,0.2849166499741535,1.4245832498707673,0.17476999691255246,0.016775457861125442,0.0,0.0,0.5938340039951026,16.28338534840929,0.6784743895170537,16.28338534840929,0.6784743895170537,16.28338534840929,0.6784743895170537,0.22765541418058977,0.0,0.0,0.23038206760408794,0.0,0.0,1.0,0.0,562.6657298626782,-0.0287004876719798,0.032
raceline_xy,20260415_212047_eb9da4db,3006,96.22399999999296,173.94968369451087,-307.38890244253884,6.080383737397361,-0.05624467214443474,6.080643868633563,0.2533601611930651,-2.8867735967720094,-0.049359672303076044,0.28522767958399314,1.4261383979199656,0.17373340096692846,0.017073680200188512,0.0,0.0,0.5939899835402487,16.35367208112871,0.681403003380363,16.35367208112871,0.681403003380363,16.35367208112871,0.681403003380363,0.225472585541866,0.0,0.0,0.23280493657709067,0.0,0.0,1.0,0.0,562.4605182297933,-0.03122838842829039,0.032
raceline_xy,20260415_212047_eb9da4db,3007,96.25599999999295,173.76084292322338,-307.43582500922145,6.080433619155099,-0.05903396507153791,6.080720188101377,0.2533633411708907,-2.8883394867845276,-0.048934229396713685,0.2856516195229762,1.4282580976148809,0.17270363835370928,0.01738019870314611,0.0,0.0,0.5941459655080238,16.42513660652082,0.6843806919383675,16.42513660652082,0.6843806919383675,16.42513660652082,0.6843806919383675,0.2232773143055211,0.0,0.0,0.23525147276732603,0.0,0.0,1.0,0.0,562.3918307087606,-0.03147743243249823,0.032
raceline_xy,20260415_212047_eb9da4db,3008,96.28799999999295,173.57190355097904,-307.482339691786,6.080330502405455,-0.062426807804004225,6.080650962258463,0.2533604567607693,-2.889937931190101,-0.049951396402387216,0.2862151092024069,1.4310755460120343,0.1716335697109712,0.01764873373926168,0.0,0.0,0.5943019532902295,16.497807002990143,0.6874086251245893,16.497807002990143,0.6874086251245893,16.497807002990143,0.6874086251245893,0.22106958631053963,0.0,0.0,0.23775939372631705,0.0,0.0,1.0,0.0,562.4541339673833,-0.02995990019843098,0.032
raceline_xy,20260415_212047_eb9da4db,3009,96.31999999999294,173.38287683236396,-307.5284806968886,6.080180537750856,-0.06441348548258041,6.080521726690589,0.2533550719454412,-2.8915830629846244,-0.05141026304888976,0.28688356735035353,1.4344178367517675,0.17051017109901823,0.017865040361729534,0.0,0.0,0.5944579502743762,16.57171223223917,0.6904880096766322,16.57171223223917,0.6904880096766322,16.57171223223917,0.6904880096766322,0.2188493897195869,0.0,0.0,0.2403428904340301,0.0,0.0,1.0,0.0,562.5704459784698,-0.02799580366715029,0.032
raceline_xy,20260415_212047_eb9da4db,3010,96.35199999999294,173.1937764328269,-307.57430698309656,6.080094499067251,-0.06432454101212937,6.080434751246351,0.25335144796859793,-2.8932586803994997,-0.052362935695145565,0.2875980605904589,1.4379903029522945,0.1693509802046873,0.018043629465356315,0.0,0.0,0.5946139598436266,16.646832004812598,0.6936180002005249,16.646832004812598,0.6936180002005249,16.646832004812598,0.6936180002005249,0.21661819672862004,0.0,0.0,0.24299130331760987,0.0,0.0,1.0,0.0,562.6487238782839,-0.026757982759695507,0.032
raceline_xy,20260415_212047_eb9da4db,3011,96.38399999999294,173.0046106719611,-307.61986327534294,6.08011447312133,-0.06280757575317741,6.080438865561552,0.253351619398398,-2.89493588158607,-0.052412485203711945,0.2883149860195112,1.441574930097556,0.16818568248283983,0.018213032893526382,0.0,0.0,0.5947699853767425,16.72323989210244,0.6968016621709351,16.72323989210244,0.6968016621709351,16.72323989210244,0.6968016621709351,0.21437470164649408,0.0,0.0,0.24568492392559435,0.0,0.0,1.0,0.0,562.6450209946026,-0.026679077800045442,0.032
raceline_xy,20260415_212047_eb9da4db,3012,96.41599999999293,172.81538011386206,-307.6651602018675,6.08020865198126,-0.061090026474339476,6.080515540886513,0.2533548142036047,-2.896592389792948,-0.051765880610632725,0.2890259695612729,1.4451298478063646,0.1670368046004964,0.018396688045143605,0.0,0.0,0.5949260302480309,16.800956390656083,0.7000398496106701,16.800956390656083,0.7000398496106701,16.800956390656083,0.7000398496106701,0.21211921941359213,0.0,0.0,0.24840622412783483,0.0,0.0,1.0,0.0,562.5760132021383,-0.027435005421791742,0.032
raceline_xy,20260415_212047_eb9da4db,3013,96.44799999999293,172.6260799271919,-307.7101788315806,6.0803162314835495,-0.06014275040423245,6.080613671766074,0.2533589029902531,-2.898222601557177,-0.05094414316540123,0.28975290788628916,1.4487645394314457,0.16590973926989694,0.018599712814906244,0.0,0.0,0.5950820978272926,16.879997106809313,0.7033332127837214,16.879997106809313,0.7033332127837214,16.879997106809313,0.7033332127837214,0.20985222109193558,0.0,0.0,0.2511495302891262,0.0,0.0,1.0,0.0,562.4876954105326,-0.028343485924754403,0.032
raceline_xy,20260415_212047_eb9da4db,3014,96.47999999999293,172.436704426086,-307.7548899445883,6.08038977070648,-0.060228739359718286,6.080688058497728,0.2533620024374053,-2.8998356482240233,-0.050407740154697254,0.2905281725843672,1.452640862921836,0.16479498569091788,0.018812507281920965,0.0,0.0,0.5952381914797704,16.960378530077673,0.7066824387532363,16.960378530077673,0.7066824387532363,16.960378530077673,0.7066824387532363,0.20757416237957171,0.0,0.0,0.25392087193706,0.0,0.0,1.0,0.0,562.4207473520445,-0.02883912962208508,0.032
raceline_xy,20260415_212047_eb9da4db,3015,96.51199999999292,172.2472507875645,-307.7992732166888,6.0804138720228,-0.06096859277715527,6.080719531798233,0.2533633138249264,-2.9014460497496195,-0.05032507233903833,0.2913751346499162,1.456875673249581,0.16367779509001412,0.019020099837911086,0.0,0.0,0.5953943145660994,17.042118065202292,0.7100882527167621,17.042118065202292,0.7100882527167621,17.042118065202292,0.7100882527167621,0.20528548369029087,0.0,0.0,0.25673151935223126,0.0,0.0,1.0,0.0,562.3924213815897,-0.028745232394210663,0.032
raceline_xy,20260415_212047_eb9da4db,3016,96.54399999999292,172.05772009897981,-307.8433259540208,6.080403695466939,-0.06173514163006888,6.080717089913006,0.2533632120797086,-2.9030642018419632,-0.05056726685328735,0.291963047036301,1.4598152351815048,0.16253134170081562,0.018307865605269757,0.0,0.0,0.5954723881958843,17.08350781470968,0.7118128256129034,17.08350781470968,0.7118128256129034,17.08350781470968,0.7118128256129034,0.20413715723879333,0.0,0.0,0.2586639634222097,0.0,0.0,1.0,0.0,562.3946190782943,-0.0013080366663845988,0.032
raceline_xy,20260415_212047_eb9da4db,3017,96.57599999999292,171.86811767811113,-307.88706597085525,6.080383177665777,-0.06171133826896846,6.0806963315488725,0.2533623471478697,-2.90471695179112,-0.051648437572140195,0.2912288509649729,1.4561442548248644,0.16136266774856667,0.018460529093371036,0.0,0.0,0.5956285617239803,17.155644042677366,0.7148185017782236,17.155644042677366,0.7148185017782236,17.155644042677366,0.7148185017782236,0.20215256138873805,0.0,0.0,0.2615056900778783,0.0,0.0,1.0,0.0,562.4133016060144,-0.02572768432094231,0.032
raceline_xy,20260415_212047_eb9da4db,3018,96.60799999999291,171.67856757005038,-307.93109749169366,6.0809985005718765,-0.04406290054399986,6.081158138312287,0.2533815890963453,-2.906099903960828,-0.043217598664764205,0.2899357114751671,1.4496785573758355,0.16046860310028244,0.018874087540467155,0.0,0.0,0.5957847730670355,17.206407565627984,0.7169336485678327,17.206407565627984,0.7169336485678327,17.206407565627984,0.7169336485678327,0.2007686012975447,0.0,0.0,0.2636614069269852,0.0,0.0,1.0,0.0,561.997675518941,-0.037679146046110445,0.032
raceline_xy,20260415_212047_eb9da4db,3019,96.63999999999291,171.4889130625167,-307.97471120598607,6.081195088038164,-0.049507611999061174,6.081396607887481,0.253391525328645,-2.9074175122227244,-0.041175938421334435,0.28880314796195145,1.444015739809757,0.15963368102520414,0.01934369375821854,0.0,0.0,0.5959410255691777,17.25755184445974,0.7190646601858225,17.25755184445974,0.7190646601858225,17.25755184445974,0.7190646601858225,0.1993846941608428,0.0,0.0,0.26576776717282874,0.0,0.0,1.0,0.0,561.7830529012671,-0.03988054020241236,0.032
raceline_xy,20260415_212047_eb9da4db,3020,96.6719999999929,171.2991205337007,-308.01767715521385,6.080787391957535,-0.06152129949426244,6.081098599470426,0.25337910831126775,-2.9088445254438255,-0.04459439464385518,0.2881344133645066,1.440672066822533,0.15867966503330644,0.019691197242182046,0.0,0.0,0.5960967829279747,17.30898259558839,0.7212076081495162,17.30898259558839,0.7212076081495162,17.30898259558839,0.7212076081495162,0.19800348899762188,0.0,0.0,0.26795612280569303,0.0,0.0,1.0,0.0,562.0512604766161,-0.034781829287106984,0.032
raceline_xy,20260415_212047_eb9da4db,3021,96.7039999999929,171.10921832818877,-308.06006990059575,6.080111131822542,-0.06996612415874792,6.0805136817412215,0.25335473673921755,-2.9104522978281135,-0.05024252717874364,0.2877660184992117,1.4388300924960584,0.15753647133103188,0.019848268140513436,0.0,0.0,0.596252578165524,17.36083591791338,0.7233681632463909,17.36083591791338,0.7233681632463909,17.36083591791338,0.7233681632463909,0.19662143976756896,0.0,0.0,0.2703090066323959,0.0,0.0,1.0,0.0,562.5776864329002,-0.02728302114200432,0.032
raceline_xy,20260415_212047_eb9da4db,3022,96.7359999999929,170.91925279170036,-308.10210868286555,6.079635506027355,-0.07061937725012313,6.080045639844465,0.25333523499351934,-2.9121904651638353,-0.05431736034541343,0.2874807326439711,1.4374036632198555,0.15625797947862852,0.019865317600601173,0.0,0.0,0.5964084179664835,17.41313901780763,0.7255474590753179,17.41313901780763,0.7255474590753179,17.41313901780763,0.7255474590753179,0.19523797830589773,0.0,0.0,0.27279590213720634,0.0,0.0,1.0,0.0,562.9989241399815,-0.02219008573070912,0.032
raceline_xy,20260415_212047_eb9da4db,3023,96.7679999999929,170.72925289212648,-308.1439784693639,6.079604669865326,-0.0653066776218072,6.079955419572603,0.2533314758155251,-2.9139504084947427,-0.054998129362431696,0.28709841971587785,1.435492098579389,0.15495571272395692,0.01985097420077464,0.0,0.0,0.5965643024881917,17.465918431087246,0.7277466012953019,17.465918431087246,0.7277466012953019,17.465918431087246,0.7277466012953019,0.19385257413829038,0.0,0.0,0.2753311276874248,0.0,0.0,1.0,0.0,563.0801223846566,-0.021522458550688586,0.032
raceline_xy,20260415_212047_eb9da4db,3024,96.79999999999289,170.53922156939055,-308.1857360554336,6.079877926179699,-0.058660816463699916,6.080160909765081,0.25334003790687837,-2.9156417860276242,-0.05285555999197633,0.28656808945545587,1.4328404472772793,0.1537206552109449,0.01989558955363835,0.0,0.0,0.5967202318803182,17.519201441841766,0.7299667267434069,17.519201441841766,0.7299667267434069,17.519201441841766,0.7299667267434069,0.1924646968850876,0.0,0.0,0.27783910864339195,0.0,0.0,1.0,0.0,562.8951812114265,-0.024304288846761248,0.032
raceline_xy,20260415_212047_eb9da4db,3025,96.83199999999289,170.34914210172363,-308.2273175525965,6.080206296018882,-0.05466660356656616,6.080452042380825,0.2533521684325344,-2.917236182061898,-0.04982487821260305,0.28596021749765654,1.4298010874882827,0.1525807029027395,0.020027589371180543,0.0,0.0,0.5968762062849082,17.573016111359856,0.7322090046399939,17.573016111359856,0.7322090046399939,17.573016111359856,0.7322090046399939,0.19107381617889452,0.0,0.0,0.2802900831664305,0.0,0.0,1.0,0.0,562.6331618572568,-0.02797278097130835,0.032
raceline_xy,20260415_212047_eb9da4db,3026,96.86399999999288,170.15899242054448,-308.26860960728374,6.08042379475559,-0.054681768031931144,6.0806696686783654,0.2533612361949319,-2.9187642737246673,-0.04775287403783522,0.28539499257919887,1.4269749628959942,0.15150349281545505,0.020212696194810142,0.0,0.0,0.597032225836429,17.627249963681578,0.7344687484867324,17.627249963681578,0.7344687484867324,17.627249963681578,0.7344687484867324,0.1896830121092301,0.0,0.0,0.2826995694435637,0.0,0.0,1.0,0.0,562.4372981894707,-0.030238024179276946,0.032
raceline_xy,20260415_212047_eb9da4db,3027,96.89599999999288,169.96875926809187,-308.3095261159366,6.080468516887645,-0.057476930422284855,6.080740167314552,0.2533641736381063,-2.9202817575438917,-0.04742138905880356,0.28496454038233493,1.4248227019116746,0.1504320725010344,0.020398918973148383,0.0,0.0,0.597188290661815,17.682036841900768,0.7367515350791987,17.682036841900768,0.7367515350791987,17.682036841900768,0.7367515350791987,0.18828902976038142,0.0,0.0,0.28511414681367325,0.0,0.0,1.0,0.0,562.3738494169028,-0.030244865188195517,0.032
raceline_xy,20260415_212047_eb9da4db,3028,96.92799999999288,169.77844358252503,-308.3500473670905,6.080374784014461,-0.06066933834551125,6.080677452611196,0.2533615605254665,-2.9218317211393092,-0.04843637197631087,0.28469337691066493,1.4234668845533245,0.14932313565655564,0.020543391342783934,0.0,0.0,0.5973444008805131,17.737432617261344,0.7390596923858893,17.737432617261344,0.7390596923858893,17.737432617261344,0.7390596923858893,0.1868906800698653,0.0,0.0,0.2875727754866946,0.0,0.0,1.0,0.0,562.430292649923,-0.02861409188727761,0.032
raceline_xy,20260415_212047_eb9da4db,3029,96.95999999999287,169.58805584500058,-308.39021169202096,6.080247803632453,-0.06235887537708806,6.080567570787744,0.253356982116156,-2.9234249257917364,-0.04978765970493399,0.28454734123642783,1.422736706182139,0.14816660531234893,0.020635491781209492,0.0,0.0,0.5975005566045287,17.79346101776504,0.7413942090735434,17.79346101776504,0.7413942090735434,17.79346101776504,0.7413942090735434,0.18548761836968808,0.0,0.0,0.2900882851537447,0.0,0.0,1.0,0.0,562.5291862910304,-0.026670953749053383,0.032
raceline_xy,20260415_212047_eb9da4db,3030,96.99199999999287,169.39760753351663,-308.4300780604687,6.080188895642914,-0.062018293635706545,6.080505182585151,0.25335438260771465,-2.9250434284651403,-0.050578245205071246,0.2844718197912951,1.4223590989564754,0.1469814269117844,0.020693303844342648,0.0,0.0,0.5976567579384706,17.85013871255222,0.7437557796896758,17.85013871255222,0.7437557796896758,17.85013871255222,0.7437557796896758,0.1840796914455085,0.0,0.0,0.2926480963773518,0.0,0.0,1.0,0.0,562.5853356733637,-0.02551885217797983,0.032
raceline_xy,20260415_212047_eb9da4db,3031,97.02399999999287,169.20710500208804,-308.46968841538444,6.080230173449587,-0.06037475553570859,6.080529917139853,0.25335541321416055,-2.926658703785396,-0.05047739239936698,0.28442984368140856,1.4221492184070428,0.14579686060074604,0.02074549417320659,0.0,0.0,0.5978130049795969,17.907482891112444,0.7461451204630185,17.907482891112444,0.7461451204630185,17.907482891112444,0.7461451204630185,0.18266674439780894,0.0,0.0,0.2952285164027762,0.0,0.0,1.0,0.0,562.5630745741316,-0.02550649183619178,0.032
raceline_xy,20260415_212047_eb9da4db,3032,97.05599999999286,169.01654806941667,-308.50905035152437,6.0803363933141155,-0.058645251303587775,6.080619205423126,0.2533591335592969,-2.928250167282365,-0.049733244969824286,0.2844193602381602,1.422096801190801,0.144633690486343,0.02081278923849439,0.0,0.0,0.5979692978178602,17.965511282106068,0.7485629700877529,17.965511282106068,0.7485629700877529,17.965511282106068,0.7485629700877529,0.18124862064930847,0.0,0.0,0.2978106059311312,0.0,0.0,1.0,0.0,562.4827151191862,-0.02626137197040342,0.032
raceline_xy,20260415_212047_eb9da4db,3033,97.08799999999286,168.82593241679288,-308.5481435929433,6.080449687241564,-0.05773172368116297,6.080723752235027,0.25336348967645944,-2.92981394430426,-0.048868012895823376,0.2844663911509341,1.4223319557546703,0.1434955582340196,0.02089920641305998,0.0,0.0,0.5981256365359536,18.02420802078783,0.7510086675328264,18.02420802078783,0.7510086675328264,18.02420802078783,0.7510086675328264,0.17982598626676083,0.0,0.0,0.3003878709541877,0.0,0.0,1.0,0.0,562.3886229884753,-0.02710417349040561,0.032
raceline_xy,20260415_212047_eb9da4db,3034,97.11999999999286,168.6352534875341,-308.5869397064267,6.080527819874253,-0.05782435953683107,6.080802761545598,0.2533667817310666,-2.931360008419455,-0.04831447501060965,0.28460491320925324,1.4230245660462661,0.14237213203977994,0.020994915557345895,0.0,0.0,0.598282021209355,18.083632186000866,0.7534846744167027,18.083632186000866,0.7534846744167027,18.083632186000866,0.7534846744167027,0.17839769821600804,0.0,0.0,0.30296798179594153,0.0,0.0,1.0,0.0,562.317514608961,-0.027507123877785044,0.032
raceline_xy,20260415_212047_eb9da4db,3035,97.15199999999285,168.44450941403346,-308.62542043611296,6.080559477686517,-0.05850780478602613,6.080840955402814,0.2533683731417839,-2.9329026639215696,-0.04820796446576854,0.2847231043985288,1.423615521992644,0.1412489089925879,0.021082223845207082,0.0,0.0,0.5984377833334688,18.14366121627474,0.7559858840114475,18.14366121627474,0.7559858840114475,18.14366121627474,0.7559858840114475,0.17696696939988366,0.0,0.0,0.3055776674727658,0.0,0.0,1.0,0.0,562.2831401374671,-0.027251342994526865,0.032
raceline_xy,20260415_212047_eb9da4db,3036,97.18399999999285,168.25370161454947,-308.6635852126003,6.080561051500842,-0.059161589236469636,6.080848854779242,0.2533687022824684,-2.934451564705638,-0.048403144343987535,0.2849279898507672,1.424639949253836,0.14011631204350783,0.02115498334850452,0.0,0.0,0.5985935759749967,18.204458772911323,0.7585191155379718,18.204458772911323,0.7585191155379718,18.204458772911323,0.7585191155379718,0.17553017586744257,0.0,0.0,0.30821569873980303,0.0,0.0,1.0,0.0,562.2760306986821,-0.026649843509211683,0.032
raceline_xy,20260415_212047_eb9da4db,3037,97.21599999999285,168.0628336349411,-308.7014485837296,6.080563957150584,-0.05930848790780141,6.0808531912665575,0.2533688829694399,-2.936006933663249,-0.0486052835006011,0.2838299255305937,1.4191496276529685,0.13896050180693775,0.02040736488022654,0.0,0.0,0.5986714893720957,18.23515311514854,0.7597980464645225,18.23515311514854,0.7597980464645225,18.23515311514854,0.7597980464645225,0.17480943342799682,0.0,0.0,0.3103021706234378,0.0,0.0,1.0,0.0,562.2721278600978,-0.0011491260926234648,0.032
raceline_xy,20260415_212047_eb9da4db,3038,97.24799999999284,167.87191068829597,-308.73903675930814,6.080589761049008,-0.05848482428752888,6.080871016297416,0.253369625679059,-2.9375846026607446,-0.049302178187879964,0.28251742832324755,1.4125871416162377,0.13779359056600482,0.020439046251129245,0.0,0.0,0.5988273502839152,18.297145505627448,0.762381062734477,18.297145505627448,0.762381062734477,18.297145505627448,0.762381062734477,0.17336317332477158,0.0,0.0,0.31323987937939485,0.0,0.0,1.0,0.0,562.2560853323253,-0.02411950546504506,0.032
raceline_xy,20260415_212047_eb9da4db,3039,97.27999999999284,167.6810279167209,-308.77690019081575,6.081163322321815,-0.041798830323909186,6.081306972597957,0.2533877905249149,-2.9389015071217157,-0.04115295866322919,0.2806869812265364,1.4034349061326818,0.136893627882416,0.02072330299749936,0.0,0.0,0.598983256634793,18.35996007071899,0.764998336279958,18.35996007071899,0.764998336279958,18.35996007071899,0.764998336279958,0.17191043353008428,0.0,0.0,0.3160075308015234,0.0,0.0,1.0,0.0,561.863724661838,-0.035495248992148704,0.032
raceline_xy,20260415_212047_eb9da4db,3040,97.31199999999284,167.4900600496503,-308.81437082276966,6.081360160778523,-0.046772248196178756,6.081540022749625,0.25339750094790103,-2.940148865806135,-0.03898002022542014,0.2790149237493944,1.395074618746972,0.13605895028241388,0.021068930405596653,0.0,0.0,0.5991392083581835,18.42361806012882,0.7676507525053675,18.42361806012882,0.7676507525053675,18.42361806012882,0.7676507525053675,0.17045107781243463,0.0,0.0,0.3187265709353868,0.0,0.0,1.0,0.0,561.6539795253373,-0.037763849396406375,0.032
raceline_xy,20260415_212047_eb9da4db,3041,97.34399999999283,167.2989796422243,-308.85122182266997,6.081015638391771,-0.058251759055275576,6.081294636983009,0.2533872765409587,-2.9414966939315565,-0.0421197072680891,0.2777329985298602,1.388664992649301,0.1351162945240021,0.02130459419314157,0.0,0.0,0.5992952053816083,18.48808245692748,0.770336769038645,18.48808245692748,0.770336769038645,18.48808245692748,0.770336769038645,0.16898630214391508,0.0,0.0,0.32154518883076966,0.0,0.0,1.0,0.0,561.8748267152913,-0.0330784513427197,0.032
raceline_xy,20260415_212047_eb9da4db,3042,97.37599999999283,167.107811349051,-308.8875255574048,6.080415731322928,-0.06632592307002239,6.080777466228347,0.25336572775951444,-2.9430151120262824,-0.04745049838817857,0.27677303160353,1.38386515801765,0.13399675303168657,0.02135955130907341,0.0,0.0,0.5994512476266923,18.553335372456825,0.7730556405190344,18.553335372456825,0.7730556405190344,18.553335372456825,0.7730556405190344,0.16751684043831716,0.0,0.0,0.32453916298084456,0.0,0.0,1.0,0.0,562.3402803944874,-0.025939299107610208,0.032
raceline_xy,20260415_212047_eb9da4db,3043,97.40799999999282,166.91659234519054,-308.9234886605018,6.079987840960392,-0.06707954907688207,6.080357868754977,0.2533482445314574,-2.9446589709952793,-0.051370625684431306,0.27593338564413994,1.3796669282206997,0.13274876467810737,0.021280933769520338,0.0,0.0,0.5996073350091992,18.61948546073831,0.7758118941974296,18.61948546073831,0.7758118941974296,18.61948546073831,0.7758118941974296,0.16604059755691658,0.0,0.0,0.3276835727867479,0.0,0.0,1.0,0.0,562.7179181205206,-0.02093185507417211,0.032
raceline_xy,20260415_212047_eb9da4db,3044,97.43999999999282,166.7253456001059,-308.95928978432386,6.079959493769743,-0.062079694133423846,6.080276419234945,0.253344850801456,-2.9463256895499352,-0.05208511386729725,0.2750414181422978,1.375207090711489,0.13147775451728538,0.021171312362422867,0.0,0.0,0.5997634674390678,18.686566364503943,0.7786069318543309,18.686566364503943,0.7786069318543309,18.686566364503943,0.7786069318543309,0.16455721432503578,0.0,0.0,0.33089120748291384,0.0,0.0,1.0,0.0,562.791222688549,-0.020109498450127813,0.032
raceline_xy,20260415_212047_eb9da4db,3045,97.47199999999282,166.53407338109767,-308.9949877640837,6.080211987214808,-0.05565554072444501,6.08046670484133,0.25335277936838874,-2.9479277199017213,-0.050063521797662026,0.27404465954265905,1.370223297713295,0.1302722499686304,0.021118224911679917,0.0,0.0,0.5999196448204481,18.75459723035829,0.7814415512649288,18.75459723035829,0.7814415512649288,18.75459723035829,0.7814415512649288,0.16306667156732813,0.0,0.0,0.33408054814555266,0.0,0.0,1.0,0.0,562.6199656428029,-0.022639228719289948,0.032
raceline_xy,20260415_212047_eb9da4db,3046,97.50399999999281,166.3427623318193,-309.0305249488448,6.080520480715312,-0.051651346914237894,6.080739854494387,0.2533641606039328,-2.949435600395308,-0.047121184179017006,0.273007561576932,1.36503780788466,0.12916088566611972,0.021151123635103186,0.0,0.0,0.600075867051737,18.82359779786846,0.7843165749111858,18.82359779786846,0.7843165749111858,18.82359779786846,0.7843165749111858,0.16156894926485776,0.0,0.0,0.33721674243404554,0.0,0.0,1.0,0.0,562.3741309550516,-0.026111478112314956,0.032
raceline_xy,20260415_212047_eb9da4db,3047,97.53599999999281,166.1513947480224,-309.06579365973107,6.080732890955597,-0.05146048922454738,6.080950638929775,0.25337294328874066,-2.9508768253026076,-0.045038153005702616,0.2720448010112365,1.3602240050561825,0.1281145676203077,0.021242505341527718,0.0,0.0,0.6002321340256135,18.893588421826355,0.7872328509094314,18.893588421826355,0.7872328509094314,18.893588421826355,0.7872328509094314,0.16006402656208252,0.0,0.0,0.34031615067250737,0.0,0.0,1.0,0.0,562.1844249632018,-0.028314204100796183,0.032
raceline_xy,20260415_212047_eb9da4db,3048,97.56799999999281,165.95995996579668,-309.100710077698,6.0807911058893485,-0.05398891279871876,6.081030774150727,0.2533762822562803,-2.952304147637393,-0.04460374797758516,0.27124661489152996,1.3562330744576496,0.1270793178061842,0.02133960860730655,0.0,0.0,0.6003884456290753,18.964593219941833,0.7901913841642431,18.964593219941833,0.7901913841642431,18.964593219941833,0.7901913841642431,0.15855181555189812,0.0,0.0,0.3434235551308777,0.0,0.0,1.0,0.0,562.1123032643455,-0.028374818210422724,0.032
raceline_xy,20260415_212047_eb9da4db,3049,97.5999999999928,165.76845881410048,-309.1352532843328,6.080722993454476,-0.05698414051195111,6.080989994679801,0.2533745831116584,-2.953759504939642,-0.04547991160538034,0.2706394229868271,1.3531971149341353,0.1260129524693694,0.02140048798328209,0.0,0.0,0.6005448017434737,19.03664090895639,0.7931933712065162,19.03664090895639,0.7931933712065162,19.03664090895639,0.7931933712065162,0.15703214744608118,0.0,0.0,0.3465799530774153,0.0,0.0,1.0,0.0,562.1490047881783,-0.026838842243761915,0.032
raceline_xy,20260415_212047_eb9da4db,3050,97.6319999999928,165.57689985163665,-309.16945871776886,6.080621184444437,-0.05860125594494936,6.080903559168884,0.2533709816320368,-2.955254426721412,-0.04671636345452475,0.27016811547526515,1.3508405773763257,0.12490456977493869,0.021412317831514205,0.0,0.0,0.6007009366249739,19.10969573497266,0.7962373222905276,19.10969573497266,0.7962373222905276,19.10969573497266,0.7962373222905276,0.15550621278402765,0.0,0.0,0.3498028781052921,0.0,0.0,1.0,0.0,562.2267967480042,-0.024956305348475115,0.032
raceline_xy,20260415_212047_eb9da4db,3051,97.6639999999928,165.3852924102897,-309.20338296564773,6.0805775210597055,-0.05828494279993501,6.0808568577276825,0.25336903573865344,-2.956772701351295,-0.04744616941286409,0.2697468137597061,1.3487340687985305,0.1237713346087923,0.021390709233056082,0.0,0.0,0.600856720327927,19.18375437285899,0.7993230988691246,19.18375437285899,0.7993230988691246,19.18375437285899,0.7993230988691246,0.15397450094010168,0.0,0.0,0.3530854877793265,0.0,0.0,1.0,0.0,562.2688280450853,-0.023722479229496107,0.032
raceline_xy,20260415_212047_eb9da4db,3052,97.6959999999928,165.19364168614834,-309.2370674607623,6.080623059889957,-0.056688128049644515,6.080887298768765,0.2533703041153652,-2.9582873690030302,-0.04733342593366371,0.26936624691895306,1.3468312345947653,0.12264092287993211,0.021364566817468678,0.0,0.0,0.601012547621102,19.25893806572228,0.8024557527384283,19.25893806572228,0.8024557527384283,19.25893806572228,0.8024557527384283,0.15243495586771028,0.0,0.0,0.3564019481549529,0.0,0.0,1.0,0.0,562.2414311081111,-0.02362641968478529,0.032
raceline_xy,20260415_212047_eb9da4db,3053,97.72799999999279,165.0019478315984,-309.2705225683278,6.080730251258547,-0.05492012959043424,6.080978260872593,0.2533740942030247,-2.9597776523646173,-0.04657135188367993,0.2690212531189199,1.3451062655945993,0.1215343456275284,0.02135468576017141,0.0,0.0,0.6011684182510634,19.33527722056757,0.805636550856982,19.33527722056757,0.805636550856982,19.33527722056757,0.805636550856982,0.15088744844913338,0.0,0.0,0.3597314397227736,0.0,0.0,1.0,0.0,562.159565214666,-0.0243301864852761,0.032
raceline_xy,20260415_212047_eb9da4db,3054,97.75999999999279,164.81020743073412,-309.3037299091194,6.080846122593224,-0.05391257287003515,6.0810851114065585,0.2533785463086066,-2.961238915328291,-0.04566440830452,0.26873546980250573,1.3436773490125287,0.12045602774301312,0.021365720025726453,0.0,0.0,0.6013243319588422,19.412803249297795,0.8088668020540748,19.412803249297795,0.8088668020540748,19.412803249297795,0.8088668020540748,0.14933184961883894,0.0,0.0,0.36306701356732896,0.0,0.0,1.0,0.0,562.063399734097,-0.025157344568128973,0.032
raceline_xy,20260415_212047_eb9da4db,3055,97.79199999999278,164.6184167339176,-309.336661466474,6.080930495090038,-0.05390625749167777,6.081169424601877,0.25338205935841157,-2.962680595659318,-0.04505243427631078,0.2685419250905977,1.3427096254529884,0.11939606297687755,0.021388249696546513,0.0,0.0,0.6014802884799736,19.49154860985797,0.812147858744082,19.49154860985797,0.812147858744082,19.49154860985797,0.812147858744082,0.14776803042416464,0.0,0.0,0.36641567693929655,0.0,0.0,1.0,0.0,561.9875178583101,-0.025567583305739085,0.032
raceline_xy,20260415_212047_eb9da4db,3056,97.82399999999278,164.42657419326514,-309.3692985215217,6.080971539650783,-0.05451648755442973,6.081215907485778,0.25338399614524076,-2.9641169514294976,-0.044886058775373175,0.26846401347740784,1.342320067387039,0.11834005311496343,0.02140732278031976,0.0,0.0,0.6016362875445339,19.5,0.8125,19.5,0.8125,19.5,0.8125,0.14619657384289564,0.0,0.0,0.3678293017078805,0.0,0.0,1.0,0.0,561.9456832627991,-0.025405331177270223,0.032
raceline_xy,20260415_212047_eb9da4db,3057,97.85599999999278,164.2346809987283,-309.4016397930015,6.080983513174538,-0.055131629361242274,6.081233426210227,0.2533847260920928,-2.965557906857515,-0.04502982624816007,0.26734218510933144,1.3367109255466572,0.11724989929578644,0.020690066652435668,0.0,0.0,0.6017143029447654,19.5,0.8125,19.5,0.8125,19.5,0.8125,0.1454085760577266,0.0,0.0,0.36922338220633677,0.0,0.0,1.0,0.0,561.9299164107952,-0.0019674254969805176,0.032
raceline_xy,20260415_212047_eb9da4db,3058,97.88799999999277,164.04274258397945,-309.43371157829074,6.080986865624588,-0.05474738680089375,6.081233307172179,0.25338472113217414,-2.967025280386416,-0.045855438725307056,0.26560478083652983,1.3280239041826492,0.11615960129087233,0.020664101407436686,0.0,0.0,0.6018703653065127,19.5,0.8125,19.5,0.8125,19.5,0.8125,0.14382570119571536,0.0,0.0,0.37072145564922787,0.0,0.0,1.0,0.0,561.9300235450382,-0.022728354721686272,0.032
raceline_xy,20260415_212047_eb9da4db,3059,97.91999999999277,163.85083109045314,-309.46601866026606,6.081489340197588,-0.039843798176988354,6.081619860135132,0.2534008275056305,-2.9682612006588194,-0.03862198649863991,0.26343603251977393,1.3171801625988695,0.11530779278349357,0.020861637828514912,0.0,0.0,0.6020264695132418,19.5,0.8125,19.5,0.8125,19.5,0.8125,0.14223401046031237,0.0,0.0,0.3720173985457942,0.0,0.0,1.0,0.0,561.5821258783809,-0.032759168858628444,0.032
raceline_xy,20260415_212047_eb9da4db,3060,97.95199999999276,163.65885276219583,-309.4979644902447,6.081655636150221,-0.044195089449014735,6.081816215790243,0.2534090089912601,-2.9694334000237452,-0.036630995296458004,0.2614371504523809,1.3071857522619046,0.114517545078066,0.02111498690934166,0.0,0.0,0.6021826152762149,19.5,0.8125,19.5,0.8125,19.5,0.8125,0.14063342672079004,0.0,0.0,0.37322358160331676,0.0,0.0,1.0,0.0,561.4054057887806,-0.03477411083832738,0.032
raceline_xy,20260415_212047_eb9da4db,3061,97.98399999999276,163.46678713980975,-309.52934250918236,6.0813771825729175,-0.054459423434983445,6.0816210228457495,0.25340087595190625,-2.970697064746683,-0.03948949669565898,0.2598202374085653,1.2991011870428264,0.11363054452584231,0.021269006566649207,0.0,0.0,0.6023388023014022,19.5,0.8125,19.5,0.8125,19.5,0.8125,0.13902387199393917,0.0,0.0,0.3744861075301648,0.0,0.0,1.0,0.0,561.5810794388251,-0.03044445416190137,0.032
raceline_xy,20260415_212047_eb9da4db,3062,98.01599999999276,163.27465421206153,-309.56021999200675,6.080883126918212,-0.06161522311417322,6.081195280449233,0.2533831366853847,-2.9721139409755057,-0.044277447610927764,0.258524161143642,1.29262080571821,0.11258616658615095,0.021261995660552646,0.0,0.0,0.6024950302895176,19.5,0.8125,19.5,0.8125,19.5,0.8125,0.13740526745952542,0.0,0.0,0.37587809272244327,0.0,0.0,1.0,0.0,561.96424759569,-0.02395758865474029,0.032
raceline_xy,20260415_212047_eb9da4db,3063,98.04799999999275,163.0824823082416,-309.59078519246367,6.080539728459244,-0.06214916782553481,6.080857333339816,0.2533690555558257,-2.9736418608383195,-0.04774770898668592,0.2573675031379244,1.286837515689622,0.11142956801187953,0.021136167884387103,0.0,0.0,0.6026512989360551,19.5,0.8125,19.5,0.8125,19.5,0.8125,0.13577684864752237,0.0,0.0,0.37737067151251485,0.0,0.0,1.0,0.0,562.2683999941651,-0.019448686410789926,0.032
raceline_xy,20260415_212047_eb9da4db,3064,98.07999999999275,162.89028814358298,-309.6211992489125,6.080532224029634,-0.05752320776363329,6.080804309208954,0.25336684621703975,-2.975187631822637,-0.04830559483750334,0.256196150238793,1.2809807511939648,0.11025650172768842,0.020984762372438848,0.0,0.0,0.6028076079313254,19.5,0.8125,19.5,0.8125,19.5,0.8125,0.13413849574823988,0.0,0.0,0.37887745650143484,0.0,0.0,1.0,0.0,562.3161217119409,-0.018738564355481838,0.032
raceline_xy,20260415_212047_eb9da4db,3065,98.11199999999275,162.69807265726823,-309.65151386476134,6.08075802530548,-0.051668909677011876,6.080977539717131,0.25337406415488045,-2.9766725316581084,-0.046403200501644655,0.25496520518658466,1.2748260259329232,0.10914655298919351,0.02088654880489793,0.0,0.0,0.6029639569604917,19.5,0.8125,19.5,0.8125,19.5,0.8125,0.1324905287577378,0.0,0.0,0.3803188772544814,0.0,0.0,1.0,0.0,562.1602142545814,-0.02104059494090233,0.032
raceline_xy,20260415_212047_eb9da4db,3066,98.14399999999274,162.50582531640705,-309.68167552482436,6.081028366879931,-0.048044742141042596,6.081218158892656,0.2533840899538607,-2.9780707584771093,-0.043694469078453604,0.2537352169894718,1.268676084947359,0.10812475884085115,0.02086538147237027,0.0,0.0,0.6031198964181614,19.5,0.8125,19.5,0.8125,19.5,0.8125,0.13083475928836474,0.0,0.0,0.38166112531391166,0.0,0.0,1.0,0.0,561.9436569966091,-0.02416088095968777,0.032
raceline_xy,20260415_212047_eb9da4db,3067,98.17599999999274,162.31353276196032,-309.71158639861324,6.081216065304308,-0.04787612818688303,6.081404521701001,0.253391855070875,-2.979407859421733,-0.04178422487814077,0.25258400017951027,1.2629200008975512,0.10716412420193411,0.02089714063317727,0.0,0.0,0.6032757345858812,19.5,0.8125,19.5,0.8125,19.5,0.8125,0.1291696261974189,0.0,0.0,0.3829243880194346,0.0,0.0,1.0,0.0,561.775930469099,-0.02608082006597154,0.032
raceline_xy,20260415_212047_eb9da4db,3068,98.20799999999274,162.1211873426244,-309.74117134114863,6.08127345156401,-0.05014355958082162,6.081480179139342,0.25339500746413923,-2.980731770133895,-0.041372092215804304,0.2515888141414281,1.2579440707071403,0.10621561997841589,0.020934539138537822,0.0,0.0,0.6034316111469368,19.5,0.8125,19.5,0.8125,19.5,0.8125,0.12749434974539398,0.0,0.0,0.384151670052005,0.0,0.0,1.0,0.0,561.7078387745922,-0.0260866153553226,0.032
raceline_xy,20260415_212047_eb9da4db,3069,98.23999999999273,161.9287902701343,-309.7704132416235,6.081226449766077,-0.05278552037292927,6.081455536670112,0.253393980694588,-2.9820799015044557,-0.042129086637737984,0.2507718436772502,1.253859218386251,0.1052416420640303,0.02094018855241986,0.0,0.0,0.6035875255581188,19.5,0.8125,19.5,0.8125,19.5,0.8125,0.12580877900371634,0.0,0.0,0.38538069926456053,0.0,0.0,1.0,0.0,561.7300169968988,-0.024673110354243376,0.032
raceline_xy,20260415_212047_eb9da4db,3070,98.27199999999273,161.7363483143795,-309.79934507270093,6.081152854798563,-0.054168905581089555,6.081394109392728,0.253391421224697,-2.98346222337159,-0.043197619520526885,0.2501048500288987,1.2505242501444935,0.1042328020915031,0.020904141385742925,0.0,0.0,0.6037434772714716,19.5,0.8125,19.5,0.8125,19.5,0.8125,0.12411276620242706,0.0,0.0,0.38662479565941515,0.0,0.0,1.0,0.0,561.7853015465442,-0.022965563517288914,0.032
raceline_xy,20260415_212047_eb9da4db,3071,98.30399999999273,161.54386852827793,-309.82801813773847,6.081128323118879,-0.05381669947373935,6.081366451660422,0.25339026881918425,-2.9848639324098407,-0.04380349551735102,0.2495413157851691,1.2477065789258455,0.10320519064116196,0.020841223206233384,0.0,0.0,0.6038994657343288,19.5,0.8125,19.5,0.8125,19.5,0.8125,0.12240616701479601,0.0,0.0,0.3878717605566152,0.0,0.0,1.0,0.0,561.8101935056198,-0.021917238592038913,0.032
raceline_xy,20260415_212047_eb9da4db,3072,98.33599999999272,161.35135467559994,-309.85646954274165,6.08117768297765,-0.052330571143468174,6.081402839857069,0.2533917849940445,-2.986260754707776,-0.04365074791493171,0.24904914021482563,1.245245701074128,0.1021834287585186,0.020774630772308456,0.0,0.0,0.6040554903893484,19.5,0.8125,19.5,0.8125,19.5,0.8125,0.1206889784606302,0.0,0.0,0.3890985698789554,0.0,0.0,1.0,0.0,561.7774441286375,-0.021843211592122578,0.032
raceline_xy,20260415_212047_eb9da4db,3073,98.36799999999272,161.15880658174447,-309.8847069111341,6.0812755249272055,-0.05074788112107009,6.081487265259785,0.2533953027191577,-2.9876348739993492,-0.04294120768355093,0.24862581196760436,1.2431290598380218,0.10118546407795481,0.02072247284335882,0.0,0.0,0.6042115506745465,19.5,0.8125,19.5,0.8125,19.5,0.8125,0.12027745484987173,0.0,0.0,0.3902859127472936,0.0,0.0,1.0,0.0,561.7014612661932,-0.02243762698436346,0.032
raceline_xy,20260415_212047_eb9da4db,3074,98.39999999999272,160.9662216921888,-309.91271361250494,6.081379100701217,-0.049850860764782845,6.081583418384108,0.25339930909933783,-2.988982674117066,-0.04211867648843069,0.24829290990893021,1.241464549544651,0.10021474615655412,0.020689240508728446,0.0,0.0,0.6043676460233337,19.5,0.8125,19.5,0.8125,19.5,0.8125,0.12061936623545355,0.0,0.0,0.3914271074045526,0.0,0.0,1.0,0.0,561.6149234543025,-0.023122281397037835,0.032
raceline_xy,20260415_212047_eb9da4db,3075,98.43199999999271,160.77359742857928,-309.9404656161909,6.081456906296271,-0.04981739060162438,6.081660947105237,0.25340253946271823,-2.990312513796076,-0.04155739663043602,0.24807902895668346,1.2403951447834172,0.09926263614394593,0.02066659860958131,0.0,0.0,0.6045237758645479,19.5,0.8125,19.5,0.8125,19.5,0.8125,0.12100051901073439,0.0,0.0,0.3925275792926169,0.0,0.0,1.0,0.0,561.5451476052862,-0.02343995758309488,0.032
raceline_xy,20260415_212047_eb9da4db,3076,98.46399999999271,160.58093289781974,-309.96794739573,6.08150020420862,-0.05030225875637295,6.081708234618419,0.25340450977576745,-2.9916366731709987,-0.04137990483743611,0.2480038611769945,1.2400193058849724,0.09831670605246012,0.020642290753904113,0.0,0.0,0.6046799396224891,19.5,0.8125,19.5,0.8125,19.5,0.8125,0.12142104793759456,0.0,0.0,0.393597967164414,0.0,0.0,1.0,0.0,561.5025888434227,-0.023266364922675083,0.032
raceline_xy,20260415_212047_eb9da4db,3077,98.4959999999927,160.3882291641256,-309.99515854759693,6.081520829870899,-0.05077812238299306,6.081732814080735,0.2534055339200306,-2.992963547087924,-0.04146476259662354,0.2462111682667503,1.2310558413337513,0.09731164042030205,0.01996259521258459,0.0,0.0,0.6047580340390938,19.5,0.8125,19.5,0.8125,19.5,0.8125,0.12164612151028331,0.0,0.0,0.395036313509238,0.0,0.0,1.0,0.0,561.4804673273381,-0.0020595220312188377,0.032
raceline_xy,20260415_212047_eb9da4db,3078,98.5279999999927,160.19549112111022,-310.0221264572602,6.081528896398046,-0.05024785101271889,6.081736476061407,0.2534056865025586,-2.994312977960771,-0.04216971303341176,0.24425470357411935,1.2212735178705967,0.09634023344025833,0.019902041336388177,0.0,0.0,0.6049142475828455,19.5,0.8125,19.5,0.8125,19.5,0.8125,0.12213313834535633,0.0,0.0,0.39646811782521174,0.0,0.0,1.0,0.0,561.4771715447329,-0.02086328964832368,0.032
raceline_xy,20260415_212047_eb9da4db,3079,98.5599999999927,160.00277114388825,-310.04930160371003,6.081966695220832,-0.03683396288927543,6.08207823219971,0.2534199263416546,-2.9954515945127618,-0.035581176376925525,0.2419425828009657,1.2097129140048284,0.09558776220350573,0.02004501557098548,0.0,0.0,0.6050704935844438,19.5,0.8125,19.5,0.8125,19.5,0.8125,0.12265736002003846,0.0,0.0,0.3977087826748503,0.0,0.0,1.0,0.0,561.1695910202604,-0.029919020418390996,0.032
raceline_xy,20260415_212047_eb9da4db,3080,98.5919999999927,159.80999962060963,-310.0761474596852,6.082109201393461,-0.04069955687559412,6.082245374169385,0.25342689059039103,-2.996528463708481,-0.033651798353533026,0.23981373721846705,1.1990686860923352,0.09489694145919314,0.020242475237300273,0.0,0.0,0.6052267714525724,19.5,0.8125,19.5,0.8125,19.5,0.8125,0.12321437859786855,0.0,0.0,0.39885471037175096,0.0,0.0,1.0,0.0,561.0191632475534,-0.03184122171222117,0.032
raceline_xy,20260415_212047_eb9da4db,3081,98.62399999999269,159.61716119569948,-310.1024734867527,6.081891748314811,-0.0500238572432381,6.082097469172397,0.2534207278821832,-2.9976879686795597,-0.03623445272170352,0.23806856962382827,1.1903428481191414,0.09412053774564422,0.02034993935631224,0.0,0.0,0.6053830506188499,19.5,0.8125,19.5,0.8125,19.5,0.8125,0.12380057564467961,0.0,0.0,0.4000398259043828,0.0,0.0,1.0,0.0,561.1522777448423,-0.027871836836018057,0.032
raceline_xy,20260415_212047_eb9da4db,3082,98.65599999999269,159.42427194618938,-310.12834036115004,6.081484494867489,-0.05655171914430224,6.0817474263777065,0.25340614276573775,-2.9989870211438863,-0.04059550251319476,0.23669253518538733,1.1834626759269367,0.09320267825368234,0.020308891966547726,0.0,0.0,0.6055389284299714,19.5,0.8125,19.5,0.8125,19.5,0.8125,0.12441381200554424,0.0,0.0,0.4013260399929443,0.0,0.0,1.0,0.0,561.4673162600637,-0.02191462326198219,0.032
raceline_xy,20260415_212047_eb9da4db,3083,98.68799999999268,159.23135345729852,-310.15392098820763,6.08120342989682,-0.0570213610258794,6.08147075890381,0.2533946149543254,-3.000387188927448,-0.043755506700230866,0.23545173755797805,1.17725868778989,0.09218456380399997,0.020159560066107307,0.0,0.0,0.6056948360509562,19.5,0.8125,19.5,0.8125,19.5,0.8125,0.12504852141938727,0.0,0.0,0.402700163354287,0.0,0.0,1.0,0.0,561.7163169865703,-0.0177718977906563,0.032
raceline_xy,20260415_212047_eb9da4db,3084,98.71999999999268,159.03841791146215,-310.1793635513023,6.0812047417460215,-0.052757546685865964,6.081433586726621,0.2533930661136092,-3.001803099761932,-0.04424747020330023,0.2342042584090545,1.1710212920452725,0.09115394693498136,0.019987338294316537,0.0,0.0,0.605850772802465,19.5,0.8125,19.5,0.8125,19.5,0.8125,0.1257008814714311,0.0,0.0,0.4040836569518872,0.0,0.0,1.0,0.0,561.7497719460409,-0.017094227699906695,0.032
raceline_xy,20260415_212047_eb9da4db,3085,98.75199999999268,158.84546551090133,-310.20471556869234,6.081402072776925,-0.04736516602209673,6.081586522423879,0.2533994384343283,-3.003162616489594,-0.04248496369432102,0.23290833092187818,1.1645416546093907,0.0901837873198219,0.019864386037044657,0.0,0.0,0.6060067380009626,19.5,0.8125,19.5,0.8125,19.5,0.8125,0.12636704106796515,0.0,0.0,0.4054032397852444,0.0,0.0,1.0,0.0,561.6121298185085,-0.01917713078181792,0.032
raceline_xy,20260415_212047_eb9da4db,3086,98.78399999999267,158.65248808548995,-310.22992825502115,6.081637076973724,-0.04400526189333975,6.081796280630896,0.25340817835962065,-3.0044419260440334,-0.03997829123972892,0.23161841549091444,1.1580920774545722,0.08929723337555284,0.019814538444819618,0.0,0.0,0.6061627309587511,19.5,0.8125,19.5,0.8125,19.5,0.8125,0.12704312057549672,0.0,0.0,0.40662699151445775,0.0,0.0,1.0,0.0,561.4233474321932,-0.02201915548285024,0.032
raceline_xy,20260415_212047_eb9da4db,3087,98.81599999999267,158.45947559099602,-310.254912081821,6.081802972213292,-0.04380593195137672,6.081960732567792,0.253415030523658,-3.0056642444098634,-0.03819725529573596,0.23042974793962234,1.1521487396981116,0.08847105648498443,0.01981460147220737,0.0,0.0,0.6063187509840011,19.5,0.8125,19.5,0.8125,19.5,0.8125,0.12773364663740416,0.0,0.0,0.40776692558293504,0.0,0.0,1.0,0.0,561.275340688987,-0.02379549602465965,0.032
raceline_xy,20260415_212047_eb9da4db,3088,98.84799999999267,158.26642247258914,-310.279598148632,6.0818597144224995,-0.04584328997029674,6.082032488662867,0.2534180203609528,-3.0068733937570133,-0.03778578434758683,0.2294165852757104,1.147082926378552,0.08765929258875405,0.019819831106915764,0.0,0.0,0.606474797380785,19.5,0.8125,19.5,0.8125,19.5,0.8125,0.12843139149106442,0.0,0.0,0.4088627647011899,0.0,0.0,1.0,0.0,561.210760203419,-0.023796234057111045,0.032
raceline_xy,20260415_212047_eb9da4db,3089,98.87999999999266,158.0733298823881,-310.3039702235816,6.08182810608372,-0.04824815654622128,6.082019483408452,0.2534174784753522,-3.008103974794123,-0.038455626003451614,0.2285999521307885,1.1429997606539424,0.0868269711302947,0.019796402319863127,0.0,0.0,0.6066308694491074,19.5,0.8125,19.5,0.8125,19.5,0.8125,0.12913472461580788,0.0,0.0,0.40994973634396437,0.0,0.0,1.0,0.0,561.222464932393,-0.022483049593662142,0.032
raceline_xy,20260415_212047_eb9da4db,3090,98.91199999999266,157.8802031473308,-310.3280587711469,6.0817736839569685,-0.04950043411113181,6.08197512621095,0.2534156302587896,-3.009365314659271,-0.039416919285645405,0.22795380734075657,1.1397690367037827,0.08596523164180914,0.019735216216872686,0.0,0.0,0.6067869664849379,19.5,0.8125,19.5,0.8125,19.5,0.8125,0.1298432973331458,0.0,0.0,0.41104072178973394,0.0,0.0,1.0,0.0,561.2623864101446,-0.02089384113096369,0.032
raceline_xy,20260415_212047_eb9da4db,3091,98.94399999999266,157.68704765072212,-310.35191138331464,6.081760378030307,-0.04915190021912563,6.081958994030993,0.2534149580846247,-3.0106438418222456,-0.03995404609124007,0.22743491292328918,1.137174564616446,0.0850883753023477,0.019649867964910417,0.0,0.0,0.6069430877802414,19.5,0.8125,19.5,0.8125,19.5,0.8125,0.13055696560856944,0.0,0.0,0.412125398017545,0.0,0.0,1.0,0.0,561.2769053721061,-0.0199103258119502,0.032
raceline_xy,20260415_212047_eb9da4db,3092,98.97599999999265,157.4938661727747,-310.37556259476196,6.081809271683305,-0.047753680449633795,6.081996747050224,0.25341653112709267,-3.0119171741549797,-0.03979167032768087,0.22701313087870661,1.135065654393533,0.08421931095352475,0.019562763362551028,0.0,0.0,0.6070992326230102,19.5,0.8125,19.5,0.8125,19.5,0.8125,0.1312755854384502,0.0,0.0,0.41318241451222004,0.0,0.0,1.0,0.0,561.2429276547983,-0.019826199612513376,0.032
raceline_xy,20260415_212047_eb9da4db,3093,99.00799999999265,157.30065850554615,-310.3990196766417,6.0818990047838986,-0.046262690850358945,6.082074953579254,0.2534197897324689,-3.013168834615275,-0.039114357302659594,0.22668548439249864,1.1334274219624931,0.08337462096606707,0.019490403153322955,0.0,0.0,0.6072554002972943,19.5,0.8125,19.5,0.8125,19.5,0.8125,0.13200271121517915,0.0,0.0,0.4141938511707178,0.0,0.0,1.0,0.0,561.1725417786708,-0.020361282878293186,0.032
raceline_xy,20260415_212047_eb9da4db,3094,99.03999999999265,157.1074226997059,-310.42226742674205,6.0819935695282,-0.04540289941550324,6.082163036540349,0.25342345985584785,-3.0143954376926816,-0.038331261830605486,0.22647108871624644,1.1323554435812322,0.0825574495123873,0.019436196576240405,0.0,0.0,0.6074115900832323,19.5,0.8125,19.5,0.8125,19.5,0.8125,0.1327360534754849,0.0,0.0,0.41515347226374166,0.0,0.0,1.0,0.0,561.0932671136856,-0.02098235568511315,0.032
raceline_xy,20260415_212047_eb9da4db,3095,99.07199999999264,156.91415685849196,-310.44528374659694,6.08206643053437,-0.04534112454749217,6.082235434690795,0.2534264764454498,-3.0156046721990704,-0.0377884796557772,0.22639538757915612,1.1319769378957805,0.08175976055036394,0.019392478572251903,0.0,0.0,0.6075678012570823,19.5,0.8125,19.5,0.8125,19.5,0.8125,0.13347226706744486,0.0,0.0,0.4160663462018026,0.0,0.0,1.0,0.0,561.0281087782839,-0.021266440699905236,0.032
raceline_xy,20260415_212047_eb9da4db,3096,99.10399999999264,156.7208604040925,-310.4680543714345,6.082110197258867,-0.04576042439746342,6.082282340375308,0.25342843084897115,-3.0168078825382656,-0.037600241217564966,0.22552951461365542,1.1276475730682771,0.080872257386011,0.01876945391377527,0.0,0.0,0.6076459146372513,19.5,0.8125,19.5,0.8125,19.5,0.8125,0.13384109684528056,0.0,0.0,0.4172264928698186,0.0,0.0,1.0,0.0,560.9858936622227,-0.0024375883798563452,0.032
raceline_xy,20260415_212047_eb9da4db,3097,99.13599999999263,156.52753693431316,-310.49059624733417,6.082118366594474,-0.04552227189048297,6.082288722389287,0.2534286967662203,-3.018030496664256,-0.038206659971610706,0.2233992544962113,1.1169962724810565,0.08006299166226238,0.018701722686528033,0.0,0.0,0.6078020602669404,19.5,0.8125,19.5,0.8125,19.5,0.8125,0.13457986046592652,0.0,0.0,0.41853263934018453,0.0,0.0,1.0,0.0,560.9801498496412,-0.019361768833094112,0.032
raceline_xy,20260415_212047_eb9da4db,3098,99.16799999999263,156.3342238996435,-310.5133083430588,6.0824887526906375,-0.0339001966729624,6.082583221785179,0.25344096757438245,-3.0190667648769027,-0.03238284243792664,0.22102817030198885,1.1051408515099441,0.07944838118794406,0.01881277267303849,0.0,0.0,0.6079580233178731,19.5,0.8125,19.5,0.8125,19.5,0.8125,0.13531943931473656,0.0,0.0,0.41965540196572026,0.0,0.0,1.0,0.0,560.7151003933384,-0.02733854518451009,0.032
raceline_xy,20260415_212047_eb9da4db,3099,99.19999999999263,156.14087079651782,-310.53571433330893,6.082602298205979,-0.03755964105572718,6.082718261170485,0.25344659421543686,-3.0200511613963297,-0.0307620297558854,0.21883610305654932,1.0941805152827466,0.07888658069703336,0.01896890735616541,0.0,0.0,0.6081140050515511,19.5,0.8125,19.5,0.8125,19.5,0.8125,0.1360579834445339,0.0,0.0,0.4206916801328459,0.0,0.0,1.0,0.0,560.593564946563,-0.028907286259329742,0.032
raceline_xy,20260415_212047_eb9da4db,3100,99.23199999999262,155.94746751086998,-310.5576485266395,6.082423566303144,-0.04592680670518601,6.082596954549429,0.2534415397728929,-3.021112889909495,-0.033178932574220894,0.2169933122111013,1.0849665610555064,0.07824582433404315,0.01904094414643609,0.0,0.0,0.6082700046769747,19.5,0.8125,19.5,0.8125,19.5,0.8125,0.1367944133659318,0.0,0.0,0.4217622841955518,0.0,0.0,1.0,0.0,560.7027409055131,-0.025183404113615304,0.032
raceline_xy,20260415_212047_eb9da4db,3101,99.26399999999262,155.75402701655378,-310.57916985821225,6.082092882337565,-0.051651107821863995,6.082312197373668,0.2534296748905695,-3.0223006214066945,-0.037116733754202214,0.2154478157248009,1.0772390786240045,0.07747835062618513,0.01898023298442597,0.0,0.0,0.6084260213994671,19.5,0.8125,19.5,0.8125,19.5,0.8125,0.13752766361767144,0.0,0.0,0.4229280777286752,0.0,0.0,1.0,0.0,560.9590223636988,-0.019766496507047863,0.032
raceline_xy,20260415_212047_eb9da4db,3102,99.29599999999262,155.5605653049879,-310.6004361135942,6.081873764548426,-0.051879526105714224,6.0820950315768165,0.25342062631570067,-3.0235773685442693,-0.03989860223728924,0.21404918740986606,1.0702459370493302,0.07662375715166947,0.0188237819773609,0.0,0.0,0.608582054420704,19.5,0.8125,19.5,0.8125,19.5,0.8125,0.1382574341010887,0.0,0.0,0.4241646877284168,0.0,0.0,1.0,0.0,561.1544715808648,-0.016065256203440834,0.032
raceline_xy,20260415_212047_eb9da4db,3103,99.32799999999261,155.3670907343085,-310.621579837127,6.081888697829457,-0.04789679019088888,6.082077296063925,0.2534198873359969,-3.024865221407344,-0.040245624003451705,0.21267122438286537,1.0633561219143268,0.07576304393967437,0.01864950153653666,0.0,0.0,0.6087381029387426,19.5,0.8125,19.5,0.8125,19.5,0.8125,0.13898722084567972,0.0,0.0,0.4253993159793302,0.0,0.0,1.0,0.0,561.1704335424668,-0.015534026846388653,0.032
raceline_xy,20260415_212047_eb9da4db,3104,99.35999999999261,155.17360280038267,-310.6426414140995,6.0820621843589935,-0.04298763822500529,6.0822140994419005,0.2534255874767459,-3.0260995778618414,-0.03857368130005536,0.2112787689389847,1.0563938446949235,0.07496021560173993,0.01852166377501252,0.0,0.0,0.6088941661480511,19.5,0.8125,19.5,0.8125,19.5,0.8125,0.13971209221664438,0.0,0.0,0.42656707633281343,0.0,0.0,1.0,0.0,561.0473105022892,-0.01747056486537412,0.032
raceline_xy,20260415_212047_eb9da4db,3105,99.3919999999926,154.98009510025298,-310.66357438684366,6.082263156592044,-0.03999122331538474,6.082394627445615,0.2534331094769006,-3.027260286085723,-0.036272002200772896,0.20992318437723925,1.0496159218861962,0.07423466675462231,0.01846080983767484,0.0,0.0,0.6090502432395364,19.5,0.8125,19.5,0.8125,19.5,0.8125,0.14043161359458267,0.0,0.0,0.4276396955375219,0.0,0.0,1.0,0.0,560.8848352989459,-0.020037873942292294,0.032
raceline_xy,20260415_212047_eb9da4db,3106,99.4239999999926,154.78656022978885,-310.68429704915826,6.082404874317973,-0.039870624522530096,6.0825355503956455,0.25343898126648523,-3.028369515404007,-0.03466323599353004,0.20869110746581235,1.0434555373290617,0.07356292849008295,0.018444784529983327,0.0,0.0,0.609206333400573,19.5,0.8125,19.5,0.8125,19.5,0.8125,0.14114572626663957,0.0,0.0,0.428630149671061,0.0,0.0,1.0,0.0,560.7580046439186,-0.02159702765697641,0.032
raceline_xy,20260415_212047_eb9da4db,3107,99.4559999999926,154.59299441398497,-310.70474799264946,6.082455861042396,-0.04173957653123539,6.08259907389744,0.25344162807906,-3.0294672918582073,-0.03430538925484798,0.20764860498736906,1.0382430249368453,0.07290399009440973,0.01843357574405413,0.0,0.0,0.6093624358150317,19.5,0.8125,19.5,0.8125,19.5,0.8125,0.14185437242694832,0.0,0.0,0.4295737762670815,0.0,0.0,1.0,0.0,560.7008334923033,-0.021538228818214197,0.032
raceline_xy,20260415_212047_eb9da4db,3108,99.4879999999926,154.39939891447546,-310.7249142104374,6.082434917519712,-0.043889597123416446,6.082593264603402,0.25344138602514177,-3.030584542605464,-0.034914051008326695,0.20681280537207122,1.034064026860356,0.07222668745197103,0.01839627005895883,0.0,0.0,0.609518549663307,19.5,0.8125,19.5,0.8125,19.5,0.8125,0.14255749517363725,0.0,0.0,0.43050242615489215,0.0,0.0,1.0,0.0,560.7060618569374,-0.020308458100649227,0.032
raceline_xy,20260415_212047_eb9da4db,3109,99.51999999999259,154.2057779102121,-310.7448246424666,6.082396974347199,-0.04496095591820026,6.082563147317505,0.2534401311382294,-3.0317290045652996,-0.03576446999976706,0.2061584369767268,1.0307921848836339,0.07152369347225074,0.018325144094026857,0.0,0.0,0.609674674122346,19.5,0.8125,19.5,0.8125,19.5,0.8125,0.1432584344362784,0.0,0.0,0.43142758539311726,0.0,0.0,1.0,0.0,560.7331674142449,-0.018857845649068717,0.032
raceline_xy,20260415_212047_eb9da4db,3110,99.55199999999259,154.01213537895774,-310.76452283896197,6.08239419056341,-0.04457854269346251,6.082557548915439,0.25343989787147664,-3.0328878537509523,-0.03621408799457422,0.20564539096455933,1.0282269548227967,0.07080846628755522,0.018233035176853818,0.0,0.0,0.6098308083656746,19.5,0.8125,19.5,0.8125,19.5,0.8125,0.14395405761985103,0.0,0.0,0.4323397343327186,0.0,0.0,1.0,0.0,560.7382059761046,-0.01797635033817047,0.032
raceline_xy,20260415_212047_eb9da4db,3111,99.58399999999259,153.81847323552302,-310.78403972495914,6.082442670274115,-0.043265414784731226,6.082596545332248,0.253441522722177,-3.0340407062874473,-0.03602665819803179,0.20524605429945839,1.026230271497292,0.07010182833234424,0.018140340325499604,0.0,0.0,0.6099869515634269,19.5,0.8125,19.5,0.8125,19.5,0.8125,0.14464423628508882,0.0,0.0,0.4332195466460444,0.0,0.0,1.0,0.0,560.7031092009761,-0.017912790683883593,0.032
raceline_xy,20260415_212047_eb9da4db,3112,99.61599999999258,153.62479119385634,-310.8033812411081,6.082523945414677,-0.04189429973810821,6.082668220353094,0.2534445091813789,-3.0351728899182957,-0.03538069795209506,0.20495631693267186,1.0247815846633592,0.06941850486774159,0.018061725372863435,0.0,0.0,0.6101430971781824,19.5,0.8125,19.5,0.8125,19.5,0.8125,0.14532908901629682,0.0,0.0,0.4340512576790521,0.0,0.0,1.0,0.0,560.638601682215,-0.018399454215469575,0.032
raceline_xy,20260415_212047_eb9da4db,3113,99.64799999999258,153.43108777666987,-310.82253319493265,6.082608253137426,-0.04111103511348646,6.082747181853248,0.25344779924388533,-3.036281715879638,-0.03465072820051611,0.20476776534603544,1.0238388267301772,0.06876092745003515,0.017999556434454167,0.0,0.0,0.6102991445289029,19.5,0.8125,19.5,0.8125,19.5,0.8125,0.14600905160502364,0.0,0.0,0.4348343838694971,0.0,0.0,1.0,0.0,560.5675363320761,-0.01897377619984526,0.032
raceline_xy,20260415_212047_eb9da4db,3114,99.67999999999257,153.23736164858778,-310.84147558739784,6.082674138796283,-0.04105178314527402,6.082812665838108,0.2534505277432545,-3.03737439187287,-0.03414603117064501,0.20472136017189532,1.0236068008594765,0.06812154207490151,0.017947004073230133,0.0,0.0,0.61045519832511,19.5,0.8125,19.5,0.8125,19.5,0.8125,0.1466838598872542,0.0,0.0,0.4355703356638693,0.0,0.0,1.0,0.0,560.5086007457026,-0.019283750372522068,0.032
raceline_xy,20260415_212047_eb9da4db,3115,99.71199999999257,153.04361246529712,-310.86019531771944,6.082715481104455,-0.04143511958077928,6.082856606332462,0.2534523585971859,-3.0384614192279606,-0.03396952671486661,0.20483148896418027,1.0241574448209012,0.06748960780179392,0.01789358530177454,0.0,0.0,0.6106112577342598,19.5,0.8125,19.5,0.8125,19.5,0.8125,0.14735361055215357,0.0,0.0,0.43626875725101244,0.0,0.0,1.0,0.0,560.4690543007838,-0.01910240550899007,0.032
raceline_xy,20260415_212047_eb9da4db,3116,99.74399999999257,152.8498409247638,-310.8786911826703,6.082739403126861,-0.04184092564553765,6.082883305588806,0.25345347106620025,-3.039550528557945,-0.034034613130394624,0.20280901284558747,1.0140450642279373,0.06671779996384908,0.01731884280556084,0.0,0.0,0.6106892892826222,19.495670494459414,0.8123196039358089,19.495670494459414,0.8123196039358089,19.495670494459414,0.8123196039358089,0.14768661978907538,0.0,0.0,0.43739219015676434,0.0,0.0,1.0,0.0,560.4450249700745,-0.0020624359417254733,0.032
raceline_xy,20260415_212047_eb9da4db,3117,99.77599999999256,152.6560504166821,-310.89698909297147,6.08274840911844,-0.04131730094002206,6.082888732172394,0.25345369717384975,-3.040658240739111,-0.03461598720705133,0.20067416297014173,1.0033708148507086,0.0660671365490666,0.01723500065243666,0.0,0.0,0.6108453555430098,19.46220014523436,0.8109250060514316,19.46220014523436,0.8109250060514316,19.46220014523436,0.8109250060514316,0.14834896767239059,0.0,0.0,0.4374473657257926,0.0,0.0,1.0,0.0,560.4401410448447,-0.017022763598373764,0.032
raceline_xy,20260415_212047_eb9da4db,3118,99.80799999999256,152.46226719439935,-310.9154478314385,6.083059683313305,-0.030587067979963245,6.083136582346263,0.25346402426442766,-3.041596420726183,-0.029317671733529258,0.19830063952283727,0.9915031976141864,0.06559415097599697,0.017314220750116682,0.0,0.0,0.6110014253207099,19.429042312935216,0.809543429705634,19.429042312935216,0.809543429705634,19.429042312935216,0.809543429705634,0.14900802233775146,0.0,0.0,0.4373436980741662,0.0,0.0,1.0,0.0,560.2170758883626,-0.02420882663054982,0.032
raceline_xy,20260415_212047_eb9da4db,3119,99.83999999999256,152.26845484441046,-310.9336403264388,6.083166915103473,-0.0335661070569675,6.083259521058793,0.2534691467107831,-3.042482536335994,-0.027690780286368354,0.19611250732958735,0.9805625366479367,0.06517491410523624,0.017439126792014648,0.0,0.0,0.6111574977718318,19.396175830134815,0.808173992922284,19.396175830134815,0.808173992922284,19.396175830134815,0.808173992922284,0.14966414273006912,0.0,0.0,0.4371536206786957,0.0,0.0,1.0,0.0,560.1064310470855,-0.025767703522616297,0.032
raceline_xy,20260415_212047_eb9da4db,3120,99.87199999999255,152.0746061982046,-310.951413723245,6.0830413308645515,-0.040932305837134364,6.083179044436183,0.2534657935181743,-3.043432488768058,-0.029685920476470097,0.1942669941714661,0.9713349708573304,0.064690479444518,0.017493956418048295,0.0,0.0,0.6113135720493017,19.363703953146086,0.8068209980477535,19.363703953146086,0.8068209980477535,19.363703953146086,0.8068209980477535,0.15031519500205093,0.0,0.0,0.4369887264089049,0.0,0.0,1.0,0.0,560.1788600074349,-0.022600416141221852,0.032
raceline_xy,20260415_212047_eb9da4db,3121,99.90399999999255,151.88073079207635,-310.96881610366205,6.082789559865832,-0.046106787294762364,6.082964299208685,0.2534568458003619,-3.0444921915358423,-0.033115805958053204,0.19272284349202365,0.9636142174601182,0.06409564462354478,0.0174326024361684,0.0,0.0,0.611469647302889,19.331614405585526,0.8054839335660636,19.331614405585526,0.8054839335660636,19.331614405585526,0.8054839335660636,0.1509613410385935,0.0,0.0,0.43690529982545506,0.0,0.0,1.0,0.0,560.3721307121831,-0.017821086220417167,0.032
raceline_xy,20260415_212047_eb9da4db,3122,99.93599999999255,151.68684004545065,-310.98598591672317,6.082618973419903,-0.0464572843397103,6.082796384482717,0.25344984935344655,-3.0456314220585607,-0.03560115151387036,0.19134829101127956,0.9567414550563977,0.0634227345733267,0.017285294628209158,0.0,0.0,0.6116257226792321,19.299905012586514,0.8041627088577714,19.299905012586514,0.8041627088577714,19.299905012586514,0.8041627088577714,0.15160254239734172,0.0,0.0,0.43688529137955107,0.0,0.0,1.0,0.0,560.5232539655544,-0.014464488703472382,0.032
raceline_xy,20260415_212047_eb9da4db,3123,99.96799999999254,151.4929396843285,-311.003042268749,6.082631848149892,-0.04301588082615493,6.0827839486645106,0.2534493311943546,-3.046782168297147,-0.035960986054087055,0.19002950393326354,0.9501475196663176,0.06274156236286599,0.017120051901355904,0.0,0.0,0.6117817973218637,19.268573600352124,0.8028572333480052,19.268573600352124,0.8028572333480052,19.268573600352124,0.8028572333480052,0.1522387615172036,0.0,0.0,0.43686746354526484,0.0,0.0,1.0,0.0,560.5344462019401,-0.013882755471699048,0.032
raceline_xy,20260415_212047_eb9da4db,3124,99.99999999999254,151.29902918025408,-311.0200240351732,6.082773132117597,-0.03864831565126303,6.0828959114154175,0.25345399630897575,-3.0478865870864906,-0.034513111887048586,0.18873167307978572,0.9436583653989286,0.06211053395394295,0.016994723957722613,0.0,0.0,0.6119378703712367,19.237582867345928,0.8015659528060803,19.237582867345928,0.8015659528060803,19.237582867345928,0.8015659528060803,0.15287067950139743,0.0,0.0,0.43679243382924227,0.0,0.0,1.0,0.0,560.4336797261238,-0.015517022201283703,0.032
raceline_xy,20260415_212047_eb9da4db,3125,100.03199999999254,151.1051039918016,-311.0368925754744,6.082939499722643,-0.035894971330019176,6.083045405572175,0.253460225232174,-3.048925409735798,-0.03246309893624699,0.18749713366019533,0.9374856683009766,0.0615482860429295,0.01692858569561162,0.0,0.0,0.6120939409647496,19.206891793955645,0.8002871580814852,19.206891793955645,0.8002871580814852,19.206891793955645,0.8002871580814852,0.15349906641730549,0.0,0.0,0.4366331408841683,0.0,0.0,1.0,0.0,560.2991349850419,-0.017768358452108772,0.032
raceline_xy,20260415_212047_eb9da4db,3126,100.06399999999253,150.91115896361677,-311.0535763214974,6.083060823477303,-0.035670105297032184,6.083165404502516,0.25346522518760484,-3.0499170649870004,-0.030989076316199297,0.1864010473269963,0.9320052366349815,0.06103525124035203,0.016903214253176646,0.0,0.0,0.6122500082367707,19.176585860093436,0.7990244108372265,19.176585860093436,0.7990244108372265,19.176585860093436,0.7990244108372265,0.15412210023149342,0.0,0.0,0.43640294502454374,0.0,0.0,1.0,0.0,560.1911359477351,-0.0191733437092759,0.032
raceline_xy,20260415_212047_eb9da4db,3127,100.09599999999253,150.71719153737735,-311.0700201315297,6.083110800796113,-0.03724206668893304,6.083224801558265,0.2534677000649277,-3.0508966046517303,-0.030610505228947277,0.18550172287764552,0.9275086143882275,0.06053549341667441,0.016883563373090382,0.0,0.0,0.612406071318664,19.146671095253303,0.797777962302221,19.146671095253303,0.797777962302221,19.146671095253303,0.797777962302221,0.15473957383690795,0.0,0.0,0.43613279702569424,0.0,0.0,1.0,0.0,560.1376785975615,-0.01915835812501741,0.032
raceline_xy,20260415_212047_eb9da4db,3128,100.12799999999253,150.52320271726134,-311.08621113150514,6.083103007672117,-0.03911655066389641,6.083228773150438,0.25346786554793493,-3.0518918092569,-0.031100104416695553,0.18481716921950064,0.9240858460975032,0.06002099988194809,0.01684192876472901,0.0,0.0,0.6125621524184268,19.1171567153116,0.7965481964713167,19.1171567153116,0.7965481964713167,19.1171567153116,0.7965481964713167,0.15535121226210968,0.0,0.0,0.435851019368438,0.0,0.0,1.0,0.0,560.1341041646054,-0.018088659604610372,0.032
raceline_xy,20260415_212047_eb9da4db,3129,100.15999999999252,150.32919552637804,-311.1021739818631,6.083080073578425,-0.04007365903018412,6.083212069270227,0.25346716955292614,-3.0529102656030087,-0.03182677485964839,0.18433316278942563,0.9216658139471281,0.05948453000869325,0.01677085156097835,0.0,0.0,0.6127182903148216,19.088054154472516,0.7953355897696882,19.088054154472516,0.7953355897696882,19.088054154472516,0.7953355897696882,0.15595669161843695,0.0,0.0,0.43556767104712085,0.0,0.0,1.0,0.0,560.1491376567949,-0.016858389777435697,0.032
raceline_xy,20260415_212047_eb9da4db,3130,100.19199999999252,150.13517277113348,-311.11794709144294,6.083083615510212,-0.03975199373817245,6.083213500633933,0.25346722919308057,-3.053941134753,-0.032214688787193295,0.1840080444031346,0.9200402220156729,0.05893748012514122,0.016680990697732767,0.0,0.0,0.6128744214623707,20.500868709148136,0.8542028628811723,20.500868709148136,0.8542028628811723,20.500868709148136,0.8542028628811723,0.1565559986922196,10.0,0.007803696193889393,0.4836309793796042,0.0,0.0,1.0,0.0,560.1478494294597,-0.01610259872188103,0.032
raceline_xy,20260415_212047_eb9da4db,3131,100.22399999999251,149.9411356945827,-311.13355703396104,6.083125912869103,-0.038629356952556815,6.083248564627137,0.2534686901927974,-3.0549671256044473,-0.032062218296784094,0.18381662688377903,0.9190831344188951,0.05839751578144803,0.0165896519205897,0.0,0.0,0.6130305450367545,20.47422068652504,0.85309252860521,20.47422068652504,0.85309252860521,20.47422068652504,0.85309252860521,0.15714892832407124,10.0,0.007803696193889393,0.48344240926036114,0.0,0.0,1.0,0.0,560.116291835576,-0.01598737019802864,0.032
raceline_xy,20260415_212047_eb9da4db,3132,100.25599999999251,149.7470840569661,-311.14900911419835,6.08319329762081,-0.03744793254135936,6.083308560632969,0.2534711900263737,-3.0559757259895886,-0.03151872690243008,0.18375454487545684,0.9187727243772842,0.05787719568548866,0.016509361873705775,0.0,0.0,0.6131866602107239,20.447971314368633,0.8519988047653597,20.447971314368633,0.8519988047653597,20.447971314368633,0.8519988047653597,0.15773527817679778,10.0,0.007803696193889393,0.4832127112637528,0.0,0.0,1.0,0.0,560.0622954303274,-0.01633937241989769,0.032
raceline_xy,20260415_212047_eb9da4db,3133,100.28799999999251,149.5530169271585,-311.16429258395453,6.083264352046562,-0.03672705946551852,6.08337521888774,0.25347396745365586,-3.0569640224274597,-0.030884198156921946,0.18383277489966532,0.9191638744983266,0.05737953970488752,0.016443048347277944,0.0,0.0,0.6133427661541252,20.422094847893153,0.8509206186622147,20.422094847893153,0.8509206186622147,20.422094847893153,0.8509206186622147,0.15831553513523922,10.0,0.007803696193889393,0.48293585296034636,0.0,0.0,1.0,0.0,560.0023030010335,-0.016770098587748455,0.032
raceline_xy,20260415_212047_eb9da4db,3134,100.3199999999925,149.35893349221257,-311.1793914068635,6.083322828194865,-0.03659819193897629,6.0834329173329404,0.2534763715555392,-3.057937424429075,-0.030418738208204163,0.18406674135960635,0.9203337067980317,0.05689924721798967,0.01638531597202375,0.0,0.0,0.613498862033924,20.39655699882114,0.8498565416175475,20.39655699882114,0.8498565416175475,20.39655699882114,0.8498565416175475,0.1588903880945125,10.0,0.007803696193889393,0.48261474573655183,0.0,0.0,1.0,0.0,559.9503744003532,-0.016961843562559326,0.032
raceline_xy,20260415_212047_eb9da4db,3135,100.3519999999925,149.16483361123633,-311.19429507568714,6.083363846615951,-0.036836632033048655,6.083475374140472,0.25347814058918633,-3.0589042841522938,-0.030214301101707638,0.18280020502245634,0.9140010251122817,0.05625430442488355,0.015874327360640095,0.0,0.0,0.6135769059388675,20.383957914477485,0.8493315797698952,20.383957914477485,0.8493315797698952,20.383957914477485,0.8493315797698952,0.15917479616186014,10.0,0.007803696193889393,0.4832437306704634,0.0,0.0,1.0,0.0,559.9121632735745,-0.0022282045555841595,0.032
raceline_xy,20260415_212047_eb9da4db,3136,100.3839999999925,148.9707192825873,-311.20901691627404,6.083383248430034,-0.03657477549942806,6.083493195646889,0.2534788831519537,-3.0598843117304675,-0.030625825923330043,0.18051352449129293,0.9025676224564646,0.05576918556888266,0.015801315464331278,0.0,0.0,0.6137329851550803,20.35906164005528,0.8482942350023034,20.35906164005528,0.8482942350023034,20.35906164005528,0.8482942350023034,0.15973836752648474,10.0,0.007803696193889393,0.4834728137717954,0.0,0.0,1.0,0.0,559.8961239177997,-0.015480578307933777,0.032
raceline_xy,20260415_212047_eb9da4db,3137,100.4159999999925,148.77660847433958,-311.223869410798,6.083631784717149,-0.027432353163642786,6.083693633478008,0.25348723472825035,-3.060716732236794,-0.02601279436451551,0.17805723347765756,0.8902861673882878,0.05543822537524479,0.015869595161053685,0.0,0.0,0.6138890522126584,20.334564395006293,0.8472735164585955,20.334564395006293,0.8472735164585955,20.334564395006293,0.8472735164585955,0.16029495006404915,10.0,0.007803696193889393,0.4835530826737543,0.0,0.0,1.0,0.0,559.7157298697923,-0.021682886717871334,0.032
raceline_xy,20260415_212047_eb9da4db,3138,100.44799999999249,148.58247603232945,-311.23847811162716,6.08371597616236,-0.030271096588981083,6.083791286517137,0.2534913036048807,-3.061507290785782,-0.024704699526187212,0.1758001390283481,0.8790006951417404,0.05514986020331447,0.015973417476483398,0.0,0.0,0.6140451062686729,20.310462587414694,0.8462692744756123,20.310462587414694,0.8462692744756123,20.310462587414694,0.8462692744756123,0.16084453682762145,10.0,0.007803696193889393,0.4835543564778592,0.0,0.0,1.0,0.0,559.6278421345764,-0.022849223363780338,0.032
raceline_xy,20260415_212047_eb9da4db,3139,100.47999999999249,148.38831797562588,-311.2527141716091,6.083615717392625,-0.03677285022250065,6.083726854438821,0.2534886189349509,-3.0623571142266854,-0.02655691164795345,0.17387483969937162,0.869374198496858,0.05480093672819386,0.01601165124496795,0.0,0.0,0.6142011464774209,20.286752673742836,0.8452813614059514,20.286752673742836,0.8452813614059514,20.286752673742836,0.8452813614059514,0.1613871216185352,10.0,0.007803696193889393,0.4835775133785535,0.0,0.0,1.0,0.0,559.6858310050603,-0.019900967580252442,0.032
raceline_xy,20260415_212047_eb9da4db,3140,100.51199999999248,148.194141692478,-311.26662537534713,6.083421681947413,-0.04117812040883262,6.083561045801077,0.25348171024171157,-3.063303906862183,-0.029587344794968384,0.17224039138323308,0.8612019569161653,0.05435444874273054,0.015946587395341272,0.0,0.0,0.6143571719904488,20.263378547671646,0.8443074394863186,20.263378547671646,0.8443074394863186,20.263378547671646,0.8443074394863186,0.16192390929128386,10.0,0.007803696193889393,0.48367238469584367,0.0,0.0,1.0,0.0,559.8350587790302,-0.01564515075600411,0.032
raceline_xy,20260415_212047_eb9da4db,3141,100.54399999999248,147.99995507924933,-311.28033587658496,6.083298005207548,-0.04128386211278162,6.0834380885674415,0.2534765870236434,-3.064318532403079,-0.03170719463943338,0.17077899762083867,0.8538949881041933,0.05384140632537626,0.01580735700001723,0.0,0.0,0.614513181956576,20.24036420624225,0.8433485085934271,20.24036420624225,0.8433485085934271,20.24036420624225,0.8433485085934271,0.16245427407362456,10.0,0.007803696193889393,0.4838212956633371,0.0,0.0,1.0,0.0,559.9457202893022,-0.012739297844461442,0.032
raceline_xy,20260415_212047_eb9da4db,3142,100.57599999999248,147.8057616009465,-311.2939493742684,6.083319989523811,-0.038108356759611994,6.083439351369823,0.2534766396404093,-3.0653400802820627,-0.031923484268774,0.16939134115650056,0.8469567057825028,0.05332427669362794,0.015654864965338522,0.0,0.0,0.6146691755219176,20.21771691718631,0.8424048715494296,20.21771691718631,0.8424048715494296,20.21771691718631,0.8424048715494296,0.1629779705905996,10.0,0.007803696193889393,0.48396597454222345,0.0,0.0,1.0,0.0,559.9445837671586,-0.012311140220552238,0.032
raceline_xy,20260415_212047_eb9da4db,3143,100.60799999999247,147.61156041321632,-311.307497240724,6.083440351211461,-0.03422138690872484,6.083536603824274,0.2534806918260114,-3.0663182038122763,-0.030566365168325543,0.16804887826865397,0.8402443913432698,0.052853847736070936,0.015539451876859456,0.0,0.0,0.6148251518299073,20.195424052684178,0.841476002195174,20.195424052684178,0.841476002195174,20.195424052684178,0.841476002195174,0.16349521418649715,10.0,0.007803696193889393,0.48405102310082654,0.0,0.0,1.0,0.0,559.8570565581532,-0.013805643111268775,0.032
raceline_xy,20260415_212047_eb9da4db,3144,100.63999999999247,147.41734814712885,-311.32094303709835,6.083577525846352,-0.031836450023091156,6.083660828196531,0.2534858678415221,-3.0672373412497445,-0.028722953951002654,0.16678946882992893,0.8339473441496446,0.05244507752578409,0.015477056448733872,0.0,0.0,0.6149812486095388,20.173489646487766,0.8405620686036569,20.173489646487766,0.8405620686036569,20.173489646487766,0.8405620686036569,0.1640058362210155,10.0,0.007803696193889393,0.48405311114610833,0.0,0.0,1.0,0.0,559.7452546231217,-0.01578585304543279,0.032
raceline_xy,20260415_212047_eb9da4db,3145,100.67199999999247,147.22312128914675,-311.33422302784004,6.083677512287142,-0.03169840249073108,6.083760092428755,0.25349000385119813,-3.068114942685079,-0.027424926993412042,0.16569582087917945,0.8284791043958972,0.05207949226990349,0.015450229358311862,0.0,0.0,0.6151374677363096,20.151901663088633,0.8396625692953598,20.151901663088633,0.8396625692953598,20.151901663088633,0.8396625692953598,0.16451004335518604,10.0,0.007803696193889393,0.4839792425481207,0.0,0.0,1.0,0.0,559.65591681412,-0.017085227311095803,0.032
raceline_xy,20260415_212047_eb9da4db,3146,100.70399999999246,147.02887831604525,-311.3472895158151,6.0837209570224235,-0.03311319350058001,6.0838110725512875,0.25349212802297033,-3.06898219983276,-0.027101700053423085,0.1648242154950881,0.8241210774754405,0.0517251243972221,0.015427395255962484,0.0,0.0,0.6152936671213358,20.130631907475614,0.8387763294781506,20.130631907475614,0.8387763294781506,20.130631907475614,0.8387763294781506,0.16500842576279595,10.0,0.007803696193889393,0.4838567098845108,0.0,0.0,1.0,0.0,559.6100347038408,-0.01702723319604366,0.032
raceline_xy,20260415_212047_eb9da4db,3147,100.73599999999246,146.83462010772814,-311.360130444949,6.083717517585061,-0.03481122350208504,6.083817112229217,0.25349237967621735,-3.069864335478332,-0.027566706666809323,0.16418786956635104,0.8209393478317552,0.05135652483758735,0.015383341528091954,0.0,0.0,0.6154498460096985,20.10966933062819,0.8379028887761746,20.10966933062819,0.8379028887761746,20.10966933062819,0.8379028887761746,0.16550117893137717,10.0,0.007803696193889393,0.4837133394504689,0.0,0.0,1.0,0.0,559.6045989937045,-0.015996406542660883,0.032
raceline_xy,20260415_212047_eb9da4db,3148,100.76799999999245,146.6403489600043,-311.3727692144201,6.083702763952064,-0.03564554049959828,6.083807189965465,0.253491966248561,-3.070767719830963,-0.02823076875029844,0.16376372326143188,0.8188186163071594,0.05096764327735803,0.015311707984167366,0.0,0.0,0.6156060036438289,20.089003072109918,0.8370417946712466,20.089003072109918,0.8370417946712466,20.089003072109918,0.8370417946712466,0.1659884976330286,10.0,0.007803696193889393,0.48355992297988176,0.0,0.0,1.0,0.0,559.6135290310813,-0.014781314249130803,0.032
raceline_xy,20260415_212047_eb9da4db,3149,100.79999999999245,146.44606687961962,-311.38524182321953,6.0837108983084915,-0.03528824924050156,6.083813241276558,0.25349221838652325,-3.071681797875998,-0.028564955487370158,0.16351558865788002,0.8175779432894,0.05057020956282887,0.015223059503461034,0.0,0.0,0.6157621392635305,20.068575145148454,0.8361906310478523,20.068575145148454,0.8361906310478523,20.068575145148454,0.8361906310478523,0.1664716966977764,10.0,0.007803696193889393,0.4833866509193727,0.0,0.0,1.0,0.0,559.6080828510974,-0.014034481454448019,0.032
raceline_xy,20260415_212047_eb9da4db,3150,100.83199999999245,146.2517747078747,-311.39757399627314,6.083752449015019,-0.034164285760864166,6.083848375766592,0.25349368232360797,-3.0725897742762642,-0.02837425860014345,0.1634171580531263,0.8170857902656314,0.05018097957811207,0.015134495579814722,0.0,0.0,0.615918252106002,20.048424460635466,0.8353510191931445,20.048424460635466,0.8353510191931445,20.048424460635466,0.8353510191931445,0.16694980560109762,10.0,0.007803696193889393,0.4831796406279207,0.0,0.0,1.0,0.0,559.576461810067,-0.013962036851367224,0.032
raceline_xy,20260415_212047_eb9da4db,3151,100.86399999999244,146.05747218800198,-311.40977085922134,6.083815278933815,-0.03299173112619719,6.083904733188319,0.2534960305495133,-3.073479551915855,-0.0278055153009405,0.1634621481081583,0.8173107405407914,0.04981184409048289,0.015058704243648524,0.0,0.0,0.61607434140586,20.02859238076459,0.8345246825318579,20.02859238076459,0.8345246825318579,20.02859238076459,0.8345246825318579,0.16742178440701494,10.0,0.007803696193889393,0.4829276577427934,0.0,0.0,1.0,0.0,559.5257401305122,-0.014343845430063548,0.032
raceline_xy,20260415_212047_eb9da4db,3152,100.89599999999244,145.8631585527692,-311.42182091407597,6.083879966285354,-0.0323034261824674,6.083965726030302,0.25349857191792924,-3.0743489105618576,-0.02716739853474288,0.16366000419775403,0.8183000209887701,0.049464811307383894,0.014997010363701158,0.0,0.0,0.6162304063951612,20.009039389491278,0.8337099745621366,20.009039389491278,0.8337099745621366,20.009039389491278,0.8337099745621366,0.16788851523825343,10.0,0.007803696193889393,0.4826257144313343,0.0,0.0,1.0,0.0,559.4708465727281,-0.014778459687866119,0.032
raceline_xy,20260415_212047_eb9da4db,3153,100.92799999999244,145.6688332016411,-311.4337078866026,6.083932584039658,-0.0322116762880178,6.084017856583654,0.25350074402431894,-3.0752038128689145,-0.026715632750503305,0.16402393091547504,0.8201196545773751,0.049133633154613054,0.014943451799509955,0.0,0.0,0.6163864463034248,19.989763810434656,0.8329068254347773,19.989763810434656,0.8329068254347773,19.989763810434656,0.8329068254347773,0.16834998463431283,10.0,0.007803696193889393,0.48227920470170343,0.0,0.0,1.0,0.0,559.4239290747109,-0.01495400473189282,0.032
raceline_xy,20260415_212047_eb9da4db,3154,100.95999999999243,145.47449610552965,-311.44542168067545,6.08396954429634,-0.03247086575265812,6.0840561941067035,0.25350234142111266,-3.07605277772722,-0.026530096254199415,0.16352226789024008,0.8176113394512003,0.048611462892255375,0.01449278845062052,0.0,0.0,0.6164644566107037,19.980229527315036,0.8325095636381264,19.980229527315036,0.8325095636381264,19.980229527315036,0.8325095636381264,0.16857874230607095,10.0,0.007803696193889393,0.48267862899559144,0.0,0.0,1.0,0.0,559.3894253039664,-0.0021690299547363397,0.032
raceline_xy,20260415_212047_eb9da4db,3155,100.99199999999243,145.28014878043655,-311.45697449575636,6.0839890774119505,-0.03227521106456377,6.084074685876002,0.2535031119115001,-3.0769134622606487,-0.02689635863623486,0.16109685222686815,0.8054842611343407,0.04827593811894415,0.014423965980741471,0.0,0.0,0.6166204574472631,19.9613605934111,0.8317233580587958,19.9613605934111,0.8317233580587958,19.9613605934111,0.8317233580587958,0.16903244861549815,10.0,0.007803696193889393,0.4829262976046428,0.0,0.0,1.0,0.0,559.3727827115974,-0.013584693796407924,0.032
raceline_xy,20260415_212047_eb9da4db,3156,101.02399999999243,145.08580296078787,-311.46863838565633,6.084185965865672,-0.0243480082334121,6.084234684226253,0.2535097785094272,-3.0776465659216434,-0.022909245172240397,0.15855539928362591,0.7927769964181295,0.04807353547662441,0.014476402438836189,0.0,0.0,0.6167764312656269,19.942743837593756,0.8309476598997398,19.942743837593756,0.8309476598997398,19.942743837593756,0.8309476598997398,0.16948137262299845,10.0,0.007803696193889393,0.4830401588028087,0.0,0.0,1.0,0.0,559.228784196372,-0.01890174451974082,0.032
raceline_xy,20260415_212047_eb9da4db,3157,101.05599999999242,144.8914419388018,-311.48009028180473,6.084256834104076,-0.026752098277941783,6.0843156474746145,0.2535131519781089,-3.078343042033266,-0.02176469449856803,0.15621266312061216,0.7810633156030607,0.04790828388006796,0.01455914326694474,0.0,0.0,0.6169323772866069,19.92443616394452,0.830184840164355,19.92443616394452,0.830184840164355,19.92443616394452,0.830184840164355,0.16992408956124194,10.0,0.007803696193889393,0.48308042208555485,0.0,0.0,1.0,0.0,559.1559172728465,-0.019883966352957274,0.032
raceline_xy,20260415_212047_eb9da4db,3158,101.08799999999242,144.6970635213731,-311.4912194190643,6.084187654176159,-0.03230911407497661,6.084273439785715,0.2535113933244048,-3.07908979749285,-0.023336052750914223,0.15418228527172828,0.7709114263586414,0.04769153464130005,0.01458527984715241,0.0,0.0,0.6170882947285772,19.90646696177189,0.8294361234071621,19.90646696177189,0.8294361234071621,19.90646696177189,0.8294361234071621,0.17035982789618487,10.0,0.007803696193889393,0.48313292772595223,0.0,0.0,1.0,0.0,559.193904192856,-0.017329564175992913,0.032
raceline_xy,20260415_212047_eb9da4db,3159,101.11999999999242,144.5026729976323,-311.502067264274,6.084048170621273,-0.03606015727744255,6.0841550339700365,0.2535064597487515,-3.079919148619487,-0.025917269706927478,0.15242945023921883,0.7621472511960942,0.04739157713613951,0.014522493660285463,0.0,0.0,0.6172441828074947,19.888865525870905,0.828702730244621,19.888865525870905,0.828702730244621,19.888865525870905,0.828702730244621,0.1707878112763499,10.0,0.007803696193889393,0.4832424172744159,0.0,0.0,1.0,0.0,559.3004694269667,-0.01365527912760172,0.032
raceline_xy,20260415_212047_eb9da4db,3160,101.15199999999241,144.30827558062683,-311.51274087347133,6.083962000916988,-0.0361127112954619,6.084069177492885,0.25350288239553687,-3.080805949229359,-0.027712612722662584,0.15080063441531702,0.7540031720765851,0.047035173404725406,0.014396771395488894,0.0,0.0,0.6174003836036854,19.871695601939994,0.8279873167474997,19.871695601939994,0.8279873167474997,19.871695601939994,0.8279873167474997,0.17120641556419258,10.0,0.007803696193889393,0.4834068032210022,0.0,0.0,1.0,0.0,559.3777402564033,-0.011186524275620294,0.032
raceline_xy,20260415_212047_eb9da4db,3161,101.18399999999241,144.11387326756204,-311.52332948795845,6.083985523708486,-0.03334747684309253,6.084076914940032,0.253503204789168,-3.0816977531525787,-0.027868940873569146,0.1492793331139468,0.746396665569734,0.04667610987595161,0.014259986378260425,0.0,0.0,0.6175566685547331,19.854962772361546,0.8272901155150644,19.854962772361546,0.8272901155150644,19.854962772361546,0.8272901155150644,0.17161542512506323,10.0,0.007803696193889393,0.483563026799871,0.0,0.0,1.0,0.0,559.370776553971,-0.010892431324599012,0.032
raceline_xy,20260415_212047_eb9da4db,3162,101.2159999999924,143.91946520424938,-311.53385911999675,6.084082401515759,-0.03000303177054392,6.084156379511394,0.25350651581297473,-3.082551638586761,-0.026683916031074596,0.14786445042777652,0.7393222521388826,0.04635767368884691,0.014154780802033251,0.0,0.0,0.6177129218626423,19.838684763795328,0.8266118651581387,19.838684763795328,0.8266118651581387,19.838684763795328,0.8266118651581387,0.17201432649460457,10.0,0.007803696193889393,0.4836609070141803,0.0,0.0,1.0,0.0,559.299258439745,-0.012152689387944228,0.032
raceline_xy,20260415_212047_eb9da4db,3163,101.2479999999924,143.72504902393936,-311.54429686546155,6.084190641551103,-0.02799530021194052,6.084255048859473,0.25351062703581134,-3.08335522297398,-0.025111947469895195,0.14659058831317073,0.7329529415658537,0.0460917048501428,0.014093542785299285,0.0,0.0,0.6178691428853696,19.822890965421607,0.8259537902259003,19.822890965421607,0.8259537902259003,19.822890965421607,0.8259537902259003,0.17240231671523887,10.0,0.007803696193889393,0.48368220402724893,0.0,0.0,1.0,0.0,559.2104560264742,-0.013785252572403593,0.032
raceline_xy,20260415_212047_eb9da4db,3164,101.2799999999924,143.5306225302156,-311.5545890242719,6.084270801245246,-0.027881133649767742,6.084334683471896,0.25351394514466236,-3.0841235655071397,-0.024010623334823775,0.14551284115306218,0.7275642057653109,0.045862386058339144,0.0140612185634712,0.0,0.0,0.6180253309785068,19.807604941073308,0.8253168725447212,19.807604941073308,0.8253168725447212,19.807604941073308,0.8253168725447212,0.17277873140790234,10.0,0.007803696193889393,0.48363692497418437,0.0,0.0,1.0,0.0,559.1387848752931,-0.014733929735654157,0.032
raceline_xy,20260415_212047_eb9da4db,3165,101.3119999999924,143.33618494696856,-311.5646965280713,6.084309141331154,-0.02904216366205309,6.0843784542511825,0.2535157689271326,-3.0848828671780453,-0.023728117493695616,0.14467094241573708,0.7233547120786854,0.045643266185869,0.014031612439916685,0.0,0.0,0.6181814854953012,19.792827125724404,0.8247011302385169,19.792827125724404,0.8247011302385169,19.792827125724404,0.8247011302385169,0.1731434745100504,10.0,0.007803696193889393,0.48354936349925665,0.0,0.0,1.0,0.0,559.0993911739354,-0.014623123111949491,0.032
raceline_xy,20260415_212047_eb9da4db,3166,101.34399999999239,143.14173709608207,-311.5746124000143,6.084315244091019,-0.030353777807268056,6.08439095894614,0.25351628995608916,-3.085652953851394,-0.024065181753546962,0.1440714147676946,0.720357073838473,0.04541387201403513,0.013985660445047454,0.0,0.0,0.618337605786678,19.77861700130265,0.8241090417209437,19.77861700130265,0.8241090417209437,19.77861700130265,0.8241090417209437,0.1734949900010232,10.0,0.007803696193889393,0.4834447382342624,0.0,0.0,1.0,0.0,559.0881369484734,-0.013761652195951626,0.032
raceline_xy,20260415_212047_eb9da4db,3167,101.37599999999239,142.94728050502897,-311.5843567818118,6.084314497326978,-0.03094096091858778,6.084393169860557,0.2535163820775232,-3.0864383803635267,-0.02454457522645326,0.14369260977947151,0.7184630488973576,0.045169907721222646,0.013918640848166408,0.0,0.0,0.6184936912012609,19.764965940295856,0.8235402475123274,19.764965940295856,0.8235402475123274,19.764965940295856,0.8235402475123274,0.17383340206863096,10.0,0.007803696193889393,0.48333166588666737,0.0,0.0,1.0,0.0,559.0861471254982,-0.012773918123445378,0.032
raceline_xy,20260415_212047_eb9da4db,3168,101.40799999999238,142.752816387903,-311.59395874593105,6.08433011535863,-0.03057859562523585,6.084406955749292,0.2535169564895538,-3.0872304355589346,-0.024751725715529665,0.14350321175761338,0.7175160587880669,0.04492048077301192,0.013838592926104898,0.0,0.0,0.6186497410853934,19.751845140644836,0.8229935475268682,19.751845140644836,0.8229935475268682,19.751845140644836,0.8229935475268682,0.1741593414626692,10.0,0.007803696193889393,0.4832039682578074,0.0,0.0,1.0,0.0,559.0737398256371,-0.012168514838322797,0.032
raceline_xy,20260415_212047_eb9da4db,3169,101.43999999999238,142.55834519544118,-311.6034386313297,6.0843687440146175,-0.029621801230875544,6.084440850583575,0.2535183687743156,-3.0880157498987675,-0.02454106096869881,0.14348007073296642,0.7174003536648321,0.044679222209727865,0.013758846929539548,0.0,0.0,0.61880575478316,18.249534326715082,0.7603972636131284,18.249534326715082,0.7603972636131284,18.249534326715082,0.7603972636131284,0.1744728079143485,0.0,0.0,0.4303498645057373,0.0,0.0,0.7448615326482572,0.0,559.0432344747821,-0.012096698982768111,0.032
raceline_xy,20260415_212047_eb9da4db,3170,101.47199999999238,142.36386673092548,-311.6128003316172,6.0844217192259995,-0.02864215754835725,6.084489134724302,0.2535203806135126,-3.0887848956888924,-0.024035774828781265,0.14361576601131187,0.7180788300565594,0.044455567745470326,0.013688790691434694,0.0,0.0,0.6189617316364076,18.236660974301348,0.7598608739292229,18.236660974301348,0.7598608739292229,18.236660974301348,0.7598608739292229,0.17477410670916171,0.0,0.0,0.43010519637785993,0.0,0.0,1.0,0.0,558.9997787481275,-0.012375676146000407,0.032
raceline_xy,20260415_212047_eb9da4db,3171,101.50399999999237,142.16938054333843,-311.6220347868404,6.084475639225032,-0.028053736129183715,6.0845403126640285,0.2535225130276679,-3.089536321786782,-0.023482021299900548,0.14391483536062555,0.7195741768031277,0.044250876964124775,0.01362993492990272,0.0,0.0,0.6191176709847653,18.22423738294915,0.7593432242895478,18.22423738294915,0.7593432242895478,18.22423738294915,0.7593432242895478,0.17506539394437048,0.0,0.0,0.4298259780043718,0.0,0.0,1.0,0.0,558.9537186023739,-0.012686008803527523,0.032
raceline_xy,20260415_212047_eb9da4db,3172,101.53599999999237,141.9748863328159,-311.6311294809179,6.084521051483621,-0.027934730569432964,6.084585176913817,0.253524382371409,-3.09027486444974,-0.023079411488030388,0.14438420794286727,0.7219210397143363,0.0440600688100834,0.013577402408256223,0.0,0.0,0.6192735721656666,18.212219606576095,0.7588424836073373,18.212219606576095,0.7588424836073373,18.212219606576095,0.7588424836073373,0.17534764880863918,0.0,0.0,0.4295152262081288,0.0,0.0,1.0,0.0,558.9133407775646,-0.012784884587466476,0.032
raceline_xy,20260415_212047_eb9da4db,3173,101.56799999999237,141.78038416476187,-311.6400770231416,6.084555715487342,-0.028083774217174895,6.084620526642887,0.25352585527678695,-3.0910072369912545,-0.022886600651932806,0.1450249139092805,0.7251245695464024,0.04387626408538292,0.013524438288014196,0.0,0.0,0.6194294345143696,18.200473160518637,0.7583530483549432,18.200473160518637,0.7583530483549432,18.200473160518637,0.7583530483549432,0.17562399066566314,0.0,0.0,0.4291754861199515,0.0,0.0,1.0,0.0,558.8815260214016,-0.01261507664065595,0.032
raceline_xy,20260415_212047_eb9da4db,3174,101.59999999999236,141.58587441652668,-311.64887842988406,6.084583616344711,-0.0282113012945453,6.084649017142337,0.2535270423809307,-3.0917378293776983,-0.022830978160163887,0.14246666063034608,0.7123333031517304,0.04347818205954601,0.01313106134358799,0.0,0.0,0.6195073509183252,18.194659284837027,0.7581108035348761,18.194659284837027,0.7581108035348761,18.194659284837027,0.7581108035348761,0.17576093381234692,0.0,0.0,0.4298554618310991,0.0,0.0,1.0,0.0,558.8558845718962,-0.001795654667218375,0.032
raceline_xy,20260415_212047_eb9da4db,3175,101.63199999999236,141.39135821183137,-311.65755064799197,6.084606118574592,-0.027756429780159686,6.084669427141421,0.2535278927975592,-3.09247691794849,-0.023096494240102725,0.14001688035154614,0.7000844017577307,0.04328879294959487,0.013061461236767435,0.0,0.0,0.6196631822082037,18.18306729815322,0.7576278040897174,18.18306729815322,0.7576278040897174,18.18306729815322,0.7576278040897174,0.17603431110631185,0.0,0.0,0.4300897919573136,0.0,0.0,1.0,0.0,558.8375155727209,-0.011285118261552606,0.032
raceline_xy,20260415_212047_eb9da4db,3176,101.66399999999236,141.19684240689787,-311.66632122852656,6.084758868381892,-0.02086096634650947,6.084794628109399,0.25353310950455826,-3.093105494306587,-0.019642857343555146,0.13730711591263495,0.6865355795631747,0.0432144058075119,0.013096916717895368,0.0,0.0,0.619819552522327,18.17145739436171,0.7571440580984046,18.17145739436171,0.7571440580984046,18.17145739436171,0.7571440580984046,0.17630855689674796,0.0,0.0,0.4302446498792804,0.0,0.0,1.0,0.0,558.7248347015408,-0.015919524271335618,0.032
raceline_xy,20260415_212047_eb9da4db,3177,101.69599999999235,141.00231662222944,-311.67491791835386,6.084821519458956,-0.02269475992999459,6.084863842009867,0.2535359934170778,-3.0936986134507123,-0.018534852936958435,0.13483965223924785,0.6741982611962392,0.04317571431991185,0.01316109798133791,0.0,0.0,0.6199758815847358,18.15963807350568,0.75665158639607,18.15963807350568,0.75665158639607,18.15963807350568,0.75665158639607,0.176588208937126,0.0,0.0,0.430311264541687,0.0,0.0,1.0,0.0,558.6625421911197,-0.016863903641259618,0.032
raceline_xy,20260415_212047_eb9da4db,3178,101.72799999999235,140.80777962864158,-311.6832419798552,6.084782045486957,-0.027372260039202456,6.0848436119345,0.2535351504972708,-3.094331198298793,-0.01976823526679058,0.13271815017676672,0.6635907508838336,0.04309622089002696,0.013179082506655782,0.0,0.0,0.6201321689507477,18.147470574814697,0.7561446072839457,18.147470574814697,0.7561446072839457,18.147470574814697,0.7561446072839457,0.17687658441292875,0.0,0.0,0.43034803571731783,0.0,0.0,1.0,0.0,558.6807492589498,-0.014721316258936544,0.032
raceline_xy,20260415_212047_eb9da4db,3179,101.75999999999235,140.6132349971672,-311.69132579088114,6.08468873593347,-0.030614876033168703,6.084765754228355,0.25353190642618145,-3.0950326494653213,-0.021920371057540827,0.130918228231176,0.6545911411558799,0.04294697195310837,0.013121469977286804,0.0,0.0,0.6202884141734615,18.13481471168429,0.755617279653512,18.13481471168429,0.755617279653512,18.13481471168429,0.755617279653512,0.1771770580006713,0.0,0.0,0.4303839708830114,0.0,0.0,1.0,0.0,558.7508211944798,-0.011540945322052215,0.032
raceline_xy,20260415_212047_eb9da4db,3180,101.79199999999234,140.4186860415279,-311.6992606472167,6.084631814538647,-0.03070674286578509,6.084709296470399,0.2535295540195999,-3.0957827722578113,-0.023441387318817713,0.12935484755769172,0.6467742377884586,0.042750730103391366,0.013008455283206821,0.0,0.0,0.6204446168037792,18.121480346053627,0.7550616810855678,18.121480346053627,0.7550616810855678,18.121480346053627,0.7550616810855678,0.17749421954174593,0.0,0.0,0.4304008318991649,0.0,0.0,1.0,0.0,558.8016331766408,-0.009300613341035246,0.032
raceline_xy,20260415_212047_eb9da4db,3181,101.82399999999234,140.22413385192982,-311.7071247292461,6.084654585284017,-0.028331838362978062,6.08472054537288,0.25353002272387,-3.096536951093217,-0.023568123153096747,0.12795303210540132,0.6397651605270066,0.042552730966231245,0.012884654103138438,0.0,0.0,0.620600776390429,18.10742798603266,0.7544761660846943,18.10742798603266,0.7544761660846943,18.10742798603266,0.7544761660846943,0.17782910342786273,0.0,0.0,0.4303612995734151,0.0,0.0,1.0,0.0,558.7915091644076,-0.00887336833008424,0.032
raceline_xy,20260415_212047_eb9da4db,3182,101.85599999999233,140.02957776470836,-311.714943594449,6.084732473623595,-0.02536491920612924,6.084785341710572,0.25353272257127385,-3.097257443554458,-0.022515380864211055,0.1266883853338827,0.6334419266694136,0.042390422901535274,0.012789075204265199,0.0,0.0,0.6207568924799882,18.092726546616813,0.7538636061090339,18.092726546616813,0.7538636061090339,18.092726546616813,0.7538636061090339,0.1781801656087687,0.0,0.0,0.43023321191877195,0.0,0.0,1.0,0.0,558.7331924604848,-0.009885572424995779,0.032
raceline_xy,20260415_212047_eb9da4db,3183,101.88799999999233,139.83501628926746,-311.7226922972739,6.084820717114667,-0.023459496330517915,6.084865939969092,0.2535360808320455,-3.0979317955579138,-0.02107345458452637,0.12558619427302806,0.6279309713651402,0.042275845757494324,0.012733079280742743,0.0,0.0,0.6209129646169049,18.077317554002203,0.7532215647500918,18.077317554002203,0.7532215647500918,18.077317554002203,0.7532215647500918,0.17854890522103162,0.0,0.0,0.42999861823878777,0.0,0.0,1.0,0.0,558.6606540278171,-0.01128995563478412,0.032
raceline_xy,20260415_212047_eb9da4db,3184,101.91999999999233,139.64044804999318,-311.730324710179,6.08488937461957,-0.023203017967938583,6.0849336135574195,0.2535389005648925,-3.0985721203824763,-0.02001009505964382,0.12469227091600397,0.6234613545800198,0.0421961466532359,0.012704493546198847,0.0,0.0,0.621068992343521,18.061185908914005,0.7525494128714169,18.061185908914005,0.7525494128714169,18.061185908914005,0.7525494128714169,0.1789357975046464,0.0,0.0,0.42966341831529054,0.0,0.0,1.0,0.0,558.5997477983221,-0.012133471677296533,0.032
raceline_xy,20260415_212047_eb9da4db,3185,101.95199999999232,139.44587259488767,-311.7378057639362,6.084927610264724,-0.02411006695388615,6.084975375257527,0.2535406406357303,-3.099201257005827,-0.01966047617141338,0.12404017880207317,0.6202008940103658,0.04212791855537601,0.01268055360076481,0.0,0.0,0.6212249752000942,18.04432202712857,0.751846751130357,18.04432202712857,0.751846751130357,18.04432202712857,0.751846751130357,0.17934119418055516,0.0,0.0,0.4292464990252032,0.0,0.0,1.0,0.0,558.562162268225,-0.012046902294011697,0.032
raceline_xy,20260415_212047_eb9da4db,3186,101.98399999999232,139.25129051508907,-311.74512816761876,6.084941597495676,-0.025202653102866956,6.0849937895331205,0.25354140789721336,-3.099837179820703,-0.019872564203299477,0.12363422646918915,0.6181711323459457,0.04205304810020216,0.012643358831696094,0.0,0.0,0.6213809127248214,18.02633140240351,0.751097141766813,18.02633140240351,0.751097141766813,18.02633140240351,0.751097141766813,0.17977474297601326,0.0,0.0,0.4287520348189378,0.0,0.0,1.0,0.0,558.5455894201912,-0.011273240740479728,0.032
raceline_xy,20260415_212047_eb9da4db,3187,102.01599999999232,139.05670284400392,-311.7523091109834,6.084949547339134,-0.025687018902023795,6.085003764715582,0.2535418235298159,-3.100484632223198,-0.02023287783551006,0.12345305268966925,0.6172652634483462,0.04196703102986632,0.012588238843856736,0.0,0.0,0.62153680445386,18.0067597169983,0.7502816548749291,18.0067597169983,0.7502816548749291,18.0067597169983,0.7502816548749291,0.18024764718053987,0.0,0.0,0.4281718549915823,0.0,0.0,1.0,0.0,558.5366117559759,-0.010355655136415757,0.032
raceline_xy,20260415_212047_eb9da4db,3188,102.04799999999231,138.86211037848813,-311.7593746489141,6.084968837681753,-0.025330593768985943,6.085021560729158,0.2535425650303816,-3.101136395798469,-0.02036760485266314,0.12346572997241403,0.6173286498620701,0.04187746230799583,0.01252248429282421,0.0,0.0,0.6216926499213505,17.984799286980667,0.7493666369575278,17.984799286980667,0.7493666369575278,17.984799286980667,0.7493666369575278,0.18077983159229483,0.0,0.0,0.42747403924064314,0.0,0.0,1.0,0.0,558.5205953437578,-0.00975463051978104,0.032
raceline_xy,20260415_212047_eb9da4db,3189,102.07999999999231,138.66751340245074,-311.7663438801637,6.085004950912489,-0.024423002190360588,6.085053963250079,0.25354391513541996,-3.1017806711901184,-0.02013359229026793,0.12364777879032654,0.6182388939516327,0.041796411493526975,0.012457966033531331,0.0,0.0,0.6218484486594394,17.959504563270244,0.7483126901362601,17.959504563270244,0.7483126901362601,17.959504563270244,0.7483126901362601,0.1813948740828586,0.0,0.0,0.426616247241455,0.0,0.0,1.0,0.0,558.4914330749284,-0.00962273187520753,0.032
raceline_xy,20260415_212047_eb9da4db,3190,102.1119999999923,138.47291178666424,-311.7732215722627,6.0850519108991294,-0.02346508727372923,6.085097153592366,0.25354571473301524,-3.102408771394087,-0.01962810756862059,0.12398831265610663,0.6199415632805331,0.041732615885614166,0.012403441844119012,0.0,0.0,0.6220042001983009,17.92995269553075,0.7470813623137813,17.92995269553075,0.7470813623137813,17.92995269553075,0.7470813623137813,0.18211623020823708,0.0,0.0,0.4255584937602511,0.0,0.0,1.0,0.0,558.4525617668705,-0.009812594101565784,0.032
raceline_xy,20260415_212047_eb9da4db,3191,102.1439999999923,138.2783052504359,-311.78000074713805,6.085100017540637,-0.022834922549825165,6.085142862510372,0.2535476192712655,-3.103018866989201,-0.019065456755728998,0.12477061541283527,0.6238530770641763,0.04168777519015876,0.012361983177487268,0.0,0.0,0.6221605460796179,17.895295863677923,0.7456373276532468,17.895295863677923,0.7456373276532468,17.895295863677923,0.7456373276532468,0.18296606526423886,0.0,0.0,0.4242185937935064,0.0,0.0,1.0,0.0,558.411423740665,-0.010183368799169258,0.032
raceline_xy,20260415_212047_eb9da4db,3192,102.1759999999923,138.08369361240273,-311.78667076019184,6.085142338241705,-0.02262359504649497,6.085184393567261,0.25354934973196924,-3.1036147855574683,-0.018622423802160722,0.12581024052514242,0.629051202625712,0.041657876586516984,0.012328692142425268,0.0,0.0,0.6223169118823222,17.85462501650997,0.7439427090212488,17.85462501650997,0.7439427090212488,17.85462501650997,0.7439427090212488,0.18396873323456475,0.0,0.0,0.4226021170090852,0.0,0.0,1.0,0.0,558.3740457894644,-0.010250794679054662,0.032
raceline_xy,20260415_212047_eb9da4db,3193,102.2079999999923,137.88907688060004,-311.7932222549485,6.085175232249836,-0.022746510554895738,6.085217745564186,0.25355073939850775,-3.104203783970597,-0.018406173574177866,0.12355477800371582,0.6177738900185791,0.041408371915679254,0.012018705084652304,0.0,0.0,0.6223950766627503,17.831772910149542,0.7429905379228976,17.831772910149542,0.7429905379228976,17.831772910149542,0.7429905379228976,0.18453466767418725,0.0,0.0,0.4224390237785053,0.0,0.0,1.0,0.0,558.3440289922326,-0.001990661248891183,0.032
raceline_xy,20260415_212047_eb9da4db,3194,102.23999999999229,137.69445571891666,-311.7996642917017,6.085200180917461,-0.02255485819528638,6.085241980682946,0.25355174919512274,-3.1047978487591887,-0.018564505962579095,0.12060597952823551,0.6030298976411775,0.041381295740984037,0.011978055411978161,0.0,0.0,0.6225513699192486,17.78054214206211,0.7408559225859213,17.78054214206211,0.7408559225859213,17.78054214206211,0.7408559225859213,0.18581013463428597,0.0,0.0,0.42114555037769486,0.0,0.0,1.0,0.0,558.3222173853479,-0.009162721160981853,0.032
raceline_xy,20260415_212047_eb9da4db,3195,102.27199999999229,137.49983392777736,-311.80617313231727,6.085306280976805,-0.017366351616359077,6.085331061122657,0.2535554608801107,-3.1053077696757043,-0.015934955011270555,0.11769968706180203,0.5884984353090101,0.04144368143142074,0.012015402440930245,0.0,0.0,0.6227076146853342,17.72117898026476,0.7383824575110317,17.72117898026476,0.7383824575110317,17.72117898026476,0.7383824575110317,0.18729981633434534,0.0,0.0,0.41945242689893103,0.0,0.0,1.0,0.0,558.2420449896081,-0.012397554810615488,0.032
raceline_xy,20260415_212047_eb9da4db,3196,102.30399999999229,137.30520590591945,-311.81254450455253,6.085354779618731,-0.01872617135326607,6.0853835921264725,0.25355764967193634,-3.105790946950031,-0.015099233907956098,0.1150347315940884,0.575173657970442,0.04154164952778139,0.012073341471207755,0.0,0.0,0.62286381085799,17.652617804673156,0.7355257418613815,17.652617804673156,0.7355257418613815,17.652617804673156,0.7355257418613815,0.18903619190927934,0.0,0.0,0.4173453731757683,0.0,0.0,1.0,0.0,558.1947670861744,-0.012885087680660384,0.032
raceline_xy,20260415_212047_eb9da4db,3197,102.33599999999228,137.11057129315282,-311.8187102650573,6.085342677329529,-0.022046799445053084,6.085382614256386,0.2535576089273494,-3.1063016817369373,-0.015960441277998415,0.11268569576817526,0.5634284788408763,0.04161213251606277,0.012098006397408323,0.0,0.0,0.6230199583325083,17.57559731517283,0.7323165547988678,17.57559731517283,0.7323165547988678,17.57559731517283,0.7323165547988678,0.19100737497387144,0.0,0.0,0.41490322572199223,0.0,0.0,1.0,0.0,558.195647169252,-0.011155940026790859,0.032
raceline_xy,20260415_212047_eb9da4db,3198,102.36799999999228,136.9159321610114,-311.8246985310917,6.085302560968838,-0.02419985370092656,6.085350679414708,0.25355627830894617,-3.10685961309434,-0.017435360280563517,0.1106339617937899,0.5531698089689494,0.041636623597966604,0.012070071738627064,0.0,0.0,0.6231760570025084,17.4903827595945,0.7287659483164375,17.4903827595945,0.7287659483164375,17.4903827595945,0.7287659483164375,0.1932140112272851,0.0,0.0,0.412156562728447,0.0,0.0,1.0,0.0,558.2243885267627,-0.008743866601979839,0.032
raceline_xy,20260415_212047_eb9da4db,3199,102.39999999999227,136.72129025713522,-311.8305781488832,6.085286412594672,-0.024013733962248207,6.085333793862761,0.2535555747442817,-3.1074483021747703,-0.018396549043392264,0.10881827723064764,0.5440913861532382,0.04163332168465672,0.012004773542218405,0.0,0.0,0.6233321067599544,17.39720947319133,0.7248837280496389,17.39720947319133,0.7248837280496389,17.39720947319133,0.7248837280496389,0.19565821000987782,0.0,0.0,0.40910401270653945,0.0,0.0,1.0,0.0,558.239585523515,-0.007082543164627203,0.032
raceline_xy,20260415_212047_eb9da4db,3200,102.43199999999227,136.52664607624834,-311.8364061032995,6.085316391203939,-0.022062605862744084,6.085356385589326,0.2535565160662219,-3.1080344837951737,-0.01831818313728578,0.10718607370379697,0.5359303685189848,0.041637068857247606,0.011935067166030322,0.0,0.0,0.623488107495173,17.296374250579998,0.7206822604408333,17.296374250579998,0.7206822604408333,17.296374250579998,0.7206822604408333,0.19834112987192754,0.0,0.0,0.40572943906260817,0.0,0.0,1.0,0.0,558.2192529696064,-0.006767178864733405,0.032
raceline_xy,20260415_212047_eb9da4db,3201,102.46399999999227,136.33199919953623,-311.8421998717706,6.085376675746685,-0.01974664324522432,6.085408713935427,0.25355869641397616,-3.1085909820800373,-0.017390561506662856,0.10572216434795738,0.5286108217397869,0.04167600860283116,0.011887820607816568,0.0,0.0,0.6236440590968719,17.187513292896206,0.7161463872040086,17.187513292896206,0.7161463872040086,17.187513292896206,0.7161463872040086,0.20128250267692138,0.0,0.0,0.40199531618997214,0.0,0.0,1.0,0.0,558.172157458115,-0.007483077663102737,0.032
raceline_xy,20260415_212047_eb9da4db,3202,102.49599999999226,136.13734881900962,-311.8479403821501,6.085441482649527,-0.018257510814863653,6.085468870633784,0.2535612029430743,-3.1091096226673667,-0.016207495082801848,0.10444697998399083,0.5222348999199541,0.041758719435067704,0.011870902226763569,0.0,0.0,0.6237999614521573,17.070757600782926,0.7112815666992885,17.070757600782926,0.7112815666992885,17.070757600782926,0.7112815666992885,0.2044901500981915,0.0,0.0,0.3978967730064809,0.0,0.0,1.0,0.0,558.1180164295938,-0.008446554558754897,0.032
raceline_xy,20260415_212047_eb9da4db,3203,102.52799999999226,135.94269424057026,-311.85359423143325,6.085494195954273,-0.017984079394821745,6.085520769507308,0.25356336539613783,-3.109600038841414,-0.015325479835630035,0.10339447157438038,0.5169723578719019,0.04187575146045219,0.011874374532725884,0.0,0.0,0.623955814446552,16.9465685494448,0.7061070228935334,16.9465685494448,0.7061070228935334,16.9465685494448,0.7061070228935334,0.20796359972518808,0.0,0.0,0.39345667349748736,0.0,0.0,1.0,0.0,558.071307443422,-0.008969120568593798,0.032
raceline_xy,20260415_212047_eb9da4db,3204,102.55999999999226,135.74803529169583,-311.85913718450894,6.0855294302568375,-0.018536447501467962,6.085557661086458,0.2535649025452691,-3.1100791649145343,-0.014972670057364749,0.10258803149616179,0.5129401574808089,0.04201049528425038,0.01188100072084275,0.0,0.0,0.6241116179640135,16.814931792312734,0.7006221580130306,16.814931792312734,0.7006221580130306,16.814931792312734,0.7006221580130306,0.2117164223389807,0.0,0.0,0.38868903166645935,0.0,0.0,1.0,0.0,558.0381050221873,-0.008803185004198593,0.032
raceline_xy,20260415_212047_eb9da4db,3205,102.59199999999225,135.55337234910482,-311.8645657623343,6.085551480639005,-0.019187549086357503,6.08558172942797,0.2535659053928321,-3.110559858394403,-0.015021659270393955,0.10202855724590806,0.5101427862295402,0.04215073845412043,0.011877622417031386,0.0,0.0,0.6242673718869516,16.6758910539958,0.6948287939164918,16.6758910539958,0.6948287939164918,16.6758910539958,0.6948287939164918,0.21576189962557635,0.0,0.0,0.38360880609655384,0.0,0.0,1.0,0.0,558.0164435148266,-0.008146551948077233,0.032
raceline_xy,20260415_212047_eb9da4db,3206,102.62399999999225,135.35870599870245,-311.86989414020127,6.085570881701026,-0.01936774826259549,6.085601701219047,0.2535667375507936,-3.111045079670748,-0.015163158095359926,0.10176754557328391,0.5088377278664195,0.04229443796448251,0.011861384832662303,0.0,0.0,0.6244233393004517,16.52956139724615,0.6887317248852564,16.52956139724615,0.6887317248852564,16.52956139724615,0.6887317248852564,0.22011257611408297,0.0,0.0,0.37821551046945157,0.0,0.0,0.9982177509877058,0.0,557.9984689028574,-0.0074809944915775976,0.032
raceline_xy,20260415_212047_eb9da4db,3207,102.65599999999225,135.16403667699362,-311.8751423053353,6.085597006782073,-0.01893064979702766,6.0856264507819295,0.2535677687825804,-3.1115290774066526,-0.015124923558852853,0.10192095713723939,0.5096047856861969,0.0424483523671455,0.011838238102581222,0.0,0.0,0.6245797903165478,16.376116531899203,0.6823381888291334,16.376116531899203,0.6823381888291334,16.376116531899203,0.6823381888291334,0.2247805250203072,0.0,0.0,0.37249327911101965,0.0,0.0,0.9807992633712879,0.0,557.976194296263,-0.00701997911171477,0.032
raceline_xy,20260415_212047_eb9da4db,3208,102.68799999999224,134.9693645207996,-311.88032299922634,6.085631469491247,-0.01815150349133879,6.085658539512481,0.25356910581302006,-3.1120038571472755,-0.01483685948446871,0.10236010192282671,0.5118005096141335,0.04262137195189375,0.011815329993002166,0.0,0.0,0.6247361892837557,16.215750574000456,0.6756562739166857,16.215750574000456,0.6756562739166857,16.215750574000456,0.6756562739166857,0.22977843522332897,0.0,0.0,0.36646442813126706,0.0,0.0,0.9627547218426536,0.0,557.9473144387664,-0.0068333204715146315,0.032
raceline_xy,20260415_212047_eb9da4db,3209,102.71999999999224,134.77468948054232,-311.88543969606184,6.085671015141768,-0.017354584023451497,6.08569576023344,0.25357065667639334,-3.1124637276010034,-0.014370941810521981,0.10306907160131268,0.5153453580065633,0.04281994135772926,0.011798353250529914,0.0,0.0,0.6248925348890412,16.048738263394647,0.6686974276414436,16.048738263394647,0.6686974276414436,16.048738263394647,0.6686974276414436,0.23511766161232472,0.0,0.0,0.3601390700221295,0.0,0.0,0.9441382292733446,0.0,557.9138157899035,-0.006852035510322636,0.032
raceline_xy,20260415_212047_eb9da4db,3210,102.75199999999224,134.58001145312576,-311.89048913422795,6.085711140256611,-0.016759140874956557,6.08573421630014,0.25357225901250585,-3.1129072427967825,-0.013859838559239177,0.10403620552565639,0.5201810276282819,0.04305139586533713,0.01178875485801889,0.0,0.0,0.6250488258172744,15.874601745638003,0.6614417394015835,15.874601745638003,0.6614417394015835,15.874601745638003,0.6614417394015835,0.24083568321505844,0.0,0.0,0.3534992538550713,0.0,0.0,0.924668206084654,0.0,557.8792053298736,-0.006905763864208143,0.032
raceline_xy,20260415_212047_eb9da4db,3211,102.78399999999223,134.38533038298323,-311.8954657992563,6.085748572852292,-0.016421799892401612,6.085770729125886,0.25357378038024525,-3.113336654992616,-0.01341912001916793,0.10524988635510968,0.5262494317755484,0.04331367314802925,0.011784283123507766,0.0,0.0,0.6252050607512711,15.6939707612806,0.6539154483866917,15.6939707612806,0.6539154483866917,15.6939707612806,0.6539154483866917,0.24693606370839305,0.0,0.0,0.3465756494165961,0.0,0.0,0.9047532103135818,0.0,557.8463437867022,-0.006853747521687464,0.032
raceline_xy,20260415_212047_eb9da4db,3212,102.81599999999223,134.1906463202233,-311.90036663066894,6.085782441099339,-0.01624400120911701,6.085804120078818,0.25357517166995075,-3.1137555488312625,-0.013090422694999989,0.10254024162816677,0.5127012081408339,0.04330648409787585,0.011574493441966816,0.0,0.0,0.6252831568082585,15.601690858027784,0.6500704524178244,15.601690858027784,0.6500704524178244,15.601690858027784,0.6500704524178244,0.25012122295998473,0.0,0.0,0.3436402882163918,0.0,0.0,0.9232248826176512,0.0,557.816291929063,-0.0019344123008230548,0.032
raceline_xy,20260415_212047_eb9da4db,3213,102.84799999999223,133.99595954001606,-311.9051975245758,6.085813627718057,-0.015903192744934264,6.0858344064604895,0.2535764336025204,-3.1141709203720414,-0.012980353025463206,0.09905092055830933,0.49525460279154665,0.04360417225385582,0.011571672426798685,0.0,0.0,0.6254393052767818,15.413689339051729,0.6422370557938221,15.413689339051729,0.6422370557938221,15.413689339051729,0.6422370557938221,0.2567588091124726,0.0,0.0,0.337093368704805,0.0,0.0,0.874697699152244,0.0,557.7890341855591,-0.006201700695240621,0.032
raceline_xy,20260415_212047_eb9da4db,3214,102.87999999999222,133.8012717800147,-311.9100620962046,6.085878039534383,-0.012662716901051474,6.085891213001279,0.25357880054171994,-3.1145306520472964,-0.011241596949269449,0.09566627123228318,0.47833135616141587,0.04397448245468816,0.011615248094489328,0.0,0.0,0.6255953944493767,15.221646348424947,0.6342352645177062,15.221646348424947,0.6342352645177062,15.221646348424947,0.6342352645177062,0.263751988030986,0.0,0.0,0.330315356014859,0.0,0.0,0.8544085717920769,0.0,557.7379082988485,-0.008033376898156844,0.032
raceline_xy,20260415_212047_eb9da4db,3215,102.91199999999222,133.6065805655483,-311.91483821925266,6.085916049141885,-0.013362228281475208,6.085930718168538,0.2535804465903558,-3.114870192794001,-0.010610636250692865,0.09250834090852611,0.46254170454263055,0.04438120683647817,0.011669018889628457,0.0,0.0,0.6257514230019778,15.02623927793018,0.6260933032470909,15.02623927793018,0.6260933032470909,15.02623927793018,0.6260933032470909,0.2710981371150343,0.0,0.0,0.3233490605962417,0.0,0.0,0.8340134925220198,0.0,557.7023536483151,-0.008175103064401201,0.032
raceline_xy,20260415_212047_eb9da4db,3216,102.94399999999222,133.41188574180165,-311.91948743001603,6.085928552224775,-0.015187917068226364,6.085947503520682,0.2535811459800284,-3.1152221388709096,-0.010998310288295482,0.08962629803943274,0.4481314901971637,0.04479228125496526,0.011699866865286346,0.0,0.0,0.6259073896086425,14.831323530289758,0.6179718137620732,14.831323530289758,0.6179718137620732,14.831323530289758,0.6179718137620732,0.2786677344056887,0.0,0.0,0.3163565374273871,0.0,0.0,0.8148758100899613,0.0,557.6872468313858,-0.006986973544754438,0.032
raceline_xy,20260415_212047_eb9da4db,3217,102.97599999999221,133.21718822335097,-311.92402945524947,6.085930943985226,-0.016253837110773023,6.085952648696646,0.2535813603623603,-3.1155975431758343,-0.01173138423379829,0.08701415188056084,0.4350707594028042,0.04519808284081073,0.011696217894499927,0.0,0.0,0.6260632929415896,14.635892779861894,0.6098288658275789,14.635892779861894,0.6098288658275789,14.635892779861894,0.6098288658275789,0.28651091724094435,0.0,0.0,0.30931191162903904,0.0,0.0,0.7953703556091629,0.0,557.6826161730178,-0.005417918704067265,0.032
raceline_xy,20260415_212047_eb9da4db,3218,103.00799999999221,133.02248883563328,-311.9285077408778,6.085944189370738,-0.015884499988364886,6.085964918850201,0.2535818716187584,-3.11598565819389,-0.012128595366767242,0.08464045584950076,0.4232022792475038,0.045611155219386745,0.011668298639917918,0.0,0.0,0.6262191316712392,14.438775493770244,0.6016156455737601,14.438775493770244,0.6016156455737601,14.438775493770244,0.6016156455737601,0.2946908608553631,0.0,0.0,0.3021689414558378,0.0,0.0,0.7753252605904576,0.0,557.6715730348187,-0.004332258726895752,0.032
raceline_xy,20260415_212047_eb9da4db,3219,103.0399999999922,132.8277878889402,-311.9329575439493,6.085976041731087,-0.01446083008877222,6.0859932218276125,0.25358305090948385,-3.1163659926610077,-0.0118854519226942,0.08247876346912356,0.41239381734561775,0.04605365952637541,0.011636079805342536,0.0,0.0,0.6263749044662515,14.240482650292503,0.5933534437621876,14.240482650292503,0.5933534437621876,14.240482650292503,0.5933534437621876,0.30320504737330367,0.0,0.0,0.29493545654897163,0.0,0.0,0.7553190951507891,0.0,557.6461003551484,-0.0040717459380489734,0.032
raceline_xy,20260415_212047_eb9da4db,3220,103.0719999999922,132.6330852685612,-311.93738970153834,6.086019380872603,-0.012845336791460216,6.0860329367359025,0.25358470569732927,-3.116722228677844,-0.011132373063570442,0.08052460276740457,0.4026230138370228,0.046543206835870876,0.011615358934129016,0.0,0.0,0.626530609993566,14.041569907903629,0.5850654128293179,14.041569907903629,0.5850654128293179,14.041569907903629,0.5850654128293179,0.3120472717448841,0.0,0.0,0.28762324168047076,0.0,0.0,0.7354255172402412,0.0,557.6103569376874,-0.004426782209134563,0.032
raceline_xy,20260415_212047_eb9da4db,3221,103.1039999999922,132.4383806441909,-311.941793051959,6.086063776195595,-0.011753186804222937,6.086075124850189,0.2535864635354245,-3.117049805524802,-0.010236772875968025,0.07879400441271908,0.3939700220635954,0.04708531170927088,0.01161017650390539,0.0,0.0,0.6266862469184399,13.842630307026678,0.5767762627927783,13.842630307026678,0.5767762627927783,13.842630307026678,0.5767762627927783,0.3212073327454288,0.0,0.0,0.28025280170821193,0.0,0.0,0.7157171539757107,0.0,557.5723876348295,-0.004944366020731618,0.032
raceline_xy,20260415_212047_eb9da4db,3222,103.1359999999922,132.24367370642224,-311.9461482353897,6.086102871291173,-0.011403106185275874,6.0861135538839015,0.25358806474516254,-3.117354864510564,-0.00953309037459355,0.07737498245545543,0.38687491227727716,0.047674660281042947,0.011614841766857342,0.0,0.0,0.6268427041793969,13.64430615941668,0.5685127566423617,13.64430615941668,0.5685127566423617,13.64430615941668,0.5685127566423617,0.33066979310211586,0.0,0.0,0.272846115463395,0.0,0.0,0.6962727627465852,0.0,557.5378015044882,-0.005169250186043511,0.032
raceline_xy,20260415_212047_eb9da4db,3223,103.16799999999219,132.04896435771605,-311.9504412899058,6.086134788454926,-0.011561523433087084,6.086145769866622,0.25358940707777594,-3.1176480501744965,-0.009162050444085626,0.07640310653458812,0.3820155326729406,0.04830151880583866,0.011617742377461937,0.0,0.0,0.6269992675628465,13.447229303763052,0.5603012209901271,13.447229303763052,0.5603012209901271,13.447229303763052,0.5603012209901271,0.3404161563851833,0.0,0.0,0.2654230032141015,0.0,0.0,0.6771506849693878,0.0,557.5088071200397,-0.004933242331950085,0.032
raceline_xy,20260415_212047_eb9da4db,3224,103.19999999999219,131.8542527633167,-311.9546714946303,6.08616157985832,-0.011766449412765084,6.0861729539568055,0.2535905397482002,-3.1179372714922726,-0.009038165635929183,0.07587983949687861,0.37939919748439305,0.048959093442987545,0.011610764450361355,0.0,0.0,0.627155756686711,13.252058850441724,0.5521691187684051,13.252058850441724,0.5521691187684051,13.252058850441724,0.5521691187684051,0.3504225479513643,0.0,0.0,0.258017368251675,0.0,0.0,0.6584234420609096,0.0,557.4843414388747,-0.004392420433297229,0.032
raceline_xy,20260415_212047_eb9da4db,3225,103.23199999999218,131.65953921790177,-311.9588496727203,6.086187664702968,-0.011648857824820752,6.086198812548863,0.253591617189536,-3.118223889603815,-0.008956815911912571,0.07578461599426277,0.3789230799713138,0.04962289526280461,0.011592534151176448,0.0,0.0,0.6273121698402799,13.062232921734076,0.5442597050722532,13.062232921734076,0.5442597050722532,13.062232921734076,0.5442597050722532,0.36051011390460097,0.0,0.0,0.2507755946392137,0.0,0.0,0.6412986932781779,0.0,557.4610687060226,-0.0038150015598336176,0.032
raceline_xy,20260415_212047_eb9da4db,3226,103.26399999999218,131.4648239707362,-311.96298998967995,6.086216537413818,-0.01112914764742215,6.086226712686342,0.2535927796952642,-3.118503832076442,-0.008748202446190624,0.07608660787241082,0.3804330393620541,0.05030874765938087,0.011567110279969484,0.0,0.0,0.6274685053106297,12.876927568498445,0.5365386486874352,12.876927568498445,0.5365386486874352,12.876927568498445,0.5365386486874352,0.370712106261017,0.0,0.0,0.24366467741547854,0.0,0.0,0.6243627430463016,0.0,557.435958582292,-0.003408810837678548,0.032
raceline_xy,20260415_212047_eb9da4db,3227,103.29599999999218,131.27010714660835,-311.9671025456557,6.086248767546816,-0.010369466327005417,6.086257601046562,0.2535940667102734,-3.118771339860623,-0.008359618777859373,0.076753357099361,0.383766785496805,0.0510364085976871,0.01154023730954501,0.0,0.0,0.6276247613827143,12.695248135470983,0.528968672311291,12.695248135470983,0.528968672311291,12.695248135470983,0.528968672311291,0.38107138028625087,0.0,0.0,0.23664767942922066,0.0,0.0,0.6075055874743671,0.0,557.4081590580942,-0.0032266217779073,0.032
raceline_xy,20260415_212047_eb9da4db,3228,103.32799999999217,131.075388756817,-311.9711904281881,6.086282693671854,-0.009612605759497489,6.086290284687299,0.2535954285286374,-3.119022531227823,-0.00784973135788644,0.07775457865229485,0.38877289326147424,0.05181149987168343,0.011516605756257903,0.0,0.0,0.6277809363394559,12.5176762616778,0.5215698442365749,12.5176762616778,0.5215698442365749,12.5176762616778,0.5215698442365749,0.39155458255056885,0.0,0.0,0.22974584567790937,0.0,0.0,0.5912057875239594,0.0,557.3787437814309,-0.003183293392963606,0.032
raceline_xy,20260415_212047_eb9da4db,3229,103.35999999999217,130.8806687583093,-311.9752514686675,6.086316305284754,-0.009025887128349674,6.086322997887437,0.2535967915786432,-3.119256901882671,-0.007324084918526633,0.07906125588526315,0.39530627942631574,0.05263617621271521,0.011495720310138235,0.0,0.0,0.6279370284618352,12.34458653800775,0.5143577724169895,12.34458653800775,0.5143577724169895,12.34458653800775,0.5143577724169895,0.4021303814600543,0.0,0.0,0.22297809999685325,0.0,0.0,0.5754673289499775,0.0,557.3493019013066,-0.003142542414064089,0.032
raceline_xy,20260415_212047_eb9da4db,3230,103.39199999999217,130.6859471229291,-311.97928234945226,6.086348438264544,-0.00863240127440873,6.086354560023349,0.25359810666763954,-3.119476554743093,-0.0068641546377054006,0.0806429285805861,0.40321464290293046,0.05350995804197112,0.011475302423567424,0.0,0.0,0.6280930360289823,12.176296617751948,0.5073456924063312,12.176296617751948,0.5073456924063312,12.176296617751948,0.5073456924063312,0.4127671387452754,0.0,0.0,0.21636233067327693,0.0,0.0,0.5603038004677207,0.0,557.3208959789858,-0.003005848977484751,0.032
raceline_xy,20260415_212047_eb9da4db,3231,103.42399999999216,130.49122388154333,-311.9832821367348,6.086378989401464,-0.008340868547076524,6.0863847046268535,0.25359936269278555,-3.1196842442534862,-0.006490300526148717,0.07732167618142426,0.38660838090712124,0.05394141122076501,0.011361849746619246,0.0,0.0,0.628171007566088,12.095488845272673,0.5039787018863614,12.095488845272673,0.5039787018863614,12.095488845272673,0.5039787018863614,0.4180035393555883,0.0,0.0,0.2135507769002449,0.0,0.0,0.5796394608355672,0.0,557.2937658358314,-0.0020448648980021236,0.032
raceline_xy,20260415_212047_eb9da4db,3232,103.45599999999216,130.29649913475066,-311.98725415243484,6.0864087148708235,-0.00800401668451707,6.086413977765446,0.2536005824068936,-3.11988231446448,-0.006189697772788288,0.07300543874582256,0.3650271937291128,0.05489300224667559,0.011341417506992357,0.0,0.0,0.6283268850699305,11.947119756532903,0.4977966565222043,11.947119756532903,0.4977966565222043,11.947119756532903,0.4977966565222043,0.42784387376282673,0.0,0.0,0.20814677186210365,0.0,0.0,0.5438353840109901,0.0,557.2674200110984,-0.0026200302409537363,0.032
raceline_xy,20260415_212047_eb9da4db,3233,103.48799999999216,130.10177322604744,-311.99121819334397,6.086440995303931,-0.007156502154202035,6.086445202648209,0.25360188344367535,-3.1200626261388074,-0.005634745117070535,0.06885262550920655,0.3442631275460327,0.055901279154072725,0.01132419609783808,0.0,0.0,0.6284826737088649,11.803638554961406,0.49181827312339194,11.803638554961406,0.49181827312339194,11.803638554961406,0.49181827312339194,0.43764803874159774,0.0,0.0,0.20287822074404854,0.0,0.0,0.5311545086120504,0.0,557.2393176166117,-0.0026442335479027325,0.032
raceline_xy,20260415_212047_eb9da4db,3234,103.51999999999215,129.90704585638161,-311.9951560304964,6.086470271233398,-0.006948204672384398,6.086474237204666,0.2536030932168611,-3.1202315184537586,-0.0052778904964211676,0.06489149698442481,0.32445748492212406,0.056961257399857246,0.011303725195540792,0.0,0.0,0.6286383717562581,11.665444336943946,0.4860601807059977,11.665444336943946,0.4860601807059977,11.665444336943946,0.4860601807059977,0.44736966834125447,0.0,0.0,0.19776250230024078,0.0,0.0,0.5191232734448396,0.0,557.2131865158005,-0.0023624092088423,0.032
raceline_xy,20260415_212047_eb9da4db,3235,103.55199999999215,129.71231705662038,-311.9990662877743,6.08649772601346,-0.006826469465010976,6.086501554214241,0.25360423142559335,-3.120393247634503,-0.005054042165834333,0.06113823245932482,0.3056911622966241,0.058070281823956904,0.011275626389663174,0.0,0.0,0.6287939774840356,11.532816249593466,0.48053401039972776,11.532816249593466,0.48053401039972776,11.532816249593466,0.48053401039972776,0.4569672163118472,0.0,0.0,0.19281212830829883,0.0,0.0,0.5077303409800262,0.0,557.1886012071828,-0.0019032192386259322,0.032
raceline_xy,20260415_212047_eb9da4db,3236,103.58399999999214,129.5175869969153,-312.0029568179162,6.086525100690943,-0.0065025552705113565,6.086528574201056,0.25360535725837735,-3.120547865146067,-0.004831802254159137,0.057602059869330174,0.28801029934665084,0.05923002937820243,0.011239725122546229,0.0,0.0,0.6289494891627716,11.405929679492255,0.475247069978844,11.405929679492255,0.475247069978844,11.405929679492255,0.475247069978844,0.46640401356889605,0.0,0.0,0.18803408551193634,0.0,0.0,0.4969602125213204,0.0,557.1642832190493,-0.0014438575176945224,0.032
raceline_xy,20260415_212047_eb9da4db,3237,103.61599999999214,129.32285585181307,-312.00683752370225,6.086553471277626,-0.005931307271985015,6.086556361287363,0.2536065150536401,-3.120692266234884,-0.004512539537174754,0.05403992316788981,0.270199615839449,0.06044534822195935,0.011199237538789042,0.0,0.0,0.6291055176422338,11.284875087078,0.47020312862825,11.284875087078,0.47020312862825,11.284875087078,0.47020312862825,0.47564796384294894,0.0,0.0,0.1834496547423025,0.0,0.0,0.486795310259347,0.0,557.1392748413725,-0.0011063205426608868,0.032
raceline_xy,20260415_212047_eb9da4db,3238,103.64799999999214,129.12812373324084,-312.0107153770186,6.086582756192576,-0.005227207200804329,6.086585000776374,0.25360770836568225,-3.120822693458199,-0.004075857513358822,0.05060072704967617,0.2530036352483808,0.06172167569577525,0.01115780886351736,0.0,0.0,0.6292622335280564,11.169666786894211,0.46540278278725883,11.169666786894211,0.46540278278725883,11.169666786894211,0.46540278278725883,0.48467182561956434,0.0,0.0,0.17904659431104708,0.0,0.0,0.4772135531779163,0.0,557.113499301263,-0.0009142695125154351,0.032
raceline_xy,20260415_212047_eb9da4db,3239,103.67999999999213,128.9333906814246,-312.01459285966797,6.086612231765943,-0.004544424677569783,6.086613928259164,0.25360891367746513,-3.120936873409277,-0.0035681319173372686,0.04774590069592062,0.2387295034796031,0.06306287594028426,0.01111734282811705,0.0,0.0,0.6294188503314287,11.060256685608222,0.46084402856700923,11.060256685608222,0.46084402856700923,11.060256685608222,0.46084402856700923,0.49345298237162716,0.0,0.0,0.1747900442668211,0.0,0.0,0.46819093648731314,0.0,557.0874645667524,-0.0008019506154393272,0.032
raceline_xy,20260415_212047_eb9da4db,3240,103.71199999999213,128.7386566925897,-312.0184692990434,6.0866412530154665,-0.003981650457182628,6.086642555337881,0.2536101064724117,-3.1210347885594993,-0.00305985841591602,0.04554291582604309,0.22771457913021545,0.06444776402562447,0.011077827821230013,0.0,0.0,0.6295753676472776,10.95749949620792,0.4565624790086633,10.95749949620792,0.4565624790086633,10.95749949620792,0.4565624790086633,0.5018939790416823,0.0,0.0,0.17071837932713266,0.0,0.0,0.4600942694964403,0.0,557.0617001959068,-0.0006791046925981158,0.032
raceline_xy,20260415_212047_eb9da4db,3241,103.74399999999213,128.54392176439606,-312.0223436390102,6.086669568860576,-0.003541419486862804,6.086670599116185,0.25361127496317437,-3.1211179912145317,-0.0026000939900564447,0.04404630879925397,0.22023154399626982,0.06571665584272957,0.011037682080737188,0.0,0.0,0.6297317850695636,10.8670178110637,0.45279240879432087,10.8670178110637,0.45279240879432087,10.8670178110637,0.45279240879432087,0.5094868214088955,0.0,0.0,0.16709652291515525,0.0,0.0,0.4549700836945155,0.0,557.0364607954332,-0.000487091281016201,0.032
raceline_xy,20260415_212047_eb9da4db,3242,103.77599999999212,128.34918592988734,-312.02621661942374,6.0866972523161245,-0.003156726536182916,6.0866980708981355,0.25361241962075565,-3.1211882674129443,-0.002196142812984216,0.04328373578480749,0.21641867892403743,0.06703609243278308,0.010995089793273571,0.0,0.0,0.6298881021913899,10.780773079400054,0.4491988783083356,10.780773079400054,0.4491988783083356,10.780773079400054,0.4491988783083356,0.5168677915825839,0.0,0.0,0.16356828785563113,0.0,0.0,0.4477533622649411,0.0,557.0117361916776,-0.00022146393062492855,0.032
raceline_xy,20260415_212047_eb9da4db,3243,103.80799999999212,128.15444926382577,-312.0300913423354,6.086724514484634,-0.0027479642520530367,6.0867251347942215,0.25361354728309254,-3.1212465665439817,-0.00182185991594924,0.04324671035713731,0.2162335517856865,0.06840430157531596,0.010949005252615773,0.0,0.0,0.6300443186051107,10.698397746645346,0.4457665727768894,10.698397746645346,0.4457665727768894,10.698397746645346,0.4457665727768894,0.5240520557899941,0.0,0.0,0.1601252132595551,0.0,0.0,0.4408048396198882,0.0,556.9873786852003,8.153272800960534e-05,0.032
raceline_xy,20260415_212047_eb9da4db,3244,103.83999999999212,127.95971186555369,-312.0339723907482,6.08675152409664,-0.0022700012899432437,6.086751947385291,0.25361466447438713,-3.121292699114388,-0.0014416556048276173,0.04389015158417225,0.21945075792086122,0.06982067268695324,0.01089944125461706,0.0,0.0,0.6302004339024403,10.619561075779789,0.44248171149082455,10.619561075779789,0.44248171149082455,10.619561075779789,0.44248171149082455,0.5310538858698166,0.0,0.0,0.15676169549927627,0.0,0.0,0.43410326513085945,0.0,556.963247353238,0.00037656473960938526,0.032
raceline_xy,20260415_212047_eb9da4db,3245,103.87199999999211,127.76497383457432,-312.0378644053637,6.08677830869108,-0.0017266601194854542,6.086778553595276,0.2536157730664698,-3.121325741109769,-0.0010325763033000453,0.04514054135405192,0.22570270677025958,0.07128533098511447,0.010847216227185097,0.0,0.0,0.6303564476745631,10.543966075066288,0.4393319197944287,10.543966075066288,0.4393319197944287,10.543966075066288,0.4393319197944287,0.5378865950781151,0.0,0.0,0.15347438536435462,0.0,0.0,0.427629812462041,0.0,556.9393017642511,0.000636449852089846,0.032
raceline_xy,20260415_212047_eb9da4db,3246,103.90399999999211,127.57023525344205,-312.0417710520981,6.086804786925587,-0.0011543436454112682,6.0868048963844315,0.2536168706826846,-3.121344717418415,-0.0005930251735309462,0.046908504652107066,0.23454252326053532,0.07279843859325741,0.010793194106037962,0.0,0.0,0.630512359512243,10.471344500684364,0.4363060208618485,10.471344500684364,0.4363060208618485,10.471344500684364,0.4363060208618485,0.5445626940950596,0.0,0.0,0.15026141067960666,0.0,0.0,0.42136694670973074,0.0,556.9155932540114,0.0008615203260507868,0.032
raceline_xy,20260415_212047_eb9da4db,3247,103.9359999999921,127.37549618427933,-312.0456948262507,6.0868308740132395,-0.0005927808398255296,6.086830902877942,0.2536179542865809,-3.1213491120692947,-0.00013735014182040276,0.049100851020540195,0.24550425510270096,0.07435968175758134,0.010737779618914534,0.0,0.0,0.6306681690059341,10.401453414006568,0.43339389225027364,10.401453414006568,0.43339389225027364,10.401453414006568,0.43339389225027364,0.5510939576729754,0.0,0.0,0.1471216820944227,0.0,0.0,0.4152985369857007,0.0,556.8921874098517,0.0010713240809253292,0.032
raceline_xy,20260415_212047_eb9da4db,3248,103.9679999999921,127.1807566770057,-312.0496375531645,6.086856550751422,-6.257748842203315e-05,6.086856551073095,0.25361902296137895,-3.1213389800861586,0.0003166054398054474,0.05162918485738908,0.2581459242869454,0.07596816722167787,0.010680806487763483,0.0,0.0,0.6308238757458903,10.334072169722496,0.430586340405104,10.334072169722496,0.430586340405104,10.334072169722496,0.430586340405104,0.5574914903763286,0.0,0.0,0.14405432592540607,0.0,0.0,0.4094096923465333,0.0,556.8691040342143,0.0012883694237470957,0.032
raceline_xy,20260415_212047_eb9da4db,3249,103.9999999999921,126.98601678213363,-312.05360110865934,6.0868818552672455,0.0004402556421985865,6.086881871188782,0.2536200779661993,-3.1213147178759897,0.0007581734635255887,0.05441467699181491,0.2720733849590745,0.07762266346665037,0.010621767096866908,0.0,0.0,0.6309794793222772,10.269306174184281,0.4278877572576784,10.269306174184281,0.4278877572576784,10.269306174184281,0.4278877572576784,0.5637360236070617,0.0,0.0,0.14106860962082599,0.0,0.0,0.4038127198547099,0.0,556.8463159300954,0.0015250631591412897,0.032
raceline_xy,20260415_212047_eb9da4db,3250,104.0319999999921,126.79127656033103,-312.05758790390416,6.0869068353475235,0.0009348350288925361,6.08690690713411,0.25362112113058793,-3.1212767172430382,0.001187497726209264,0.053959830843157384,0.26979915421578693,0.07860651439564847,0.010612008520826777,0.0,0.0,0.6310572422960619,10.237876624247798,0.4265781926769916,10.237876624247798,0.4265781926769916,10.237876624247798,0.4265781926769916,0.5668006222588797,0.0,0.0,0.13966373993166686,0.0,0.0,0.4111164439061893,0.0,556.8237835793007,-0.0021052839216008203,0.032
raceline_xy,20260415_212047_eb9da4db,3251,104.06399999999209,126.5965360684947,-312.0615973181397,6.086929712776694,0.0013049480075935371,6.0869298526575015,0.25362207719406255,-3.121221449121533,0.0017271043506370584,0.049024133514298344,0.2451206675714917,0.08034100692334611,0.01055947203762475,0.0,0.0,0.6312126903587345,10.17635663516897,0.42401485979870707,10.17635663516897,0.42401485979870707,10.17635663516897,0.42401485979870707,0.5728651523298591,0.0,0.0,0.1372268151217871,0.0,0.0,0.39562108440544175,0.0,556.8031326082482,0.0015156595011629826,0.032
raceline_xy,20260415_212047_eb9da4db,3252,104.09599999999209,126.40179373501033,-312.06555117842305,6.086951873538442,-0.0006134743756917166,6.086951904452996,0.25362299601887484,-3.1211916231380448,0.0009320606390147219,0.04393194479747825,0.21965972398739125,0.08207865002253278,0.01046492642963237,0.0,0.0,0.6313683040606892,10.116345859061498,0.4215144107942291,10.116345859061498,0.4215144107942291,10.116345859061498,0.4215144107942291,0.5788663642633018,0.0,0.0,0.13485633509186143,0.0,0.0,0.3901497427865648,0.0,556.7832859923031,0.0035250277619262587,0.032
raceline_xy,20260415_212047_eb9da4db,3253,104.12799999999208,126.20705152785726,-312.0695495717054,6.086976336907795,0.0005897117360715021,6.086976365473696,0.25362401522807065,-3.1211606946451624,0.0009665127753170212,0.03752890699904486,0.1876445349952243,0.08384668691461528,0.010354388344405496,0.0,0.0,0.6315250737339242,10.057508601564908,0.41906285839853785,10.057508601564908,0.41906285839853785,10.057508601564908,0.41906285839853785,0.5848337773341168,0.0,0.0,0.13259253423079354,0.0,0.0,0.3846884043363771,0.0,556.7612710736735,0.004270574439878084,0.032
raceline_xy,20260415_212047_eb9da4db,3254,104.15999999999208,126.01231036459066,-312.0736331550689,6.086998295743735,0.002888178095393684,6.086998980939609,0.2536249575391504,-3.121100922260246,0.001867868505118569,0.03124060050191971,0.15620300250959854,0.08567264023646892,0.010255926687400496,0.0,0.0,0.6316817369418674,9.999515386034666,0.4166464744181111,9.999515386034666,0.4166464744181111,9.999515386034666,0.4166464744181111,0.5907981214184286,0.0,0.0,0.13033557144510344,0.0,0.0,0.37920917691811207,0.0,556.7409171543515,0.003895786051689476,0.032
raceline_xy,20260415_212047_eb9da4db,3255,104.19199999999208,125.81757031000737,-312.0777961854621,6.08701503929494,0.004756894208591073,6.08701689800885,0.25362570408370205,-3.121000020228343,0.0031531511351786633,0.02507930416207627,0.12539652081038133,0.08756786193739252,0.010181793425533936,0.0,0.0,0.6318382937969497,9.942029337421681,0.41425122239257006,9.942029337421681,0.41425122239257006,9.942029337421681,0.41425122239257006,0.5967927343400525,0.0,0.0,0.12807076627585365,0.0,0.0,0.3736762422261749,0.0,556.7247917920349,0.0030922280490879583,0.032
raceline_xy,20260415_212047_eb9da4db,3256,104.22399999999207,125.62283081196888,-312.08201058803036,6.0870315190608135,0.005531760713246486,6.087034032631688,0.2536264180263203,-3.1208635774129503,0.004263787949666858,0.0190842189555877,0.09542109477793849,0.08952548817994277,0.010126365894321143,0.0,0.0,0.6319947444123138,9.884707824314864,0.41186282601311935,9.884707824314864,0.41186282601311935,9.884707824314864,0.41186282601311935,0.6028534764042863,0.0,0.0,0.12578836648098582,0.0,0.0,0.36805137796111714,0.0,556.7093706314807,0.002574558993693265,0.032
raceline_xy,20260415_212047_eb9da4db,3257,104.25599999999207,125.42809122653615,-312.0862513242157,6.087052228399402,0.005399955619303759,6.087054623607614,0.2536272759836506,-3.1207067696131885,0.004900191431227288,0.013340271496062846,0.06670135748031422,0.09152912092646304,0.010074434482395311,0.0,0.0,0.632151088901945,9.827199894611757,0.4094666622754899,9.827199894611757,0.4094666622754899,9.827199894611757,0.4094666622754899,0.6090191145435657,0.0,0.0,0.12347952457402388,0.0,0.0,0.36229671911721245,0.0,556.6908387531472,0.0026900273235447823,0.032
raceline_xy,20260415_212047_eb9da4db,3258,104.28799999999207,125.2333512929549,-312.0905113518759,6.087076596279695,0.005006911822995841,6.087078655491647,0.25362827731215193,-3.1205432192254268,0.005110902963065739,0.00811423737217415,0.04057118686087075,0.09356420054491466,0.010011658144802205,0.0,0.0,0.6323073273808013,9.76913684744994,0.40704736864374746,9.76913684744994,0.40704736864374746,9.76913684744994,0.40704736864374746,0.6153325172365776,0.0,0.0,0.12112570823240036,0.0,0.0,0.35637154880204247,0.0,556.6692100575176,0.0033400408825721823,0.032
raceline_xy,20260415_212047_eb9da4db,3259,104.31999999999206,125.03861122288393,-312.09480198955134,6.087101896623495,0.004957204563756729,6.087103915143427,0.2536293297976428,-3.1203779569030976,0.00516440750419705,0.004815785853339657,0.024078929266698284,0.09559163953525918,0.009932933040218028,0.0,0.0,0.6324634599649454,9.710744580174586,0.4046143575072744,9.710744580174586,0.4046143575072744,9.710744580174586,0.4046143575072744,0.6217729063481094,0.0,0.0,0.1186828407975108,0.0,0.0,0.35048494867335556,0.0,556.6464763709155,0.004165835087021798,0.032
raceline_xy,20260415_212047_eb9da4db,3260,104.35199999999206,124.84387148951178,-312.0991430959994,6.087125860855992,0.0054943013660124496,6.0871283404614775,0.25363034751922825,-3.120207117543628,0.005338691184249609,0.006752596402879214,0.033762982014396065,0.09764533088164296,0.00984249167711626,0.0,0.0,0.632619486771676,9.65126965750533,0.4021362357293887,9.65126965750533,0.4021362357293887,9.65126965750533,0.4021362357293887,0.6284285964505116,0.0,0.0,0.11596757011448826,0.0,0.0,0.34425644414130785,0.0,556.6244935846698,0.004820145920939374,0.032
raceline_xy,20260415_212047_eb9da4db,3261,104.38399999999206,124.64913256233365,-312.10355150170926,6.087146944105629,0.006474015273675471,6.087150386840156,0.2536312661183398,-3.1200225572032956,0.005767465982434446,0.011361208329564542,0.05680604164782271,0.09973297605877196,0.009748342034548774,0.0,0.0,0.6327754079196607,9.59050550240829,0.39960439593367875,9.59050550240829,0.39960439593367875,9.59050550240829,0.39960439593367875,0.6353305457345684,0.0,0.0,0.11310492502246375,0.0,0.0,0.33783646848008336,0.0,556.6046518438594,0.005152360877894084,0.032
raceline_xy,20260415_212047_eb9da4db,3262,104.41599999999205,124.4543947252731,-312.1080345170081,6.087164851887435,0.007557157508853274,6.087169542955362,0.2536320642898067,-3.119817437098714,0.006409948079993511,0.016431276733403204,0.08215638366701601,0.10185973207007937,0.009657189153615242,0.0,0.0,0.6329312235290676,9.528259242833675,0.39701080178473647,9.528259242833675,0.39701080178473647,9.528259242833675,0.39701080178473647,0.6425099691464098,0.0,0.0,0.11019519826884067,0.0,0.0,0.3312099378848842,0.0,556.587411340174,0.005232331460720674,0.032
raceline_xy,20260415_212047_eb9da4db,3263,104.44799999999205,124.25965802745138,-312.1125905475518,6.08718102518204,0.008451379932076314,6.08718689208398,0.25363278717016585,-3.1195894599174316,0.00712422073657804,0.021559161914299997,0.10779580957149998,0.10402610666419676,0.009571199100395056,0.0,0.0,0.6330869337216994,9.464330328742456,0.3943470970309357,9.464330328742456,0.3943470970309357,9.464330328742456,0.3943470970309357,0.6500009228308254,0.0,0.0,0.10725255031083444,0.0,0.0,0.3243539929729899,0.0,556.5717971244176,0.005247550499691409,0.032
raceline_xy,20260415_212047_eb9da4db,3264,104.47999999999205,124.06492236980455,-312.1172143838245,6.087197588264841,0.009056220751269634,6.087204324951775,0.2536335135396573,-3.1193406934405354,0.007773878159458567,0.026644865720747833,0.13322432860373914,0.10622821745698197,0.009488175620056438,0.0,0.0,0.6332425386211263,9.398508302607473,0.3916045126086447,9.398508302607473,0.3916045126086447,9.398508302607473,0.3916045126086447,0.657840852519481,0.0,0.0,0.10427783151331449,0.0,0.0,0.3172442628495461,0.0,556.5561075434024,0.005366807724715176,0.032
raceline_xy,20260415_212047_eb9da4db,3265,104.51199999999204,123.87018765961577,-312.121902911828,6.08721569647594,0.009461156267037113,6.087223049051264,0.25363429371046936,-3.1190750810908794,0.008300307443002062,0.03165233520396546,0.1582616760198273,0.10846037045037704,0.009404049868880549,0.0,0.0,0.63339803835282,9.330570428200403,0.38877376784168344,9.330570428200403,0.38877376784168344,9.330570428200403,0.38877376784168344,0.6660712316625474,0.0,0.0,0.10126914303869604,0.0,0.0,0.3098549535024649,0.0,556.5392558538618,0.0056138520217834,0.032
raceline_xy,20260415_212047_eb9da4db,3266,104.54399999999204,123.67545392722535,-312.12665798161146,6.087234955171273,0.009839672411170924,6.08724290780417,0.2536351211585071,-3.1187956314440246,0.008732720918568184,0.03656643066543796,0.18283215332718977,0.11071791534775688,0.009315691186845498,0.0,0.0,0.6335534330442886,9.26027912813368,0.3858449636722367,9.26027912813368,0.3858449636722367,9.26027912813368,0.3858449636722367,0.6747383114329821,0.0,0.0,0.09822296700061571,0.0,0.0,0.3021583486814875,0.0,556.5213829762463,0.005930411730429358,0.032
raceline_xy,20260415_212047_eb9da4db,3267,104.57599999999204,123.48072131762315,-312.1314848668274,6.08725430651773,0.010304913534022492,6.087263028936863,0.25363595953903595,-3.1185033472519326,0.009133798329050959,0.042361510347303025,0.2118075517365151,0.11299829289782437,0.009221016688782058,0.0,0.0,0.6337095399579721,9.187371591823027,0.3828071496592928,9.187371591823027,0.3828071496592928,9.187371591823027,0.3828071496592928,0.6838949717482219,0.0,0.0,0.09509621669874359,0.0,0.0,0.29412085477468464,0.0,556.5032739568231,0.006321647434825995,0.032
raceline_xy,20260415_212047_eb9da4db,3268,104.60799999999203,123.28599002245986,-312.1363894845446,6.087272930519698,0.010874247100939372,6.087282643338314,0.2536367768057631,-3.1181977738960933,0.009549081197951644,0.04881663531616332,0.2440831765808166,0.11530044351086843,0.009120487288338364,0.0,0.0,0.633866187946313,9.09550051500678,0.3789791881252825,9.09550051500678,0.3789791881252825,9.09550051500678,0.3789791881252825,0.6956823138862394,0.0,0.0,0.09140636959526603,0.0,0.0,0.27909772828964735,0.0,556.4856209955168,0.0066648835196055954,0.032
raceline_xy,20260415_212047_eb9da4db,3269,104.63999999999203,123.09126027366466,-312.141378043966,6.087289997182713,0.01154649948821998,6.087300947994205,0.25363753949975854,-3.1178772143339817,0.010017394113258042,0.05261467444311196,0.26307337221555976,0.1168022347644424,0.009231082917702249,0.0,0.0,0.6339444730746457,9.048043769876468,0.37700182374485286,9.048043769876468,0.37700182374485286,9.048043769876468,0.37700182374485286,0.7018827103172143,0.0,0.0,0.08942137683669832,0.0,0.0,0.28827758630815586,0.0,556.4691468052152,-0.0021722436222633645,0.032
raceline_xy,20260415_212047_eb9da4db,3270,104.67199999999202,122.89653227319158,-312.14644592696624,6.0872986428226055,0.011922335307942622,6.0873103181116965,0.25363792992132067,-3.1175316381854064,0.010799149903222612,0.048445883649482685,0.24222941824741342,0.11915799890467582,0.009142897278612505,0.0,0.0,0.6341009670369838,8.952456116366774,0.37301900484861555,8.952456116366774,0.37301900484861555,8.952456116366774,0.37301900484861555,0.7146088911552297,0.0,0.0,0.08606866882073375,0.0,0.0,0.263775364143757,0.0,556.4607136994728,0.006158301073950944,0.032
raceline_xy,20260415_212047_eb9da4db,3271,104.70399999999202,122.70180021900993,-312.15140423204065,6.087344974475371,0.006850314864532053,6.087348828930728,0.25363953453878035,-3.1172612979792156,0.008448157796501184,0.04478777699511697,0.22393888497558484,0.12144024521241459,0.008961019906300383,0.0,0.0,0.634257361192162,8.85738674179665,0.3690577809081938,8.85738674179665,0.3690577809081938,8.85738674179665,0.3690577809081938,0.7275899064832316,0.0,0.0,0.08276092809476943,0.0,0.0,0.2545125391896156,0.0,556.4260539623443,0.010384865959378231,0.032
raceline_xy,20260415_212047_eb9da4db,3272,104.73599999999202,122.50707041681854,-312.1564861910242,6.087371200413052,0.009140303745058698,6.087378062579224,0.25364075260746766,-3.1170026043160144,0.008084196168554436,0.04183439735467065,0.20917198677335325,0.12371469068104712,0.00874902896180707,0.0,0.0,0.6344136578452109,8.764278179817337,0.365178257492389,8.764278179817337,0.365178257492389,8.764278179817337,0.365178257492389,0.7406273108463619,0.0,0.0,0.07952012615154574,0.0,0.0,0.24590755047288276,0.0,556.3997436786982,0.01154822674795919,0.032
raceline_xy,20260415_212047_eb9da4db,3273,104.76799999999201,122.31234632176879,-312.16177834429766,6.087358994402232,0.013821979570434434,6.087374686500659,0.25364061193752746,-3.1166922405665662,0.009698802211531354,0.0397585661524294,0.198792830762147,0.12604453288441242,0.008569185341753549,0.0,0.0,0.6345698593043863,8.674345664860644,0.3614310693691935,8.674345664860644,0.3614310693691935,8.674345664860644,0.3614310693691935,0.7535351916464599,0.0,0.0,0.07636438075827776,0.0,0.0,0.23800727095822344,0.0,556.4027821494069,0.01010469684447516,0.032
raceline_xy,20260415_212047_eb9da4db,3274,104.79999999999201,122.11762848557986,-312.1672577337867,6.087316311684855,0.017318030375023413,6.0873409459862335,0.25363920608275975,-3.1163048550760593,0.012105636367765819,0.03865371662279834,0.19326858311399167,0.1284533352998558,0.008447116867646098,0.0,0.0,0.6347259678813261,8.58866254849275,0.3578609395205312,8.58866254849275,0.3578609395205312,8.58866254849275,0.3578609395205312,0.7661311378168101,0.0,0.0,0.0733200068986082,0.0,0.0,0.23086540869393593,0.0,556.4331486123895,0.007742617417852491,0.032
raceline_xy,20260415_212047_eb9da4db,3275,104.83199999999201,121.92291477683429,-312.1728515015608,6.087286496597525,0.01816758899476978,6.0873136072448615,0.2536380669685359,-3.115856891414311,0.013998646963713376,0.038507419921791776,0.19253709960895887,0.13092212331416242,0.008367301635670898,0.0,0.0,0.6348819858912075,8.50821277477987,0.35450886561582795,8.50821277477987,0.35450886561582795,8.50821277477987,0.35450886561582795,0.7782311199268186,0.0,0.0,0.07042196859139706,0.0,0.0,0.2245370066573702,0.0,556.4577534796242,0.006128347818211274,0.032
raceline_xy,20260415_212047_eb9da4db,3276,104.863999999992,121.72820239164449,-312.17849680424035,6.087295231760576,0.016911440846006792,6.087318723004943,0.25363828012520595,-3.1153858863439527,0.014718694098740963,0.03922733729036199,0.19613668645180996,0.13341101548364698,0.008292383865526443,0.0,0.0,0.6350379156529034,8.433933846468175,0.3514139102695073,8.433933846468175,0.3514139102695073,8.433933846468175,0.3514139102695073,0.7896453715380076,0.0,0.0,0.06770884327017877,0.0,0.0,0.21910113345042972,0.0,556.453149295551,0.0060184678123169294,0.032
raceline_xy,20260415_212047_eb9da4db,3277,104.895999999992,121.53348992284761,-312.1841743879432,6.0873319021454035,0.015109326285186547,6.0873506534959825,0.2536396105623326,-3.1149241925501174,0.014427765072899897,0.0406953566162399,0.20347678308119949,0.13619905609157001,0.008190192521035922,0.0,0.0,0.6351937594891397,8.360078245123663,0.3483365935468193,8.360078245123663,0.3483365935468193,8.360078245123663,0.3483365935468193,0.8012321935858537,0.0,0.0,0.06496062514635616,0.0,0.0,0.2119101778725305,0.0,556.4244118536154,0.007121635062223667,0.032
raceline_xy,20260415_212047_eb9da4db,3278,104.927999999992,121.33877778421672,-312.189907481488,6.087374680000466,0.014159168417735152,6.087391147015366,0.25364129779230693,-3.1144831978223246,0.013780972560441824,0.04280468011809267,0.21402340059046335,0.13935418305609737,0.008049522053737768,0.0,0.0,0.6353495197266512,8.287337256818908,0.34530571903412116,8.287337256818908,0.34530571903412116,8.287337256818908,0.34530571903412116,0.8128824885234867,0.0,0.0,0.06219471293521411,0.0,0.0,0.2050504518005073,0.0,556.3879676861699,0.008567600103569762,0.032
raceline_xy,20260415_212047_eb9da4db,3279,104.959999999992,121.14406740020742,-312.1957375784442,6.087408860542637,0.01457554645408421,6.0874263101878645,0.25364276292449434,-3.1140535647213508,0.013425946151864291,0.04546284344630049,0.22731421723150244,0.14246816877986923,0.007879892663009702,0.0,0.0,0.6355051986963384,8.225665256709739,0.3427360523629058,8.225665256709739,0.3427360523629058,8.225665256709739,0.3427360523629058,0.822950350114608,0.0,0.0,0.05977948325138169,0.0,0.0,0.20240216718014448,0.0,556.3563208309215,0.009551057363784386,0.032
raceline_xy,20260415_212047_eb9da4db,3280,104.99199999999199,120.94936022191725,-312.20169731819976,6.087427833652778,0.015968443494421697,6.08744877769975,0.2536436990708229,-3.1136166537135566,0.013653368991634917,0.048578193551869715,0.24289096775934857,0.1455524053000543,0.007700127089727893,0.0,0.0,0.6356607987334241,8.17565676319126,0.34065236513296915,8.17565676319126,0.34065236513296915,8.17565676319126,0.34065236513296915,0.831245588217735,0.0,0.0,0.05772189497868273,0.0,0.0,0.20109791524167034,0.0,556.3361000702245,0.009568104110540859,0.032
raceline_xy,20260415_212047_eb9da4db,3281,105.02399999999199,120.75465704117262,-312.2077959509294,6.087433055219764,0.017515366088810685,6.087458253641781,0.25364409390174086,-3.1131574649857994,0.014349515058315623,0.05205217174518207,0.2602608587259103,0.14861422777618927,0.0075254087304030826,0.0,0.0,0.6358163221776088,8.140916127584635,0.3392048386493598,8.140916127584635,0.3392048386493598,8.140916127584635,0.3392048386493598,0.8370788875667969,0.0,0.0,0.05611086163464181,0.0,0.0,0.2024329196613877,0.0,556.3275717223966,0.00889475765131668,0.032
raceline_xy,20260415_212047_eb9da4db,3282,105.05599999999198,120.55995758517214,-312.21401789707085,6.087435890435823,0.01842615004120232,6.087463777565459,0.25364432406522747,-3.1126737615143663,0.015115574182891391,0.0560258711590472,0.28012935579523596,0.1516477608782516,0.007356886068076829,0.0,0.0,0.6359723938506262,8.137474586865647,0.33906144111940195,8.137474586865647,0.33906144111940195,8.137474586865647,0.33906144111940195,0.8376599466054735,0.0,0.0,0.05536283136446091,0.0,0.0,0.2118738624198855,0.0,556.3226001910867,0.00837344975856725,0.032
raceline_xy,20260415_212047_eb9da4db,3283,105.08799999999198,120.36526091220404,-312.22033889173355,6.087448433698522,0.018486465036418043,6.087476503636636,0.25364485431819317,-3.112175001783659,0.015586080866072726,0.06047576524423813,0.3023788262211906,0.15463522748008263,0.007185429642254437,0.0,0.0,0.6361288487128728,8.170257098552591,0.34042737910635795,8.170257098552591,0.34042737910635795,8.170257098552591,0.34042737910635795,0.8321484164767394,0.0,0.0,0.055583205899895835,0.0,0.0,0.22643583690160682,0.0,556.3111467270271,0.008218517321336558,0.032
raceline_xy,20260415_212047_eb9da4db,3284,105.11999999999198,120.17056642239069,-312.2267480176156,6.087471166363926,0.018177736257669525,6.087498306480883,0.2536457627700368,-3.11167173093078,0.01572707214165494,0.06515804817321598,0.3257902408660799,0.1575578891928533,0.007001403980986698,0.0,0.0,0.636285232348329,8.246358966567518,0.3435982902736466,8.246358966567518,0.3435982902736466,8.246358966567518,0.3435982902736466,0.8195523640805167,0.0,0.0,0.05693397865104154,0.0,0.0,0.24750222571441427,0.0,556.2915241672046,0.00843339944854906,0.032
raceline_xy,20260415_212047_eb9da4db,3285,105.15199999999197,119.97587407230452,-312.2332478483814,6.087498907853162,0.0179579141865919,6.087525395412767,0.25364689147553193,-3.111169869046879,0.015683067113606924,0.0700011590934789,0.35000579546739446,0.16040175031055703,0.006798894419012047,0.0,0.0,0.6364415466965949,8.373269086178743,0.3488862119241143,8.373269086178743,0.3488862119241143,8.373269086178743,0.3488862119241143,0.799145065408112,0.0,0.0,0.05957523507061062,0.0,0.0,0.2759395724731257,0.0,556.2671441285095,0.0088149297813239,0.032
raceline_xy,20260415_212047_eb9da4db,3286,105.18399999999197,119.78118424354473,-312.2398485775252,6.087525868798951,0.01806465819153799,6.087552672065516,0.25364802800272984,-3.110669292900335,0.015642906650020796,0.07495817946864067,0.3747908973432033,0.1631588754876372,0.0065780309618848065,0.0,0.0,0.6365977937021525,8.556026866783943,0.356501119449331,8.556026866783943,0.356501119449331,8.556026866783943,0.356501119449331,0.7710072825164147,0.0,0.0,0.06359536675965109,0.0,0.0,0.3114822277622655,0.0,556.2425951410354,0.009122658984593253,0.032
raceline_xy,20260415_212047_eb9da4db,3287,105.21599999999196,119.58649743137774,-312.2465601276057,6.087548782502535,0.018466101386498346,6.087576790172631,0.2536490329238596,-3.1101661392531206,0.01572346074776236,0.07999490930869589,0.3999745465434794,0.1658249546084516,0.006342455909315703,0.0,0.0,0.6367539753144981,8.759759359625884,0.36498997331774513,8.759759359625884,0.36498997331774513,8.759759359625884,0.36498997331774513,0.7412684100448104,0.0,0.0,0.06806198018113885,0.0,0.0,0.3382049414805049,0.0,556.2208888446319,0.009219529813323645,0.032
raceline_xy,20260415_212047_eb9da4db,3288,105.24799999999196,119.39181396541677,-312.2533867841527,6.087567745381172,0.01896199178006938,6.087597277394216,0.25364988655809234,-3.1096564613553017,0.015927342460488915,0.08483504984898949,0.4241752492449474,0.16763969996468653,0.0064758437182987905,0.0,0.0,0.6368320422088376,8.85403109770492,0.3689179624043717,8.85403109770492,0.3689179624043717,8.85403109770492,0.3689179624043717,0.7280541369385105,0.0,0.0,0.06987260794137018,0.0,0.0,0.3133304641037135,0.0,556.2024503452054,-0.0019645783866193466,0.032
raceline_xy,20260415_212047_eb9da4db,3289,105.27999999999196,119.19713378534912,-312.26031607349904,6.087578383749822,0.01895610848625706,6.087607897388517,0.25365032905785484,-3.109128368885517,0.016502785949147437,0.0840188812079659,0.42009440603982945,0.17017857934428537,0.00623789530121277,0.0,0.0,0.6369881293979649,9.056648351272147,0.37736034796967277,9.056648351272147,0.37736034796967277,9.056648351272147,0.37736034796967277,0.7007527613767213,0.0,0.0,0.07434073385377662,0.0,0.0,0.3672495779260184,0.0,556.1928923503347,0.008148666756076709,0.032
raceline_xy,20260415_212047_eb9da4db,3290,105.31199999999195,119.00244680506088,-312.2671107079645,6.087659873844497,0.012174435342584555,6.087672047383327,0.2536530019743053,-3.1087063628857834,0.01318788136349956,0.0833971765366284,0.41698588268314196,0.17308706487128056,0.005875107292612647,0.0,0.0,0.6371441560904252,9.317195534278166,0.3882164805949236,9.317195534278166,0.3882164805949236,9.317195534278166,0.3882164805949236,0.6677083964581225,0.0,0.0,0.08004297181969812,0.0,0.0,0.41112377301859204,0.0,556.1351573550053,0.01300154583968923,0.032
raceline_xy,20260415_212047_eb9da4db,3291,105.34399999999195,118.80776391673865,-312.27405723361227,6.087694347861417,0.014518303108558062,6.087711659902184,0.25365465249592434,-3.108311406992672,0.01234254965843051,0.0831918638174971,0.4159593190874855,0.17617198799393208,0.005465562298792026,0.0,0.0,0.6373001242543032,9.6182267917403,0.4007594496558458,9.6182267917403,0.4007594496558458,9.6182267917403,0.4007594496558458,0.6321688781150421,0.0,0.0,0.0865355106539825,0.0,0.0,0.4535808870967473,0.0,556.0995060880339,0.014028629975697064,0.032
raceline_xy,20260415_212047_eb9da4db,3292,105.37599999999195,118.61309070896823,-312.2812565380796,6.08766422338927,0.01971484066337345,6.087696146464282,0.2536540061026784,-3.1078664918116754,0.013903608235014861,0.08348262010951363,0.41741310054756814,0.17898901591897953,0.005085331534457005,0.0,0.0,0.6374560358632891,9.881388092514792,0.411724503854783,9.881388092514792,0.411724503854783,9.881388092514792,0.411724503854783,0.6032070609286322,0.0,0.0,0.09201849259847232,0.0,0.0,0.46781825710037367,0.0,556.113468182146,0.011872151502820595,0.032
raceline_xy,20260415_212047_eb9da4db,3293,105.40799999999194,118.418427547719,-312.28867412805846,6.087593542106477,0.02335192142344769,6.087638330759363,0.2536515971149735,-3.1073423024283287,0.01638075413476889,0.08422397265791856,0.4211198632895928,0.18164755912926545,0.004762808362646087,0.0,0.0,0.6376118928968098,10.075835896610732,0.41982649569211383,10.075835896610732,0.41982649569211383,10.075835896610732,0.41982649569211383,0.5829660111411172,0.0,0.0,0.09575801108462641,0.0,0.0,0.46561456520705397,0.0,556.1655023165728,0.008649834075177347,0.032
raceline_xy,20260415_212047_eb9da4db,3294,105.43999999999194,118.22377047030886,-312.29621574706067,6.087551065596133,0.023692026205748284,6.0875971686985295,0.2536498820291054,-3.1067607806502293,0.018172308881325035,0.08530369370131116,0.4265184685065558,0.18420355663745447,0.00447514717254105,0.0,0.0,0.6377676973401569,10.184074028397056,0.42433641784987736,10.184074028397056,0.42433641784987736,10.184074028397056,0.42433641784987736,0.5720995559016266,0.0,0.0,0.09737745612189135,0.0,0.0,0.449388488437391,0.0,556.2025481713231,0.006403113036006039,0.032
raceline_xy,20260415_212047_eb9da4db,3295,105.47199999999194,118.02911475972991,-312.30380136565896,6.087570032730631,0.021464488783874386,6.087607874007554,0.25365032808364807,-3.106168888947508,0.018496405864757183,0.08661374814152048,0.4330687407076024,0.18668715912078504,0.004174500624867683,0.0,0.0,0.6379234511846182,10.201943122830347,0.42508096345126445,10.201943122830347,0.42508096345126445,10.201943122830347,0.42508096345126445,0.5703322086265885,0.0,0.0,0.09683554148812876,0.0,0.0,0.4228999362347898,0.0,556.1929133932014,0.005937923107682088,0.032
raceline_xy,20260415_212047_eb9da4db,3296,105.50399999999193,117.8344582087345,-312.31140540656736,6.087628106629284,0.01861314579870693,6.0876565617501255,0.2536523567395886,-3.105606148924773,0.01758552931049822,0.08809557284611359,0.44047786423056795,0.18913588479387933,0.003820482427739247,0.0,0.0,0.6380791564276042,10.13368482041787,0.42223686751741124,10.13368482041787,0.42223686751741124,10.13368482041787,0.42223686751741124,0.5771236615718056,0.0,0.0,0.09428434391237955,0.0,0.0,0.3892108631846537,0.0,556.1490944248867,0.006670508649080731,0.032
raceline_xy,20260415_212047_eb9da4db,3297,105.53599999999193,117.6398014633473,-312.3190520786047,6.087691652452681,0.01678037879128544,6.087714779492748,0.25365478247886447,-3.105086426305183,0.016241347463710545,0.08971440554727478,0.4485720277363739,0.1910824524465342,0.003397476521667109,0.0,0.0,0.6382351420943438,10.009540509167389,0.4170641878819745,10.009540509167389,0.4170641878819745,10.009540509167389,0.4170641878819745,0.5897611553187794,0.0,0.0,0.0906472257664275,0.0,0.0,0.35944745692744473,0.0,556.0966984565266,0.008182091375846776,0.032
raceline_xy,20260415_212047_eb9da4db,3298,105.56799999999193,117.4451463768691,-312.32678191225017,6.087743378762726,0.016427389845943413,6.087765542857786,0.25365689761907445,-3.104601525488725,0.01515322783702508,0.09155009594981513,0.4577504797490756,0.1930116791273866,0.0029139444169339335,0.0,0.0,0.6383912297877115,9.856243511186594,0.4106768129661081,9.856243511186594,0.4106768129661081,9.856243511186594,0.4106768129661081,0.6058944743827759,0.0,0.0,0.08638796041236907,0.0,0.0,0.33515814344397926,0.0,556.0510114279919,0.009276690936781073,0.032
raceline_xy,20260415_212047_eb9da4db,3299,105.59999999999192,117.25049509544017,-312.3346342833324,6.087775066746582,0.01738050704385971,6.087799877240254,0.25365832821834394,-3.1041287817469545,0.014773314210526113,0.09363105839461984,0.4681552919730992,0.194991424815119,0.0023930950099413373,0.0,0.0,0.6385472840878682,9.724211465175355,0.4051754777156398,9.724211465175355,0.4051754777156398,9.724211465175355,0.4051754777156398,0.6202793655362022,0.0,0.0,0.08264684270784536,0.0,0.0,0.3287340033325413,0.0,556.0201104837708,0.009417244746965208,0.032
raceline_xy,20260415_212047_eb9da4db,3300,105.63199999999192,117.05584879074168,-312.3426227743332,6.0877886820562415,0.01870847076327936,6.087817428623363,0.25365905952597345,-3.103647716067247,0.01503333098689071,0.09594090231833893,0.47970451159169464,0.19705819009662306,0.0018555548632610552,0.0,0.0,0.6387033125994788,9.584376486490715,0.39934902027044644,9.584376486490715,0.39934902027044644,9.584376486490715,0.39934902027044644,0.6360325210295166,0.0,0.0,0.07874860426316196,0.0,0.0,0.3124554310826966,0.0,556.004314238973,0.008741570134922296,0.032
raceline_xy,20260415_212047_eb9da4db,3301,105.66399999999192,116.86120724011654,-312.3507336177171,6.087795719688588,0.019509416781044925,6.087826980294515,0.2536594575122714,-3.1031507460335774,0.015530299454450303,0.09843888597277202,0.4921944298638601,0.19923512154760825,0.001309061429918934,0.0,0.0,0.6388593229378493,9.439380487806634,0.39330752032527644,9.439380487806634,0.39330752032527644,9.439380487806634,0.39330752032527644,0.6529573098592305,0.0,0.0,0.07475543038199281,0.0,0.0,0.2964895627576896,0.0,555.9957177349364,0.007786984947293139,0.032
raceline_xy,20260415_212047_eb9da4db,3302,105.69599999999191,116.66656925788635,-312.35894004999466,6.087809716870819,0.019412388631331906,6.087840667236548,0.2536600278015228,-3.102643788270351,0.01584240173135711,0.10107491778861767,0.5053745889430883,0.20153160801733971,0.000749281367881327,0.0,0.0,0.6390153227291958,9.293237185854354,0.38721821607726475,9.293237185854354,0.38721821607726475,9.293237185854354,0.38721821607726475,0.670655071367463,0.0,0.0,0.07076293398272387,0.0,0.0,0.2816601963136898,0.0,555.9833994871067,0.007080383109433239,0.032
raceline_xy,20260415_212047_eb9da4db,3303,105.72799999999191,116.47193360456399,-312.36721965822875,6.087836209036875,0.018629396128611614,6.0878647128907675,0.25366102970378196,-3.1021393655017793,0.01576320155762797,0.10380731889130679,0.5190365944565339,0.20395041941308456,0.00016694925113913683,0.0,0.0,0.6391713196109086,9.149193742710725,0.3812164059462802,9.149193742710725,0.3812164059462802,9.149193742710725,0.3812164059462802,0.6887591424145398,0.0,0.0,0.06684833767255233,0.0,0.0,0.2680504837028483,0.0,555.9617583983089,0.006855128300178042,0.032
raceline_xy,20260415_212047_eb9da4db,3304,105.7599999999919,116.27729969457789,-312.3755642698793,6.087871309734873,0.017670878015009245,6.0878969557494,0.25366237315622503,-3.1016481519097425,0.01535045088208903,0.10661244611246902,0.533062230562345,0.20649629092065958,-0.00044632337545857936,0.0,0.0,0.6393273212318095,9.009870132523394,0.3754112555218081,9.009870132523394,0.3754112555218081,9.009870132523394,0.3754112555218081,0.7069265715371813,0.0,0.0,0.06307119648621223,0.0,0.0,0.25572664042376175,0.0,555.9327398255393,0.007010725731991666,0.032
raceline_xy,20260415_212047_eb9da4db,3305,105.7919999999919,116.08266770704002,-312.38397916655373,6.0879077282900464,0.016981337085391263,6.087931411734439,0.2536638088222683,-3.101173999364966,0.014817325804615153,0.10948321245792932,0.5474160622896466,0.20918086017502713,-0.0010894271694970037,0.0,0.0,0.639483335252406,8.877456576626535,0.36989402402610566,8.877456576626535,0.36989402402610566,8.877456576626535,0.36989402402610566,0.7248220622101478,0.0,0.0,0.05947703607975849,0.0,0.0,0.24477298761122465,0.0,555.9017294390047,0.007265531832743308,0.032
raceline_xy,20260415_212047_eb9da4db,3306,105.8239999999919,115.88803822889184,-312.3924751787715,6.08794013354011,0.016717568472160715,6.087963086834873,0.2536651286181197,-3.1007141181086455,0.014371363895970587,0.11242064177757116,0.5621032088878558,0.21202233972910278,-0.001754581949664047,0.0,0.0,0.6396393693451363,8.753869657368801,0.3647445690570334,8.753869657368801,0.3647445690570334,8.753869657368801,0.3647445690570334,0.7421051769046993,0.0,0.0,0.05610158958924918,0.0,0.0,0.2352939397459312,0.0,555.873221848614,0.007362792362671587,0.032
raceline_xy,20260415_212047_eb9da4db,3307,105.8559999999919,115.6934117898205,-312.4010600466072,6.08796689793787,0.01674825313516326,6.087989935468876,0.2536662473112032,-3.1002627988690383,0.014103799742585533,0.115425172290697,0.577125861453485,0.21504163773852802,-0.0024310613888451904,0.0,0.0,0.6397954311946122,8.640950359649528,0.36003959831873034,8.640950359649528,0.36003959831873034,8.640950359649528,0.36003959831873034,0.7584093900797573,0.0,0.0,0.05297636793876404,0.0,0.0,0.22744741125848578,0.0,555.8490580780112,0.007202573643766242,0.032
raceline_xy,20260415_212047_eb9da4db,3308,105.88799999999189,115.49878856492845,-312.40973395438033,6.087989633969805,0.016810095872873965,6.088012841859571,0.2536672017441488,-3.0998156182495693,0.013974458643051298,0.11842335446163225,0.5921167723081613,0.21683556668368453,-0.002547241709133452,0.0,0.0,0.6398734749329572,8.59908160740674,0.35829506697528085,8.59908160740674,0.35829506697528085,8.59908160740674,0.35829506697528085,0.7645836174674177,0.0,0.0,0.051644218388399055,0.0,0.0,0.2455046644662061,0.0,555.8284423263854,-0.0006383016116664197,0.032
raceline_xy,20260415_212047_eb9da4db,3309,105.91999999999189,115.30416808383384,-312.4184834601203,6.0880106603083926,0.01642837358432825,6.0880328260848975,0.2536680344202041,-3.0993646203185996,0.014093735525586706,0.1172377846814645,0.5861889234073224,0.21928812348097892,-0.003218728571845464,0.0,0.0,0.6400295928534016,8.52295704050971,0.35512321002123787,8.52295704050971,0.35512321002123787,8.52295704050971,0.35512321002123787,0.7759933217059292,0.0,0.0,0.04957609789022701,0.0,0.0,0.22726232500231985,0.0,555.8104565235918,0.006158545589887541,0.032
raceline_xy,20260415_212047_eb9da4db,3310,105.95199999999188,115.10954208270363,-312.4271434135703,6.088069482416335,0.011377501415926361,6.0880801136538585,0.25367000473557744,-3.098995443094151,0.011537036536715676,0.11596865619882293,0.5798432809941146,0.22173344125448402,-0.003962160020463568,0.0,0.0,0.6401857577969005,8.4527291034335,0.35219704597639584,8.4527291034335,0.35219704597639584,8.4527291034335,0.35219704597639584,0.7867347736991555,0.0,0.0,0.04766034384975214,0.0,0.0,0.2221392422865687,0.0,555.767897711527,0.009243894935758248,0.032
raceline_xy,20260415_212047_eb9da4db,3311,105.98399999999188,114.91491986238928,-312.4359089683379,6.088096630086006,0.01259910650964996,6.088109666780767,0.2536712361158653,-3.098653714850922,0.010679229735817598,0.114794055731883,0.573970278659415,0.22422461501547453,-0.0047180799022945585,0.0,0.0,0.640341977492477,8.387578018673494,0.3494824174447289,8.387578018673494,0.3494824174447289,8.387578018673494,0.3494824174447289,0.7968897754886868,0.0,0.0,0.045863389415202634,0.0,0.0,0.21727841749771948,0.0,555.7412998973094,0.0095561403327612,0.032
raceline_xy,20260415_212047_eb9da4db,3312,106.01599999999188,114.72030539162267,-312.4448455507541,6.088090269552288,0.015718456155347116,6.088110560763591,0.2536712733651496,-3.0982873052924402,0.011450398682809643,0.11409109263693087,0.5704554631846543,0.22681048749409705,-0.005426507594703089,0.0,0.0,0.6404973311841645,8.326839746287078,0.34695165609529494,8.326839746287078,0.34695165609529494,8.326839746287078,0.34695165609529494,0.8065259586909637,0.0,0.0,0.0441535308753673,0.0,0.0,0.21265319987643774,0.0,555.7404953127681,0.00779295157360114,0.032
raceline_xy,20260415_212047_eb9da4db,3313,106.04799999999187,114.52569795327435,-312.45392308538686,6.088069120709459,0.017640340528464415,6.088094677331325,0.2536706115554719,-3.0978785947308776,0.012772196025965018,0.11348289965749417,0.5674144982874708,0.22950391946772974,-0.006071265978455198,0.0,0.0,0.6406526040323636,8.269901291527551,0.34457922048031464,8.269901291527551,0.34457922048031464,8.269901291527551,0.34457922048031464,0.8157109584823026,0.0,0.0,0.04252241428960567,0.0,0.0,0.20821055126565724,0.0,555.754790401807,0.005496249371292702,0.032
raceline_xy,20260415_212047_eb9da4db,3314,106.07999999999187,114.33109410478214,-312.46307430398326,6.088065757201821,0.01730193938971042,6.088090342719958,0.2536704309466649,-3.0974443469008017,0.01357019449370627,0.11285503718480394,0.5642751859240197,0.23228283131077454,-0.00666947099752857,0.0,0.0,0.6408079630859036,8.216245712540248,0.34234357135584365,8.216245712540248,0.34234357135584365,8.216245712540248,0.34234357135584365,0.8245037501577865,0.0,0.0,0.04096481877552836,0.0,0.0,0.20392136774472844,0.0,555.758691552037,0.003945907722283025,0.032
raceline_xy,20260415_212047_eb9da4db,3315,106.11199999999187,114.13649061427131,-312.47224628749615,6.088090350312058,0.015342957768885168,6.088109683630535,0.25367123681793896,-3.0970160109163807,0.013385479854483566,0.11216761450373698,0.5608380725186849,0.23511070606219775,-0.007252383526334949,0.0,0.0,0.6409634209747503,8.165430509799116,0.3402262712416298,8.165430509799116,0.3402262712416298,8.165430509799116,0.3402262712416298,0.8329566150794747,0.0,0.0,0.03947829864093502,0.0,0.0,0.19976896689953058,0.0,555.7412847325185,0.0036502534332926817,0.032
raceline_xy,20260415_212047_eb9da4db,3316,106.14399999999186,113.94188631133304,-312.48142381569807,6.088129121047035,0.013094853293360631,6.08814320377927,0.25367263349080293,-3.0966185039686547,0.012422139081773925,0.11142070232844922,0.557103511642246,0.23795817168033917,-0.007844743625679662,0.0,0.0,0.6411189903186908,8.117070138428133,0.3382112557678389,8.117070138428133,0.3382112557678389,8.117070138428133,0.3382112557678389,0.8411168749156879,0.0,0.0,0.038059567392721934,0.0,0.0,0.19574067543032542,0.0,555.7111165986562,0.004281597269390629,0.032
raceline_xy,20260415_212047_eb9da4db,3317,106.17599999999186,113.74728203167625,-312.49062505718535,6.0881662935629315,0.011645131958641974,6.088177430658057,0.25367405961075234,-3.0962587822447025,0.011241405652354314,0.11065186735901596,0.5532593367950798,0.240814366093427,-0.008449483277361836,0.0,0.0,0.641274683727435,8.070623886224771,0.33627599525936547,8.070623886224771,0.33627599525936547,8.070623886224771,0.33627599525936547,0.8490625025927727,0.0,0.0,0.03669855712037337,0.0,0.0,0.1917370493879335,0.0,555.6803124077486,0.005101508544679775,0.032
raceline_xy,20260415_212047_eb9da4db,3318,106.20799999999186,113.55267941938197,-312.49988031690884,6.088194825361276,0.011317115446904613,6.0882053438314525,0.2536752226596439,-3.0959275323353257,0.0103516777916307,0.1099160098114065,0.5495800490570325,0.24368491934125025,-0.00905466975791036,0.0,0.0,0.6414305138007271,8.02588272616736,0.3344117802569733,8.02588272616736,0.3344117802569733,8.02588272616736,0.3344117802569733,0.8568187287633471,0.0,0.0,0.03538847456675333,0.0,0.0,0.18783972546662775,0.0,555.6551905516924,0.005483216391458881,0.032
raceline_xy,20260415_212047_eb9da4db,3319,106.23999999999185,113.35807974621537,-312.50921044115853,6.088213909963409,0.011720317165520522,6.088225191244687,0.2536760496351953,-3.095609201013377,0.009947954382014759,0.10926387466977075,0.5463193733488537,0.24658159218497033,-0.009647195568520228,0.0,0.0,0.6415864931284616,7.9824999158113865,0.33260416315880775,7.9824999158113865,0.33260416315880775,7.9824999158113865,0.33260416315880775,0.8644370861136004,0.0,0.0,0.03411937719226303,0.0,0.0,0.18396986717922562,0.0,555.6373278797811,0.005219196278898792,0.032
raceline_xy,20260415_212047_eb9da4db,3320,106.27199999999185,113.16348330216381,-312.51861672281973,6.088226666497114,0.012173977435677996,6.08823883798699,0.2536766182494579,-3.095292461449975,0.009898182131163233,0.10873169953829685,0.5436584976914842,0.2495116569878153,-0.01021269227287025,0.0,0.0,0.641742634290809,7.940155477188046,0.3308398115495019,7.940155477188046,0.3308398115495019,7.940155477188046,0.3308398115495019,0.8719674380416169,0.0,0.0,0.03288327790783943,0.0,0.0,0.18010284560414128,0.0,555.6250458117089,0.004510470411313823,0.032
raceline_xy,20260415_212047_eb9da4db,3321,106.30399999999185,112.96888945087026,-312.5280843930104,6.088238683627823,0.012163138505560944,6.0882508334299565,0.25367711805958154,-3.09497530482,0.009911194046230988,0.10834467467347463,0.5417233733673731,0.25247286383135226,-0.010746137927517996,0.0,0.0,0.6418989498583486,7.898570859105348,0.3291071191293895,7.898570859105348,0.3291071191293895,7.898570859105348,0.3291071191293895,0.8794549612450151,0.0,0.0,0.03167502379966464,0.0,0.0,0.1762227408150934,0.0,555.6142499130387,0.0037373253522651985,0.032
raceline_xy,20260415_212047_eb9da4db,3322,106.33599999999184,112.77429717361389,-312.5375937851518,6.088254209110999,0.011569935244531482,6.088265202679607,0.25367771677831696,-3.094663574975229,0.009741603581930243,0.10812836053367787,0.5406418026683893,0.25545508155981267,-0.011250390889838258,0.0,0.0,0.6420554523922067,7.857502586435787,0.3273959411014911,7.857502586435787,0.3273959411014911,7.857502586435787,0.3273959411014911,0.8869408289152254,0.0,0.0,0.030491592285825403,0.0,0.0,0.17231617539210828,0.0,555.6013175883531,0.003200305010327771,0.032
raceline_xy,20260415_212047_eb9da4db,3323,106.36799999999184,112.57970569071071,-312.5471308401074,6.088273400635613,0.01062088504160058,6.088282664601422,0.2536784443583926,-3.094365670089645,0.009309585322809396,0.10811932604066825,0.5405966302033413,0.25844576043545775,-0.011730890072664035,0.0,0.0,0.6422121544442037,7.816737701190329,0.3256974042162637,7.816737701190329,0.3256974042162637,7.816737701190329,0.3256974042162637,0.8944626773360422,0.0,0.0,0.029330914268436318,0.0,0.0,0.1683725651325287,0.0,555.5856018587195,0.0029807488420086716,0.032
raceline_xy,20260415_212047_eb9da4db,3324,106.39999999999183,112.38511476650834,-312.5566914419899,6.0882936237527385,0.009662617768391057,6.088301291428537,0.253679220476189,-3.094087412664546,0.008695618677225559,0.1083690422674688,0.541845211337344,0.26143513017186226,-0.012190523039723455,0.0,0.0,0.6423690685570056,7.776090636946758,0.3240037765394483,7.776090636946758,0.3240037765394483,7.776090636946758,0.3240037765394483,0.9020548851562626,0.0,0.0,0.02819093166540399,0.0,0.0,0.16438311674671494,0.0,555.5688377143165,0.002961281106782556,0.032
raceline_xy,20260415_212047_eb9da4db,3325,106.43199999999183,112.19052460758336,-312.56627904909004,6.088312315489304,0.00893841048174393,6.088318876842824,0.2536799532017843,-3.0938298200627177,0.008049854228276396,0.10894038971812145,0.5447019485906072,0.26441839346076,-0.012627394115847679,0.0,0.0,0.6425262072642843,7.735401258477777,0.3223083857699074,7.735401258477777,0.3223083857699074,7.735401258477777,0.3223083857699074,0.9097486861839421,0.0,0.0,0.027069291629035527,0.0,0.0,0.16034022956833896,0.0,555.5530108414578,0.002948004084029808,0.032
raceline_xy,20260415_212047_eb9da4db,3326,106.46399999999183,111.99593554552422,-312.5758988805374,6.08832836596595,0.008486602541991017,6.088334280757612,0.2536805950315672,-3.0935901307663753,0.00749037798491475,0.10927154390117938,0.5463577195058968,0.26741597251756843,-0.013033009150938302,0.0,0.0,0.6426822863618048,7.694352025271318,0.3205980010529716,7.694352025271318,0.3205980010529716,7.694352025271318,0.3205980010529716,0.9176071575536113,0.0,0.0,0.02596447877140416,0.0,0.0,0.15616305760646693,0.0,555.5391473181485,0.002785110377313941,0.032
raceline_xy,20260415_212047_eb9da4db,3327,106.49599999999182,111.80134774981313,-312.58555281603947,6.088341977290734,0.008179672310135666,6.088347471972961,0.25368114466554004,-3.093364559767621,0.007049176290886346,0.10893008480799891,0.5446504240399945,0.2704144690883403,-0.013401622687382986,0.0,0.0,0.6428368062954127,7.653017794589244,0.3188757414412185,7.653017794589244,0.3188757414412185,7.653017794589244,0.3188757414412185,0.92561996691893,0.0,0.0,0.024884143617699694,0.0,0.0,0.1519812925960677,0.0,555.5272752243349,0.00245106873226645,0.032
raceline_xy,20260415_212047_eb9da4db,3328,106.52799999999182,111.60676109931231,-312.5952373044526,6.088354072921464,0.007834451724180513,6.088359113578403,0.25368162973243347,-3.0931509364562775,0.006675804568241759,0.10872655575142356,0.5436327787571178,0.2734101302402099,-0.013735432314450069,0.0,0.0,0.6429915624885878,7.611368741537879,0.31714036423074493,7.611368741537879,0.31714036423074493,7.611368741537879,0.31714036423074493,0.9337968678339355,0.0,0.0,0.023819569706780057,0.0,0.0,0.1477589860877356,0.0,555.5167977794367,0.0020570573006961188,0.032
raceline_xy,20260415_212047_eb9da4db,3329,106.55999999999182,111.41217526469032,-312.60494512843735,6.088365518818581,0.0073385200896518565,6.088369941504553,0.253682080896023,-3.092949643099513,0.006290489604839354,0.10756128876908855,0.5378064438454427,0.2754316346843595,-0.013790388281628818,0.0,0.0,0.6430690294796738,7.590407527410035,0.31626698030875144,7.590407527410035,0.31626698030875144,7.590407527410035,0.31626698030875144,0.937951870637125,0.0,0.0,0.023233968821046704,0.0,0.0,0.15214795786276972,0.0,555.5070526459021,0.0006292114032210817,0.032
raceline_xy,20260415_212047_eb9da4db,3330,106.59199999999181,111.21758985899996,-312.6146683958423,6.08837696072645,0.0066755184355233865,6.088380620366226,0.25368252584859274,-3.092761466584548,0.005880586877143761,0.10402723231218361,0.520136161560918,0.2784187378360432,-0.014079905738894727,0.0,0.0,0.643224141836389,7.54817358202741,0.3145072325844754,7.54817358202741,0.3145072325844754,7.54817358202741,0.3145072325844754,0.946405615004398,0.0,0.0,0.022226917475041547,0.0,0.0,0.14131805812811402,0.0,555.4974416703964,0.001620056690785863,0.032
raceline_xy,20260415_212047_eb9da4db,3331,106.62399999999181,111.02300357123839,-312.6243805449681,6.088388474137848,0.0053454842562356,6.088390820751944,0.25368295086466436,-3.0926002323398247,0.005038659310425781,0.10030983068157254,0.5015491534078627,0.2813861008380574,-0.014350132297905827,0.0,0.0,0.6433794927955391,7.505472113541492,0.3127280047308955,7.505472113541492,0.3127280047308955,7.505472113541492,0.3127280047308955,0.9550660610997657,0.0,0.0,0.021236333869490916,0.0,0.0,0.136943651463779,0.0,555.4882613232498,0.0018627985549441194,0.032
raceline_xy,20260415_212047_eb9da4db,3332,106.6559999999918,110.82841808275163,-312.6341136444139,6.08839639221054,0.005121406301863307,6.088398546209407,0.2536832727587253,-3.092455824341661,0.0045128313591506885,0.09647576396227667,0.4823788198113833,0.2843438492094297,-0.014590545115290787,0.0,0.0,0.6435350832683729,7.462241756887975,0.3109267398703323,7.462241756887975,0.3109267398703323,7.462241756887975,0.3109267398703323,0.9639517969703668,0.0,0.0,0.02025953528391672,0.0,0.0,0.132498577197497,0.0,555.4813084115331,0.001611407211198595,0.032
raceline_xy,20260415_212047_eb9da4db,3333,106.6879999999918,110.63383378993203,-312.64387439920347,6.088402279264394,0.005158056408533451,6.088404464200599,0.25368351934169164,-3.092319767045992,0.004251855288136171,0.09257772903791232,0.4628886451895616,0.28730009326156747,-0.01479185978622688,0.0,0.0,0.6436909141528893,7.418420730354947,0.30910086376478946,7.418420730354947,0.30910086376478946,7.418420730354947,0.30910086376478946,0.9730824363030735,0.0,0.0,0.01929446612116864,0.0,0.0,0.12797569018546173,0.0,555.4759822194601,0.0010043309805845076,0.032
raceline_xy,20260415_212047_eb9da4db,3334,106.7199999999918,110.4392502372312,-312.6536532351881,6.088407699828805,0.00493349213739902,6.088409698655252,0.2536837374439688,-3.0921900032270386,0.004055171240190428,0.08866386358442759,0.4433193179221379,0.2902562913245621,-0.014956469765050162,0.0,0.0,0.6438469863348604,7.373919876838636,0.3072466615349432,7.373919876838636,0.3072466615349432,7.373919876838636,0.3072466615349432,0.982484428960289,0.0,0.0,0.018339744159439186,0.0,0.0,0.12335735514922876,0.0,555.4712712102726,0.0003223509272776413,0.032
raceline_xy,20260415_212047_eb9da4db,3335,106.7519999999918,110.24466665484839,-312.6634348478596,6.0884134681429956,0.0042919007057271585,6.088414980885968,0.25368395753691536,-3.0920703971490964,0.003737737707901584,0.08478955304126347,0.42394776520631733,0.2932079095885456,-0.015089816824535252,0.0,0.0,0.6440033006888466,7.324770561020154,0.3051987733758397,7.324770561020154,0.3051987733758397,7.324770561020154,0.3051987733758397,0.9930235185066127,0.0,0.0,0.017340385892866912,0.0,0.0,0.1170383905429099,0.0,555.4665172026282,-0.00020092775964580725,0.032
raceline_xy,20260415_212047_eb9da4db,3336,106.78399999999179,110.05008244301516,-312.6732071046515,6.088419022172593,0.0033696510441892924,6.088419954643506,0.2536841647768127,-3.091967043032267,0.003229866863008425,0.08102884744617753,0.4051442372308876,0.29614825069843675,-0.015199579622696469,0.0,0.0,0.6441598580792061,7.274313636991062,0.30309640154129425,7.274313636991062,0.30309640154129425,7.274313636991062,0.30309640154129425,1.0040158610576668,0.0,0.0,0.0163461364184971,0.0,0.0,0.11163413149408641,0.0,555.4620408208445,-0.0004899564169083639,0.032
raceline_xy,20260415_212047_eb9da4db,3337,106.81599999999179,109.85549739073639,-312.68296502766685,6.088423254639575,0.002417868692506153,6.088423734738325,0.25368432228076354,-3.091884410722728,0.002582315169716434,0.07748183948102619,0.3874091974051309,0.29907236915844404,-0.015291818228663434,0.0,0.0,0.6443166593610957,7.223178868970747,0.30096578620711445,7.223178868970747,0.30096578620711445,7.223178868970747,0.30096578620711445,1.0153385947236053,0.0,0.0,0.015366472692798719,0.0,0.0,0.1063599620030302,0.0,555.4586387355071,-0.0006207671840442706,0.032
raceline_xy,20260415_212047_eb9da4db,3338,106.84799999999179,109.66091159651135,-312.692709522517,6.088425671718125,0.0016267369259534425,6.088425889038096,0.253684412043254,-3.0918234971275433,0.0019036073202240611,0.07427632713791486,0.3713816356895743,0.30197890018036944,-0.015369124516575017,0.0,0.0,0.6444737053814651,7.171552763471453,0.2988146984779772,7.171552763471453,0.2988146984779772,7.171552763471453,0.2988146984779772,1.0269610427997797,0.0,0.0,0.014403914035671072,0.0,0.0,0.10109572938169491,0.0,555.4566998657136,-0.0007345995871459701,0.032
raceline_xy,20260415_212047_eb9da4db,3339,106.87999999999178,109.46632523861176,-312.70244322361077,6.088426532114056,0.001038780566609221,6.088426620730142,0.2536844425304226,-3.0917824039438138,0.001284217081788603,0.07156412474958644,0.35782062374793216,0.3048694180130038,-0.015431198957533976,0.0,0.0,0.6446309969800434,7.119644240940419,0.29665184337251743,7.119644240940419,0.29665184337251743,7.119644240940419,0.29665184337251743,1.0388450308343753,0.0,0.0,0.013460839248024672,0.0,0.0,0.09586890245610459,0.0,555.4560413428717,-0.0009418255548340727,0.032
raceline_xy,20260415_212047_eb9da4db,3340,106.91199999999178,109.27173837456752,-312.7121666043263,6.088426287242892,0.0005692165029187457,6.088426313851363,0.2536844297438068,-3.091758314839967,0.000752834206718236,0.06951295630511262,0.3475647815255631,0.30774639898599965,-0.015476826967330659,0.0,0.0,0.6447885349903196,7.067684016025712,0.29448683400107134,7.067684016025712,0.29448683400107134,7.067684016025712,0.29448683400107134,1.0509443901860838,0.0,0.0,0.012539776938575836,0.0,0.0,0.09070903812903329,0.0,555.4563175337731,-0.00127105968782304,0.032
raceline_xy,20260415_212047_eb9da4db,3341,106.94399999999177,109.0771508690277,-312.72187639661746,6.088425157327074,8.974827378066541e-05,6.0884251579885555,0.2536843815828565,-3.0917493866598083,0.00027904932065618977,0.06806373741260513,0.34031868706302565,0.31061130607545095,-0.01550562603320893,0.0,0.0,0.644945661555437,7.015923785707502,0.29233015773781257,7.015923785707502,0.29233015773781257,7.015923785707502,0.29233015773781257,1.0632045045014102,0.0,0.0,0.011644725324631445,0.0,0.0,0.08564765337686214,0.0,555.4573578102996,-0.0016776814400169407,0.032
raceline_xy,20260415_212047_eb9da4db,3342,106.97599999999177,108.88256244898044,-312.7315664973334,6.088423044382208,-0.0004887270184677495,6.08842306399764,0.25368429433323497,-3.0917555534511347,-0.0001926735655591908,0.06617699631633567,0.33088498158167834,0.31346379884912956,-0.015518668010799708,0.0,0.0,0.6451002492080429,7.0,0.2916666666666667,7.0,0.2916666666666667,7.0,0.2916666666666667,1.075562052557995,0.0,0.0,0.011219315762365706,0.0,0.0,0.09527058800280058,0.0,555.4592424021238,-0.002083741122142943,0.032
raceline_xy,20260415_212047_eb9da4db,3343,107.00799999999177,108.6879728191731,-312.74123013945695,6.0884196408128854,-0.0011789424840865648,6.088419754956247,0.25368415645651027,-3.091778132747346,-0.0007055680672852386,0.06460957770245931,0.32304788851229654,0.3163021605475951,-0.015518394727276785,0.0,0.0,0.6452550695586743,7.0,0.2916666666666667,7.0,0.2916666666666667,7.0,0.2916666666666667,1.0879455216940581,0.0,0.0,0.010993199861186754,0.0,0.0,0.10024747833476684,0.0,555.4622205393774,-0.0024341638584660114,0.032
raceline_xy,20260415_212047_eb9da4db,3344,107.03999999999176,108.49338176166914,-312.7508618989675,6.088414673073734,-0.0019290449743780136,6.088414978671711,0.2536839574446546,-3.0918187368773804,-0.0012688472383129599,0.06344160427895852,0.3172080213947926,0.31944773858361586,-0.015506538894000776,0.0,0.0,0.645410118802897,7.0,0.2916666666666667,7.0,0.2916666666666667,7.0,0.2916666666666667,1.1012931962305483,0.0,0.0,0.010739761566760512,0.0,0.0,0.10024840970041807,0.0,555.4665191954597,-0.002736728924934175,0.032
raceline_xy,20260415_212047_eb9da4db,3345,107.07199999999176,108.29878916070955,-312.76045835769963,6.08840813080605,-0.002670575291647048,6.088408716506934,0.25368369652112227,-3.091878301300948,-0.0018613598024641834,0.06275717253235011,0.3137858626617505,0.32261487527333266,-0.01548415137532011,0.0,0.0,0.6455653931349267,7.0,0.2916666666666667,7.0,0.2916666666666667,7.0,0.2916666666666667,1.1146519028788937,0.0,0.0,0.01048223561463047,0.0,0.0,0.10024949399230633,0.0,555.472155143759,-0.0030116418426878967,0.032
raceline_xy,20260415_212047_eb9da4db,3346,107.10399999999176,108.10419494721855,-312.7700171134673,6.088400193855853,-0.003371088309122472,6.088401127125279,0.25368338029688664,-3.0919569349390326,-0.0024572767904961082,0.06263723472282254,0.31318617361411266,0.3257664285622841,-0.015451451582304099,0.0,0.0,0.6457208887480502,7.0,0.2916666666666667,7.0,0.2916666666666667,7.0,0.2916666666666667,1.1278410671062709,0.0,0.0,0.01022348956532461,0.0,0.0,0.10025066009636444,0.0,555.4789855872482,-0.003291306198857032,0.032
raceline_xy,20260415_212047_eb9da4db,3347,107.13599999999175,107.90959905097678,-312.7795358552722,6.088391094925097,-0.004030588665182633,6.088392429074213,0.2536830178780922,-3.0920541699863353,-0.0030385754151253798,0.06315154966706496,0.3157577483353248,0.3289052738600855,-0.015408306873360367,0.0,0.0,0.6458766018350454,7.0,0.2916666666666667,7.0,0.2916666666666667,7.0,0.2916666666666667,1.1408032264785675,0.0,0.0,0.009963178459815399,0.0,0.0,0.10025186766261103,0.0,555.4868138332076,-0.0035969543452766257,0.032
raceline_xy,20260415_212047_eb9da4db,3348,107.16799999999175,107.71500136680352,-312.78901160330247,6.0883809479453,-0.004673419800548195,6.088382741595336,0.25368261423313904,-3.092169445754177,-0.003602352739749323,0.06435137857650443,0.3217568928825221,0.3320343277733677,-0.015355771846965904,0.0,0.0,0.6460325285885958,7.0,0.2916666666666667,7.0,0.2916666666666667,7.0,0.2916666666666667,1.1534823654858268,0.0,0.0,0.009701056997350417,0.0,0.0,0.10025313591921071,0.0,555.4955325641968,-0.0039303340317733155,0.032
raceline_xy,20260415_212047_eb9da4db,3349,107.19999999999175,107.5204017509821,-312.798440511642,6.088369687777718,-0.005328283295498448,6.088372019321209,0.25368216747171707,-3.092302498067591,-0.004157874536920271,0.062301970965705306,0.3115098548285265,0.3340426629789679,-0.015394208294733591,0.0,0.0,0.6461105709006189,7.0,0.2916666666666667,7.0,0.2916666666666667,7.0,0.2916666666666667,1.1596976172722258,0.0,0.0,0.009544034965231648,0.0,0.0,0.10025452079786505,0.0,555.5051826109113,0.0016421092245750713,0.032
raceline_xy,20260415_212047_eb9da4db,3350,107.23199999999174,107.32580047244235,-312.80782369304615,6.088352162676021,-0.005804773754058634,6.088354929877209,0.25368145541155035,-3.092459075882923,-0.00489305090658077,0.05601892676808342,0.2800946338404171,0.3371519601149835,-0.015340219569048852,0.0,0.0,0.6462668110160932,7.0,0.2916666666666667,7.0,0.2916666666666667,7.0,0.2916666666666667,1.1719402946831838,0.0,0.0,0.009312234030831644,0.0,0.0,0.10025820239340644,0.0,555.5205631105116,-0.0038196826900266253,0.032
raceline_xy,20260415_212047_eb9da4db,3351,107.26399999999174,107.13120274840934,-312.8172808388968,6.088355101277274,-0.0027892656415574035,6.088355740202097,0.25368148917508737,-3.092574288147877,-0.003600383829791223,0.04962827986870827,0.24814139934354135,0.34031853588072636,-0.015216530105371717,0.0,0.0,0.6464232552821225,7.0,0.2916666666666667,7.0,0.2916666666666667,7.0,0.2916666666666667,1.1837831636672895,0.0,0.0,0.009074586575599524,0.0,0.0,0.10025252849346487,0.0,555.5198338181124,-0.006798265008045751,0.032
raceline_xy,20260415_212047_eb9da4db,3352,107.29599999999174,106.93660137027368,-312.8266605012201,6.0883510673186585,-0.004517443128983056,6.088352743247772,0.2536813643019905,-3.0926885833735103,-0.003571726180900084,0.04306229989593263,0.21531149947966316,0.3435018823650591,-0.015063717481849537,0.0,0.0,0.6465798998942935,7.0,0.2916666666666667,7.0,0.2916666666666667,7.0,0.2916666666666667,1.1951635713404336,0.0,0.0,0.00883484920514638,0.0,0.0,0.10025401496669703,0.0,555.5225310770046,-0.007852018346003799,0.032
raceline_xy,20260415_212047_eb9da4db,3353,107.32799999999173,106.7419940590202,-312.8359021465835,6.088326713447105,-0.007888891970671663,6.088331824423678,0.2536804926843199,-3.0928438786357138,-0.0048529757047616915,0.03632810146526008,0.1816405073263004,0.3466613759000552,-0.014923822728033276,0.0,0.0,0.6467367410499364,7.0,0.2916666666666667,7.0,0.2916666666666667,7.0,0.2916666666666667,1.2060529014528836,0.0,0.0,0.00859643879179537,0.0,0.0,0.10026168651458535,0.0,555.5413580186895,-0.0072031725960358855,0.032
raceline_xy,20260415_212047_eb9da4db,3354,107.35999999999173,106.54738198735406,-312.84501559129785,6.0882824893013545,-0.010591068968730577,6.088291701312889,0.25367882088803706,-3.0930584848338114,-0.006706447294156029,0.029523259689751852,0.14761629844875926,0.3497810357787525,-0.014815275492238378,0.0,0.0,0.6468937749485252,7.0,0.2916666666666667,7.0,0.2916666666666667,7.0,0.2916666666666667,1.216431808375578,0.0,0.0,0.008360318502109408,0.0,0.0,0.10027166004214534,0.0,555.5774688183991,-0.0059063789237551205,0.032
raceline_xy,20260415_212047_eb9da4db,3355,107.39199999999173,106.35276732080817,-312.85404440898577,6.088238475754867,-0.011622646309969065,6.088249569750668,0.2536770654062778,-3.093323559457442,-0.008283598308185163,0.022885177862238367,0.11442588931119183,0.35287251253585517,-0.014729346715842695,0.0,0.0,0.6470509977920784,7.0,0.2916666666666667,7.0,0.2916666666666667,7.0,0.2916666666666667,1.2262896222384843,0.0,0.0,0.008124572249945781,0.0,0.0,0.10027645870787798,0.0,555.6153872243982,-0.005046724241412431,0.032
raceline_xy,20260415_212047_eb9da4db,3356,107.42399999999172,106.15815146153217,-312.86302742516017,6.0882101993328135,-0.011274949020796898,6.088220639541205,0.25367585998088354,-3.0936157843227203,-0.00913205358112398,0.01697894308599145,0.08489471542995725,0.3559618196904868,-0.01464282627559621,0.0,0.0,0.6472084057855564,7.0,0.2916666666666667,7.0,0.2916666666666667,7.0,0.2916666666666667,1.2356236077865255,0.0,0.0,0.007885161851644618,0.0,0.0,0.10027519737587812,0.0,555.6414244129154,-0.005148164665422629,0.032
raceline_xy,20260415_212047_eb9da4db,3357,107.45599999999172,105.9635345031945,-312.8719760835588,6.0881964285730374,-0.010531599851502649,6.0882055375525,0.2536752307313542,-3.0939143032454,-0.009328743353887654,0.012942759965238691,0.06471379982619345,0.35907204707102913,-0.014537007446657313,0.0,0.0,0.6473643012656742,7.0,0.2916666666666667,7.0,0.2916666666666667,7.0,0.2916666666666667,1.244440182383837,0.0,0.0,0.007636887284756635,0.0,0.0,0.10027237115377281,0.0,555.6550162027498,-0.00605723120030198,0.032
raceline_xy,20260415_212047_eb9da4db,3358,107.48799999999171,105.76891551436297,-312.880874003625,6.088187571871818,-0.010309797674787569,6.088196301222765,0.25367484588428185,-3.09421136995379,-0.009283356715734237,0.010522300221812999,0.05261150110906499,0.36221270448531406,-0.014403717021237217,0.0,0.0,0.6475194006139188,7.0,0.2916666666666667,7.0,0.2916666666666667,7.0,0.2916666666666667,1.2527494337270468,0.0,0.0,0.007380359136131439,0.0,0.0,0.10027145253198841,0.0,555.6633288995112,-0.007260645684072812,0.032
raceline_xy,20260415_212047_eb9da4db,3359,107.51999999999171,105.5742932621965,-312.8896919315947,6.088174623756986,-0.010976913819346457,6.08818451937813,0.25367435497408874,-3.0945127184040295,-0.00941715918012699,0.010662438459051717,0.05331219229525858,0.3654182832539341,-0.014247645091530092,0.0,0.0,0.6476746667772556,7.0,0.2916666666666667,7.0,0.2916666666666667,7.0,0.2916666666666667,1.2606358676785145,0.0,0.0,0.007110554755262979,0.0,0.0,0.10027341440801359,0.0,555.6739325596827,-0.008238728457675402,0.032
raceline_xy,20260415_212047_eb9da4db,3360,107.55199999999171,105.37966692014128,-312.8984045693747,6.08815167188519,-0.0123327910758943,6.088164163162337,0.2536735067984307,-3.0948308463010807,-0.009941522078130567,0.013488689561513336,0.06744344780756667,0.36864745153351564,-0.014081326612596978,0.0,0.0,0.6478300953983005,7.0,0.2916666666666667,7.0,0.2916666666666667,7.0,0.2916666666666667,1.2680442771857692,0.0,0.0,0.006831475166732979,0.0,0.0,0.10027810916436396,0.0,555.6922531538964,-0.008657485743780698,0.032
raceline_xy,20260415_212047_eb9da4db,3361,107.5839999999917,105.18503637565169,-312.9070005149254,6.088117557450033,-0.013875607676823332,6.088133369582154,0.25367222373258974,-3.095176760920884,-0.010809868301425904,0.017934367601525166,0.08967183800762582,0.37187869361063797,-0.013915801517450976,0.0,0.0,0.647985682124156,7.0,0.2916666666666667,7.0,0.2916666666666667,7.0,0.2916666666666667,1.2749587115815153,0.0,0.0,0.006548627949358101,0.0,0.0,0.10028441940517381,0.0,555.7199673760608,-0.00866211252930276,0.032
raceline_xy,20260415_212047_eb9da4db,3362,107.6159999999917,104.990402072805,-312.9154837715829,6.0880776126985445,-0.015102556361681618,6.088096344954625,0.253670681039776,-3.095553930390456,-0.01178659434200637,0.023216570930039062,0.1160828546501953,0.37510783663198843,-0.01375456603766656,0.0,0.0,0.6481414226067599,7.0,0.2916666666666667,7.0,0.2916666666666667,7.0,0.2916666666666667,1.2813820583628956,0.0,0.0,0.0062648344859739,0.0,0.0,0.100290032045595,0.0,555.753289540837,-0.00856675079100961,0.032
raceline_xy,20260415_212047_eb9da4db,3363,107.6479999999917,104.7957644981648,-312.9238643363075,6.088038969740788,-0.0158488275413054,6.088059599118336,0.253669149963264,-3.095958684389375,-0.012648618535285806,0.028981409720022708,0.14490704860011352,0.37833792014384215,-0.013594994803168614,0.0,0.0,0.6482973125032333,7.0,0.2916666666666667,7.0,0.2916666666666667,7.0,0.2916666666666667,1.2873184018615884,0.0,0.0,0.005980921653870403,0.0,0.0,0.10029358276112518,0.0,555.7863607934975,-0.008648213048215165,0.032
raceline_xy,20260415_212047_eb9da4db,3364,107.6799999999917,104.60112384277475,-312.9321486178604,6.088005361602942,-0.016267229979367304,6.088027094689821,0.25366779561207586,-3.096384391568682,-0.013303406482627953,0.035069758409988494,0.17534879204994247,0.3815748715742773,-0.013431896549020994,0.0,0.0,0.6484533474762284,7.0,0.2916666666666667,7.0,0.2916666666666667,7.0,0.2916666666666667,1.2927334879345054,0.0,0.0,0.005696897764851275,0.0,0.0,0.10029547525961868,0.0,555.8156147791609,-0.009007295744106133,0.032
raceline_xy,20260415_212047_eb9da4db,3365,107.71199999999169,104.40647995202487,-312.9403347184908,6.0879756506341955,-0.016648199488240367,6.087998413703888,0.2536666005709953,-3.096826019544757,-0.013800927849416448,0.04140435018242248,0.2070217509121124,0.38482287332653264,-0.013258501225488217,0.0,0.0,0.6486095231942757,7.0,0.2916666666666667,7.0,0.2916666666666667,7.0,0.2916666666666667,1.2976491982991263,0.0,0.0,0.005412702396012296,0.0,0.0,0.10029711985141913,0.0,555.8414276665005,-0.009566143865675076,0.032
raceline_xy,20260415_212047_eb9da4db,3366,107.74399999999169,104.21183248360805,-312.9484136312667,6.08794593443224,-0.017220515912336476,6.087970289574213,0.2536654287322589,-3.0972824876758374,-0.014264678939170314,0.047945708171697736,0.23972854085848866,0.3880820276916914,-0.01307405186719457,0.0,0.0,0.6487658353321315,7.0,0.2916666666666667,7.0,0.2916666666666667,7.0,0.2916666666666667,1.3021289959436047,0.0,0.0,0.005128519716470909,0.0,0.0,0.10029973012267633,0.0,555.8667393832079,-0.01016311632607508,0.032
raceline_xy,20260415_212047_eb9da4db,3367,107.77599999999168,104.0171811255885,-312.9563739346222,6.087912412262126,-0.01804497463976426,6.08793915545195,0.2536641314771646,-3.097756185968569,-0.014803120891596572,0.05467229045363592,0.2733614522681796,0.3913489093142726,-0.012881256223859161,0.0,0.0,0.6489222795711268,7.0,0.2916666666666667,7.0,0.2916666666666667,7.0,0.2916666666666667,1.3061950838954743,0.0,0.0,0.004844770502418411,0.0,0.0,0.10030375302346395,0.0,555.8947600932443,-0.010665055756198513,0.032
raceline_xy,20260415_212047_eb9da4db,3368,107.80799999999168,103.82252573788018,-312.96420639921223,6.087873306704895,-0.019030746304229934,6.087903051773647,0.2536626271572353,-3.098250754855819,-0.015455329970517673,0.05273312110572639,0.26366560552863194,0.39334286618806313,-0.013033084627855018,0.0,0.0,0.6490005498808505,7.0,0.2916666666666667,7.0,0.2916666666666667,7.0,0.2916666666666667,1.3080799434200028,0.0,0.0,0.004683959934109014,0.0,0.0,0.10030888027387859,0.0,555.9272534037169,0.00193787372137427,0.032
raceline_xy,20260415_212047_eb9da4db,3369,107.83999999999168,103.62786740356186,-312.97191809722784,6.087813021313089,-0.01957642923629896,6.087844496950529,0.2536601873729387,-3.0987811129438745,-0.01657375502760047,0.05000209154045384,0.2500104577022692,0.396593908724439,-0.012859166697991142,0.0,0.0,0.6491571841892859,7.0,0.2916666666666667,7.0,0.2916666666666667,7.0,0.2916666666666667,1.3115672361501698,0.0,0.0,0.004420400564520845,0.0,0.0,0.10032169318412204,0.0,555.9799527445233,-0.00994003161871995,0.032
raceline_xy,20260415_212047_eb9da4db,3370,107.87199999999167,103.43321379109027,-312.97977905397363,6.087870991887955,-0.01233271696223523,6.08788348359087,0.2536618118162863,-3.0992044689666214,-0.01322974759141456,0.04785506965521512,0.23927534827607558,0.3999787970083606,-0.012553438121269966,0.0,0.0,0.649313939833232,7.0,0.2916666666666667,7.0,0.2916666666666667,7.0,0.2916666666666667,1.3146965831676933,0.0,0.0,0.004143685854783242,0.0,0.0,0.1002873517993973,0.0,555.9448647682165,-0.016027080039146026,0.032
raceline_xy,20260415_212047_eb9da4db,3371,107.90399999999167,103.23855274229922,-312.9874569608384,6.087867611896608,-0.015580212174395425,6.087887548484376,0.253661981186849,-3.0996114298432964,-0.012717422299768086,0.04663708882772818,0.23318544413864087,0.40340091873357675,-0.012206802155264818,0.0,0.0,0.6494708125197717,7.0,0.2916666666666667,7.0,0.2916666666666667,7.0,0.2916666666666667,1.3174903666032556,0.0,0.0,0.0038621022724812633,0.0,0.0,0.10029786242082603,0.0,555.9412063640608,-0.017801496167691354,0.032
raceline_xy,20260415_212047_eb9da4db,3372,107.93599999999167,103.04388260491035,-312.99482690057823,6.087758900038115,-0.022277626214458973,6.087799661423086,0.2536583192259619,-3.100092723780026,-0.015040443386799083,0.04660307976940788,0.2330153988470394,0.40676667426280666,-0.011910277049830498,0.0,0.0,0.649627797964132,7.0,0.2916666666666667,7.0,0.2916666666666667,7.0,0.2916666666666667,1.3199710068508352,0.0,0.0,0.0035835455224456033,0.0,0.0,0.10033529822576791,0.0,556.0203047192226,-0.015890391272817515,0.032
raceline_xy,20260415_212047_eb9da4db,3373,107.96799999999166,102.84920752623013,-313.0019190810328,6.087570349785331,-0.02734760768151409,6.087631777237466,0.2536513240515611,-3.100685560277255,-0.018526262280398362,0.04834723039568566,0.2417361519784283,0.4100378792334842,-0.011704599575671715,0.0,0.0,0.6497835744051165,7.0,0.2916666666666667,7.0,0.2916666666666667,7.0,0.2916666666666667,1.3221639283127917,0.0,0.0,0.0033106546132629713,0.0,0.0,0.10037691786149683,0.0,556.1714004862798,-0.012675413076080423,0.032
raceline_xy,20260415_212047_eb9da4db,3374,107.99999999999166,102.65453117735944,-313.0088348855586,6.087405605337587,-0.028702715912212545,6.087473273025205,0.25364471970938357,-3.1013678967149367,-0.021323198098576815,0.05088361064731753,0.2544180532365876,0.41315971460349843,-0.011565426223663078,0.0,0.0,0.6499391676601423,7.0,0.2916666666666667,7.0,0.2916666666666667,7.0,0.2916666666666667,1.3240410400725544,0.0,0.0,0.0030493989031135063,0.0,0.0,0.1003896785368363,0.0,556.3140542773149,-0.010635779699062929,0.032
raceline_xy,20260415_212047_eb9da4db,3375,108.03199999999165,102.45985436592844,-313.0156618504955,6.087329479332286,-0.027097067338533398,6.087389788818047,0.253641241200752,-3.102087461611875,-0.02248656928212286,0.05391660493505214,0.2695830246752607,0.4162626275467076,-0.011439751822390765,0.0,0.0,0.6500948568946492,7.0,0.2916666666666667,7.0,0.2916666666666667,7.0,0.2916666666666667,1.3256588606175832,0.0,0.0,0.0027893568274995296,0.0,0.0,0.10037449972175018,0.0,556.389190063757,-0.01079241397776039,0.032
raceline_xy,20260415_212047_eb9da4db,3376,108.06399999999165,102.26517583225514,-313.0224232265751,6.087321535012562,-0.02480852773124581,6.08737208766442,0.25364050365268415,-3.1028002093124307,-0.02227345582859348,0.05735995934809405,0.28679979674047024,0.419390473655878,-0.011283477650089413,0.0,0.0,0.6502506368750817,7.0,0.2916666666666667,7.0,0.2916666666666667,7.0,0.2916666666666667,1.3270189373388135,0.0,0.0,0.0025272375424484064,0.0,0.0,0.10035569493173097,0.0,556.4051211020217,-0.01246220773798379,0.032
raceline_xy,20260415_212047_eb9da4db,3377,108.09599999999165,102.07049359271137,-313.0290814076012,6.087330141173989,-0.02382043770019937,6.087376747080597,0.2536406977950249,-3.1034926321825305,-0.021638231910441428,0.0611892185718983,0.3059460928594915,0.42255562578471206,-0.011083038465036221,0.0,0.0,0.6504065023763043,7.0,0.2916666666666667,7.0,0.2916666666666667,7.0,0.2916666666666667,1.3281227677658798,0.0,0.0,0.0022623469303440177,0.0,0.0,0.10034824597146545,0.0,556.400927627462,-0.014529352372167268,0.032
raceline_xy,20260415_212047_eb9da4db,3378,108.12799999999164,101.87580617700564,-313.0355782529296,6.087318097326696,-0.02469036643228162,6.087368169598062,0.2536403403999193,-3.1041783726396988,-0.021429377174412793,0.06540529874863318,0.3270264937431659,0.4257429777731847,-0.010852014541287147,0.0,0.0,0.6505624481818801,7.0,0.2916666666666667,7.0,0.2916666666666667,7.0,0.2916666666666667,1.3289717969081671,0.0,0.0,0.0019961630223784203,0.0,0.0,0.10035323167308398,0.0,556.4086473617434,-0.015950464454538467,0.032
raceline_xy,20260415_212047_eb9da4db,3379,108.15999999999164,101.6811133448511,-313.0418693295239,6.087267122198658,-0.026835801883239557,6.087326274914418,0.25363859478810075,-3.104882576268671,-0.02200636629781916,0.06999958266166015,0.3499979133083007,0.4289261141683056,-0.010615903925868864,0.0,0.0,0.6507184690843519,7.0,0.2916666666666667,7.0,0.2916666666666667,7.0,0.2916666666666667,1.3295649517424373,0.0,0.0,0.0017310226668566771,0.0,0.0,0.10036779087211134,0.0,556.446352577023,-0.016334844964461477,0.032
raceline_xy,20260415_212047_eb9da4db,3380,108.19199999999164,101.48641597069712,-313.04794146274065,6.087181167186253,-0.02916114174978557,6.087251016208806,0.25363545900870027,-3.1056246682881676,-0.02319041181009321,0.07493654528396904,0.3746827264198452,0.4320848030613149,-0.010394561175258055,0.0,0.0,0.6508745598855246,7.0,0.2916666666666667,7.0,0.2916666666666667,7.0,0.2916666666666667,1.3299098972158347,0.0,0.0,0.0014686972697017745,0.0,0.0,0.10038566774083205,0.0,556.5140854120741,-0.015965207496054488,0.032
raceline_xy,20260415_212047_eb9da4db,3381,108.22399999999163,101.29171518195389,-313.05380845358246,6.087083311287566,-0.03079530244128517,6.087161209398684,0.2536317170582785,-3.106409319806829,-0.024520418446574065,0.08015929784803853,0.4007964892401926,0.4352139676321869,-0.010192088420164058,0.0,0.0,0.6510307153967507,7.0,0.2916666666666667,7.0,0.2916666666666667,7.0,0.2916666666666667,1.330039968631203,0.0,0.0,0.001209675131985837,0.0,0.0,0.10039910489769334,0.0,556.5949115411838,-0.015446428151659572,0.032
raceline_xy,20260415_212047_eb9da4db,3382,108.25599999999163,101.09701159225088,-313.0594935418321,6.086998657822141,-0.03149553703161631,6.087080139868495,0.25362833916118727,-3.107228080193482,-0.025586314969231173,0.08560772681326839,0.42803863406634196,0.4383217882248509,-0.010000226207445007,0.0,0.0,0.6511869304392183,7.0,0.2916666666666667,7.0,0.2916666666666667,7.0,0.2916666666666667,1.329981133163228,0.0,0.0,0.0009533515346751041,0.0,0.0,0.1004044003812032,0.0,556.6678741183542,-0.015282837241016693,0.032
raceline_xy,20260415_212047_eb9da4db,3383,108.28799999999163,100.90230515197469,-313.06501198212044,6.08693742838086,-0.031592895856131786,6.087019415780795,0.25362580899086645,-3.1080676464832395,-0.02623646745046907,0.09123504246399883,0.45617521231999414,0.44142116656331076,-0.00980585687407487,0.0,0.0,0.6513431998442416,7.0,0.2916666666666667,7.0,0.2916666666666667,7.0,0.2916666666666667,1.3297593913394685,0.0,0.0,0.0006987477748624012,0.0,0.0,0.10040405411510736,0.0,556.7225257972839,-0.015634485582915587,0.032
raceline_xy,20260415_212047_eb9da4db,3384,108.31999999999162,100.70759545684005,-313.07036314096473,6.086892985466086,-0.03164289583078336,6.086975233182143,0.25362396804925597,-3.108918331553056,-0.026583886245354304,0.0970139793863262,0.48506989693163094,0.4445211352973697,-0.0095994727212525,0.0,0.0,0.6514995184535541,7.0,0.2916666666666667,7.0,0.2916666666666667,7.0,0.2916666666666667,1.3294007790015296,0.0,0.0,0.00044520559592519987,0.0,0.0,0.1004032589770468,0.0,556.7622901360711,-0.01633181322721038,0.032
raceline_xy,20260415_212047_eb9da4db,3385,108.35199999999162,100.51288214859255,-313.07553359328955,6.086851164402626,-0.03205748540479886,6.086935582044554,0.2536223159185231,-3.1097780824741728,-0.026867156866281126,0.10293232465178571,0.5146616232589285,0.4476228855501292,-0.009379194363685617,0.0,0.0,0.651655881119605,7.0,0.2916666666666667,7.0,0.2916666666666667,7.0,0.2916666666666667,1.3289313751249967,0.0,0.0,0.00019269393342524844,0.0,0.0,0.1004057683580855,0.0,556.7979761599007,-0.017064612598911455,0.032
raceline_xy,20260415_212047_eb9da4db,3386,108.38399999999162,100.31816517523633,-313.0805062949216,6.086800134775434,-0.032923346633001754,6.086889174895149,0.2536203822872979,-3.1106511811312405,-0.027284250223889726,0.10779347423137738,0.5389673711568869,0.4494332974296231,-0.009703720983463615,0.0,0.0,0.6517340773683016,7.0,0.2916666666666667,7.0,0.2916666666666667,7.0,0.2916666666666667,1.3286632910570066,0.0,0.0,4.584728056216121e-05,0.0,0.0,0.10041247391956931,0.0,556.8397425943652,0.002147762189185942,0.032
raceline_xy,20260415_212047_eb9da4db,3387,108.41599999999161,100.12344623318641,-313.08528729996,6.086709222478911,-0.03336839010321482,6.086800687427502,0.2536166953094792,-3.1115621044581765,-0.028466278174845507,0.10896826794539351,0.5448413397269675,0.45250345929128066,-0.009500487463970142,0.0,0.0,0.6518904964919806,7.0,0.2916666666666667,7.0,0.2916666666666667,7.0,0.2916666666666667,1.328076727111073,0.0,0.0,0.0,0.0,0.0,0.10043438427831716,0.0,556.919381315248,-0.01609352796789749,0.032
raceline_xy,20260415_212047_eb9da4db,3388,108.44799999999161,99.92872863553286,-313.0902864815521,6.086889816976365,-0.02207882381457013,6.086929859828484,0.2536220774928535,-3.1122970230063354,-0.022965703280253096,0.11015947458643925,0.5507973729321962,0.45576483573807813,-0.009098697199815042,0.0,0.0,0.6520469468523746,7.0,0.2916666666666667,7.0,0.2916666666666667,7.0,0.2916666666666667,1.3274448608868088,0.0,0.0,0.0,0.0,0.0,0.10035357750167333,0.0,556.8031261543643,-0.025071563765721082,0.032
raceline_xy,20260415_212047_eb9da4db,3389,108.4799999999916,99.73400267277192,-313.09499383697334,6.086904400419823,-0.026927506820669522,6.086963961653937,0.25362349840224735,-3.1129992905696096,-0.021945446965908517,0.11193113097218818,0.5596556548609408,0.45902555178898474,-0.008642992710479191,0.0,0.0,0.6522031032782194,7.0,0.2916666666666667,7.0,0.2916666666666667,7.0,0.2916666666666667,1.3267893231177013,0.0,0.0,0.0,0.0,0.0,0.10037991097580612,0.0,556.7724345114565,-0.027226044344817946,0.032
raceline_xy,20260415_212047_eb9da4db,3390,108.5119999999916,99.5392719710966,-313.0992270757576,6.08666057641135,-0.03682537269208161,6.086771975399937,0.2536154989749974,-3.1138070354111456,-0.025241863248165783,0.11430356632559678,0.5715178316279839,0.4621722448881389,-0.008270536240283288,0.0,0.0,0.652359224080174,7.0,0.2916666666666667,7.0,0.2916666666666667,7.0,0.2916666666666667,1.3261198401154974,0.0,0.0,0.0,0.0,0.0,0.10046957013978101,0.0,556.9452221400559,-0.02390832055570444,0.032
raceline_xy,20260415_212047_eb9da4db,3391,108.5439999999916,99.34454428140921,-313.1030443763016,6.086250660230889,-0.04393614471827777,6.086409243878827,0.2536003851616178,-3.114773095987611,-0.03018942588909327,0.11718751778883685,0.5859375889441842,0.46516461281930876,-0.008033836970548158,0.0,0.0,0.6525153598575542,7.0,0.2916666666666667,7.0,0.2916666666666667,7.0,0.2916666666666667,1.325437465749939,0.0,0.0,0.0,0.0,0.0,0.1005588384563431,0.0,557.2716805090553,-0.018674929125684428,0.032
raceline_xy,20260415_212047_eb9da4db,3392,108.5759999999916,99.14982203449027,-313.106605753335,6.085919045003608,-0.04530715132156603,6.086087689172618,0.25358698704885907,-3.1158607203362862,-0.033988345366974725,0.12041035164239729,0.6020517582119864,0.46804141544812516,-0.007896009103441237,0.0,0.0,0.6526715050770234,7.0,0.2916666666666667,7.0,0.2916666666666667,7.0,0.2916666666666667,1.324742247445398,0.0,0.0,0.0,0.0,0.0,0.1005778046176013,0.0,557.5610797446437,-0.015041586885420115,0.032
raceline_xy,20260415_212047_eb9da4db,3393,108.60799999999159,98.9551020475436,-313.11004738102923,6.085803612575719,-0.04218173240085507,6.085949795174786,0.25358124146561606,-3.116988682795392,-0.03524881334031361,0.12381415564573807,0.6190707782286903,0.47088555657509,-0.007775688515246237,0.0,0.0,0.6528276542168147,7.0,0.2916666666666667,7.0,0.2916666666666667,7.0,0.2916666666666667,1.324034235147682,0.0,0.0,0.0,0.0,0.0,0.10053406215201864,0.0,557.6851843426923,-0.014689502552143845,0.032
raceline_xy,20260415_212047_eb9da4db,3394,108.63999999999159,98.76038014112954,-313.11341195139204,6.085849645165716,-0.0379055609310069,6.085967690935696,0.25358198712232066,-3.1180871299245307,-0.03432628948941267,0.12732938278195266,0.6366469139097632,0.47376715167517425,-0.007602878644703104,0.0,0.0,0.652983801767004,7.0,0.2916666666666667,7.0,0.2916666666666667,7.0,0.2916666666666667,1.3233134815125585,0.0,0.0,0.0,0.0,0.0,0.10048360617208153,0.0,557.669078157873,-0.016988033697769987,0.032
raceline_xy,20260415_212047_eb9da4db,3395,108.67199999999158,98.56565379763029,-313.1166499301972,6.085935701529455,-0.03550562392202254,6.086039271355461,0.25358496963981086,-3.119131851730189,-0.032647239597069735,0.13097828930993455,0.6548914465496727,0.4767092647042759,-0.0073519904370087374,0.0,0.0,0.6531399422297877,7.0,0.2916666666666667,7.0,0.2916666666666667,7.0,0.2916666666666667,1.3225785721671848,0.0,0.0,0.0,0.0,0.0,0.10045974325463283,0.0,557.6046557800845,-0.020045013373997334,0.032
raceline_xy,20260415_212047_eb9da4db,3396,108.70399999999158,98.3709226295552,-313.11967190782656,6.085974477477805,-0.03609895003968712,6.086081536974772,0.25358673070728216,-3.1201437543386596,-0.03162159636639147,0.13482439349504186,0.6741219674752092,0.4796892320363675,-0.0070422793643660775,0.0,0.0,0.6532960701197633,7.0,0.2916666666666667,7.0,0.2916666666666667,7.0,0.2916666666666667,1.3218274860147101,0.0,0.0,0.0,0.0,0.0,0.10046471983346283,0.0,557.5666167227046,-0.022108060367889194,0.032
raceline_xy,20260415_212047_eb9da4db,3397,108.73599999999158,98.17618822974957,-313.12240754392604,6.085926324396942,-0.03883803701582199,6.086050247829615,0.2535854269929006,-3.121164012267716,-0.03188272589117739,0.13891313364805882,0.6945656682402941,0.48266440522616705,-0.00671639258725909,0.0,0.0,0.6534521799642166,7.0,0.2916666666666667,7.0,0.2916666666666667,7.0,0.2916666666666667,1.3210609266162479,0.0,0.0,0.0,0.0,0.0,0.10049080332272986,0.0,557.5947769533462,-0.022475289168037947,0.032
raceline_xy,20260415_212047_eb9da4db,3398,108.76799999999157,97.98145312267573,-313.12483687349044,6.085800848737196,-0.041948407335450216,6.085945418697769,0.253581059112407,-3.122225530350639,-0.03317214637531704,0.1432400426407488,0.7162002132037439,0.48560116714415,-0.00640635690251079,0.0,0.0,0.6536082663034113,7.0,0.2916666666666667,7.0,0.2916666666666667,7.0,0.2916666666666667,1.3202771422001014,0.0,0.0,0.0,0.0,0.0,0.10052416265262283,0.0,557.6891231720078,-0.02156715791695798,0.032
raceline_xy,20260415_212047_eb9da4db,3399,108.79999999999157,97.78671906370377,-313.1269850671581,6.085650602805094,-0.04396589262666589,6.085809416925285,0.25357539237188687,-3.1233372862356674,-0.03474209095270863,0.1477561217769351,0.7387806088846754,0.4884905184248618,-0.006120276504069544,0.0,0.0,0.6537643236908839,7.0,0.2916666666666667,7.0,0.2916666666666667,7.0,0.2916666666666667,1.319474346781199,0.0,0.0,0.0,0.0,0.0,0.10054736827829802,0.0,557.8115247672433,-0.020368065815511708,0.032
raceline_xy,20260415_212047_eb9da4db,3400,108.83199999999157,97.59198617086777,-313.1288942564301,6.085532905566477,-0.04444078600533469,6.085695172138769,0.25357063217244874,-3.1244862595487124,-0.03590510914787902,0.1523964159856865,0.7619820799284325,0.49134572689266953,-0.0058442622984054005,0.0,0.0,0.6539203466937452,7.0,0.2916666666666667,7.0,0.2916666666666667,7.0,0.2916666666666667,1.3186507182400398,0.0,0.0,0.0,0.0,0.0,0.10055187945404791,0.0,557.9143450751072,-0.019726441913686617,0.032
raceline_xy,20260415_212047_eb9da4db,3401,108.86399999999156,97.3972534690045,-313.1305944903941,6.085470468216144,-0.04388329105285844,6.085628690839135,0.2535678621182973,-3.125650725310498,-0.03638919631298148,0.1571092311582804,0.785546155791402,0.49418859244745583,-0.00555572550627792,0.0,0.0,0.6540763298929839,7.0,0.2916666666666667,7.0,0.2916666666666667,7.0,0.2916666666666667,1.3178043967313808,0.0,0.0,0.0,0.0,0.0,0.10054353501306133,0.0,557.974178244778,-0.019934772147136584,0.032
raceline_xy,20260415_212047_eb9da4db,3402,108.89599999999156,97.20251997672516,-313.1320898569911,6.085447501289237,-0.043203782507081005,6.085600862509004,0.25356670260454184,-3.1268143578377394,-0.03636310529060131,0.16186983928421203,0.8093491964210601,0.4970351281810821,-0.0052374817807252505,0.0,0.0,0.6542322678837778,7.0,0.2916666666666667,7.0,0.2916666666666667,7.0,0.2916666666666667,1.3169334834479667,0.0,0.0,0.0,0.0,0.0,0.10053421096477451,0.0,557.9992237418959,-0.020734799317723436,0.032
raceline_xy,20260415_212047_eb9da4db,3403,108.92799999999156,97.00778541279257,-313.1333628347817,6.085432322725456,-0.04310076869068255,6.0855849538670865,0.25356603974446196,-3.1279732615872167,-0.036215295414919184,0.16667584211180314,0.8333792105590156,0.49988859206809355,-0.004884782299898749,0.0,0.0,0.6543881552758085,7.0,0.2916666666666667,7.0,0.2916666666666667,7.0,0.2916666666666667,1.3160360397660575,0.0,0.0,0.0,0.0,0.0,0.10053206101775768,0.0,558.0135415196218,-0.021619691005695434,0.032
raceline_xy,20260415_212047_eb9da4db,3404,108.95999999999155,96.81305029856388,-313.1343891400317,6.0853994208966045,-0.043744055609951975,6.08555664292511,0.25356486012187957,-3.129134201010154,-0.03627889323143261,0.1716266908640329,0.8581334543201644,0.502740039826393,-0.004502167547140168,0.0,0.0,0.654544271894266,7.0,0.2916666666666667,7.0,0.2916666666666667,7.0,0.2916666666666667,1.3151085972755219,0.0,0.0,0.0,0.0,0.0,0.10053873951978176,0.0,558.0390213674006,-0.022181881676974508,0.032
raceline_xy,20260415_212047_eb9da4db,3405,108.99199999999155,96.61831561936079,-313.1351519208823,6.085340034095202,-0.04483801495151887,6.085505219630214,0.25356271748459225,-3.130307578651143,-0.036667579593421346,0.17674831063383162,0.883741553169158,0.5043592533595902,-0.0048907371159239155,0.0,0.0,0.6546225821528736,7.0,0.2916666666666667,7.0,0.2916666666666667,7.0,0.2916666666666667,1.314632455300769,0.0,0.0,0.0,0.0,0.0,0.10055105303626383,0.0,558.085302332807,0.0016728889330487988,0.032
raceline_xy,20260415_212047_eb9da4db,3406,109.02399999999155,96.42358251942002,-313.13566983722086,6.08526340334429,-0.045124125679375335,6.085430705775858,0.25355961274066074,-3.131517862449387,-0.03782090188817157,0.17886777885539829,0.8943388942769914,0.5071670388838587,-0.004507823437575276,0.0,0.0,0.6547791551026249,7.0,0.2916666666666667,7.0,0.2916666666666667,7.0,0.2916666666666667,1.3136578378726718,0.0,0.0,0.0,0.0,0.0,0.10056564570767634,0.0,558.1523648017276,-0.020605822599974313,0.032
raceline_xy,20260415_212047_eb9da4db,3407,109.05599999999154,96.22884335778663,-313.1364542625049,6.085570139319636,-0.03078040581314872,6.085647981436393,0.25356866589318305,-3.132506703684257,-0.03090067038841766,0.18071088929362256,0.9035544464681128,0.510205342503224,-0.0038719019916770847,0.0,0.0,0.6549356619352664,7.0,0.2916666666666667,7.0,0.2916666666666667,7.0,0.2916666666666667,1.3126532676791545,0.0,0.0,0.0,0.0,0.0,0.10045295119387974,0.0,557.9568167072456,-0.031225953912607907,0.032
raceline_xy,20260415_212047_eb9da4db,3408,109.08799999999154,96.03410005376067,-313.13687857354046,6.085634396892766,-0.036274446696223664,6.08574250590078,0.2535726044125325,-3.133453237342038,-0.02957868466561502,0.18285503640811737,0.9142751820405868,0.5132856607822518,-0.0031619564807896516,0.0,0.0,0.655092099436536,7.0,0.2916666666666667,7.0,0.2916666666666667,7.0,0.2916666666666667,1.3116185314831892,0.0,0.0,0.0,0.0,0.0,0.10048195302070205,0.0,557.8717446892979,-0.033320714829180184,0.032
raceline_xy,20260415_212047_eb9da4db,3409,109.11999999999153,95.83936560245895,-313.13672256787663,6.08526470500976,-0.04791802786879982,6.085453365808694,0.25356055690869556,-3.1345195001026775,-0.0333203247079763,0.1854947265131739,0.9274736325658695,0.5162425936349271,-0.00253986868628564,0.0,0.0,0.6552484644135635,7.0,0.2916666666666667,7.0,0.2916666666666667,7.0,0.2916666666666667,1.3105534120927302,0.0,0.0,0.0,0.0,0.0,0.10063047306371616,0.0,558.1319707721752,-0.02875501394145965,0.032
raceline_xy,20260415_212047_eb9da4db,3410,109.15199999999153,95.64464847679551,-313.13606869196275,6.084687608835164,-0.05589081853290005,6.084944295612612,0.2535393456505255,-3.135765493529262,-0.038936898980208384,0.18853006266223535,0.9426503133111767,0.5190173190807066,-0.002065481666764679,0.0,0.0,0.6554047536953712,7.0,0.2916666666666667,7.0,0.2916666666666667,7.0,0.2916666666666667,1.3094576423540634,0.0,0.0,0.0,0.0,0.0,0.10074959917062702,0.0,558.5901339486489,-0.022116617338906953,0.032
raceline_xy,20260415_212047_eb9da4db,3411,109.18399999999153,95.44994602253381,-313.13511905634726,6.084259168454029,-0.05675531663591048,6.084523875775602,0.2535218281573168,-3.1371420325493133,-0.04301635004896268,0.19174076911812984,0.9587038455906491,0.5216620548665496,-0.001686051290904711,0.0,0.0,0.6555609641333818,7.0,0.2916666666666667,7.0,0.2916666666666667,7.0,0.2916666666666667,1.308327489405933,0.0,0.0,0.0,0.0,0.0,0.10076351749728092,0.0,558.9685118019577,-0.01773104736130856,0.032
raceline_xy,20260415_212047_eb9da4db,3412,109.21599999999152,95.25524863052875,-313.13403908668874,6.0841624003511585,-0.052268221524650105,6.08438691084222,0.2535161212850925,-3.1385488562676898,-0.04396263999708695,0.19493993822811195,0.9746996911405598,0.524279589997354,-0.0013012155076199683,0.0,0.0,0.6557170926019299,7.0,0.2916666666666667,7.0,0.2916666666666667,7.0,0.2916666666666667,1.3071632537789135,0.0,0.0,0.0,0.0,0.0,0.10068849736830227,0.0,559.0917802420018,-0.01740159108063102,0.032
raceline_xy,20260415_212047_eb9da4db,3413,109.24799999999152,95.06054904147753,-313.1328747527578,6.084291842322914,-0.046660812633549105,6.084470762029577,0.2535196150845657,-3.1399038265187373,-0.042342173850962284,0.19805800420417155,0.9902900210208577,0.5269527927257425,-0.0008371429220983551,0.0,0.0,0.655873135998781,7.0,0.2916666666666667,7.0,0.2916666666666667,7.0,0.2916666666666667,1.3059734537977583,0.0,0.0,0.0,0.0,0.0,0.1006111910630228,0.0,559.0163141733805,-0.02018601453475438,0.032
raceline_xy,20260415_212047_eb9da4db,3414,109.27999999999152,94.86584564340639,-313.1315615710417,6.084463634916745,-0.043535492070123014,6.0846193852774455,0.2535258077198936,-3.141182007512602,-0.039942532659135686,0.20113614022219753,1.0056807011109876,0.5297056501700697,-0.0002726009232660864,0.0,0.0,0.6560290912456563,7.0,0.2916666666666667,7.0,0.2916666666666667,7.0,0.2916666666666667,1.3047620146766263,0.0,0.0,0.0,0.0,0.0,0.10057623609257393,0.0,558.8825532502987,-0.023723043492431116,0.032
raceline_xy,20260415_212047_eb9da4db,3415,109.31199999999151,94.67114106632981,-313.1299916201212,6.0845560078155625,-0.04407441331312391,6.084715635603143,0.2535298181501309,3.1407731087006585,-0.03844288831143695,0.2042603964438231,1.0213019822191154,0.532507745767381,0.00035988155629240737,0.0,0.0,0.6561849552887631,7.0,0.2916666666666667,7.0,0.2916666666666667,7.0,0.2916666666666667,1.3035328986684023,0.0,0.0,0.0,0.0,0.0,0.10058307384850851,0.0,558.7959279571712,-0.0259341739163138,0.032
raceline_xy,20260415_212047_eb9da4db,3416,109.34399999999151,94.47643991787737,-313.1280844992692,6.084520214333325,-0.04710817808986316,6.084702574413461,0.2535292739338942,3.1395399930273467,-0.038534299033480546,0.2074906372857681,1.0374531864288405,0.5353069438442537,0.001005632457545147,0.0,0.0,0.6563407250993318,7.0,0.2916666666666667,7.0,0.2916666666666667,7.0,0.2916666666666667,1.3022901062111019,0.0,0.0,0.0,0.0,0.0,0.10061852675484294,0.0,558.8076830278849,-0.02606892245957633,0.032
raceline_xy,20260415_212047_eb9da4db,3417,109.3759999999915,94.28174624134009,-313.1258224019229,6.084378736557733,-0.05044565139401104,6.084587855690839,0.2535244939871183,3.138265246476994,-0.0398352299513033,0.21082508666522803,1.05412543332614,0.5380642448915318,0.0016221599189689684,0.0,0.0,0.6564963976741597,7.0,0.2916666666666667,7.0,0.2916666666666667,7.0,0.2916666666666667,1.3010376767403222,0.0,0.0,0.0,0.0,0.0,0.10066165188742625,0.0,558.9109298782445,-0.024721105278968102,0.032
raceline_xy,20260415_212047_eb9da4db,3418,109.4079999999915,94.0870613778728,-313.1232408302814,6.084211292432278,-0.05236688788357649,6.084436649510542,0.25351819372960593,3.1369399729107803,-0.04141413755632928,0.21420940188286341,1.071047009414317,0.5407712616089202,0.0021967533519591242,0.0,0.0,0.6566519700361604,7.0,0.2916666666666667,7.0,0.2916666666666667,7.0,0.2916666666666667,1.299779689166456,0.0,0.0,0.0,0.0,0.0,0.10068802362979899,0.0,559.0470154405115,-0.023110820145448577,0.032
raceline_xy,20260415_212047_eb9da4db,3419,109.4399999999915,93.89238386501766,-313.1203931009781,6.084097120654793,-0.052419248782258496,6.084322932849869,0.2535134555354112,3.1355813332876146,-0.04245677421573757,0.21757212045991944,1.0878606022995971,0.5434455975106713,0.002742730468429766,0.0,0.0,0.6568074392349217,7.0,0.2916666666666667,7.0,0.2916666666666667,7.0,0.2916666666666667,1.2985202144906596,0.0,0.0,0.0,0.0,0.0,0.10068756610432354,0.0,559.1493604351177,-0.02223814310832842,0.032
raceline_xy,20260415_212047_eb9da4db,3420,109.4719999999915,93.69771127669895,-313.1173156739613,6.084062093804254,-0.0512899218867593,6.08427828237277,0.2535115950988654,3.134215761094354,-0.04267339975180881,0.22094180116880724,1.104709005844036,0.5461128790818033,0.003286307733018745,0.0,0.0,0.6569633919213401,7.0,0.2916666666666667,7.0,0.2916666666666667,7.0,0.2916666666666667,1.2972594955187333,0.0,0.0,0.0,0.0,0.0,0.10067040331918914,0.0,559.1895458645067,-0.022405590059648366,0.032
raceline_xy,20260415_212047_eb9da4db,3421,109.50399999999149,93.50304215404353,-313.11401289464266,6.084079133627551,-0.050096971699205704,6.0842853820983445,0.25351189092076437,3.132862086208786,-0.042301626118954196,0.22438450925594436,1.1219225462797218,0.5487936122388613,0.003845530746162229,0.0,0.0,0.6571200662244545,7.0,0.2916666666666667,7.0,0.2916666666666667,7.0,0.2916666666666667,1.295998580224607,0.0,0.0,0.0,0.0,0.0,0.10065352850802185,0.0,559.1831561114896,-0.023379067270134446,0.032
raceline_xy,20260415_212047_eb9da4db,3422,109.53599999999149,93.30837671907541,-313.11046359272643,6.084103059641973,-0.049659631564314556,6.084305722048484,0.2535127384186868,3.1315238560072567,-0.04181900817251087,0.2278128123642142,1.1390640618210708,0.5514909411883138,0.004418620205371315,0.0,0.0,0.6572766355885928,7.0,0.2916666666666667,7.0,0.2916666666666667,7.0,0.2916666666666667,1.2947428032570911,0.0,0.0,0.0,0.0,0.0,0.10064737728278159,0.0,559.1648501563642,-0.02433108135621099,0.032
raceline_xy,20260415_212047_eb9da4db,3423,109.56799999999149,93.11371659311214,-313.1066372325005,6.084096674893098,-0.050208331426227354,6.084303840702718,0.2535126600292799,3.130190765645855,-0.0416583990910095,0.23124420310150412,1.1562210155075205,0.5541940126357274,0.004995150823781991,0.0,0.0,0.6574331034188171,7.0,0.2916666666666667,7.0,0.2916666666666667,7.0,0.2916666666666667,1.29349229311424,0.0,0.0,0.0,0.0,0.0,0.10065450769098258,0.0,559.1665433675531,-0.02478588963142062,0.032
raceline_xy,20260415_212047_eb9da4db,3424,109.59999999999148,92.91906363079262,-313.10251584916,6.084052189493719,-0.05126849591419751,6.084268197832556,0.25351117490968983,3.1288493390743817,-0.04191888916950679,0.23468511867343916,1.1734255933671958,0.556888984851458,0.005561526131620198,0.0,0.0,0.6575894731180282,7.0,0.2916666666666667,7.0,0.2916666666666667,7.0,0.2916666666666667,1.2922471783559049,0.0,0.0,0.0,0.0,0.0,0.10066858681150255,0.0,559.1986219506989,-0.024684350332827537,0.032
raceline_xy,20260415_212047_eb9da4db,3425,109.63199999999148,92.724418998313,-313.09809986038056,6.083985720918176,-0.052217567201451195,6.084209802978584,0.2535087417907743,3.1274916816094347,-0.04242607082346175,0.2374984865074827,1.1874924325374134,0.5584196001261348,0.005157049825573079,0.0,0.0,0.6576676222313028,7.0,0.2916666666666667,7.0,0.2916666666666667,7.0,0.2916666666666667,1.2916266844311537,0.0,0.0,0.0,0.0,0.0,0.10068147789698671,0.0,559.2511773192743,0.0011219306669134378,0.032
raceline_xy,20260415_212047_eb9da4db,3426,109.66399999999147,92.52978183530875,-313.0934272121641,6.083943206280722,-0.05179209170360531,6.084163653125414,0.2535068188802256,3.126103005056831,-0.04339538935819644,0.23879700096842116,1.1939850048421057,0.5610719027772482,0.005673220833226189,0.0,0.0,0.6578238511095394,7.0,0.2916666666666667,7.0,0.2916666666666667,7.0,0.2916666666666667,1.290389564910749,0.0,0.0,0.0,0.0,0.0,0.10068222016969935,0.0,559.2927121871267,-0.022329969956655354,0.032
raceline_xy,20260415_212047_eb9da4db,3427,109.69599999999147,92.33512854021481,-313.08904245248107,6.084352852489967,-0.03583564748325413,6.0844583840497535,0.2535190993354064,3.1249602009317554,-0.0357125793586676,0.23959730852489322,1.197986542624466,0.5639786575815045,0.0064368427359462466,0.0,0.0,0.6579799903541159,7.0,0.2916666666666667,7.0,0.2916666666666667,7.0,0.2916666666666667,1.2891541954608872,0.0,0.0,0.0,0.0,0.0,0.10054651656521846,0.0,559.0274543552215,-0.03360492174274602,0.032
raceline_xy,20260415_212047_eb9da4db,3428,109.72799999999147,92.14047922142016,-313.0842804030112,6.084472786061311,-0.04102627051641239,6.084611100078063,0.25352546250325264,3.1238754489810887,-0.03389850293611176,0.24053902235632568,1.2026951117816282,0.5669421963946388,0.007257829545908923,0.0,0.0,0.6581360433598366,7.0,0.2916666666666667,7.0,0.2916666666666667,7.0,0.2916666666666667,1.2879230027159922,0.0,0.0,0.0,0.0,0.0,0.10057577733342506,0.0,558.890009929743,-0.03593070735906595,0.032
raceline_xy,20260415_212047_eb9da4db,3429,109.75999999999146,91.94585559976011,-313.07889901660764,6.084080843368167,-0.053091872459048686,6.084312488322794,0.2535130203467831,3.1226756118955965,-0.037494513033824735,0.24185198222728033,1.2092599111364015,0.5697856427544408,0.007959722554776949,0.0,0.0,0.6582920135190413,7.0,0.2916666666666667,7.0,0.2916666666666667,7.0,0.2916666666666667,1.2866992440208294,0.0,0.0,0.0,0.0,0.0,0.10074637982956479,0.0,559.1587605094846,-0.031119228356672298,0.032
raceline_xy,20260415_212047_eb9da4db,3430,109.79199999999146,91.75126518425718,-313.0729825177122,6.083450316286077,-0.061426875248744614,6.0837604334592275,0.2534900180608011,3.1212941655405633,-0.043169280859154315,0.243446117221771,1.217230586108855,0.5724435430994594,0.008474891046649446,0.0,0.0,0.658447904221539,7.0,0.2916666666666667,7.0,0.2916666666666667,7.0,0.2916666666666667,1.2854839588329705,0.0,0.0,0.0,0.0,0.0,0.10088023423240114,0.0,559.655609886695,-0.023997393766699338,0.032
raceline_xy,20260415_212047_eb9da4db,3431,109.82399999999146,91.55669926694218,-313.0667451090483,6.0829896692396455,-0.0622608187597023,6.083308287899676,0.25347117866248653,3.1197804305726287,-0.047302937465326364,0.24510230747628875,1.2255115373814436,0.5749682780742278,0.008851562757224318,0.0,0.0,0.658603718854541,7.0,0.2916666666666667,7.0,0.2916666666666667,7.0,0.2916666666666667,1.2842781698399506,0.0,0.0,0.0,0.0,0.0,0.1008937749852918,0.0,560.062540890291,-0.019163200347550823,0.032
raceline_xy,20260415_212047_eb9da4db,3432,109.85599999999145,91.36214210163898,-313.0603648069248,6.082909235163251,-0.05735767138199632,6.083179650947417,0.2534658187894757,3.118239466823792,-0.04815381159861949,0.24663622048025613,1.2331811024012806,0.5774674957270829,0.009193718363964987,0.0,0.0,0.6587594608025961,7.0,0.2916666666666667,7.0,0.2916666666666667,7.0,0.2916666666666667,1.2830828828141245,0.0,0.0,0.0,0.0,0.0,0.10080541360378666,0.0,560.1783141473242,-0.018592879756409848,0.032
raceline_xy,20260415_212047_eb9da4db,3433,109.88799999999145,91.16758388777404,-313.05389462050925,6.0830899987363845,-0.051158254692002886,6.083305113155985,0.25347104638149937,3.1167588329631934,-0.04626877222908524,0.24798733482305896,1.2399366741152946,0.580029497418026,0.009587851214374332,0.0,0.0,0.6589151334475247,7.0,0.2916666666666667,7.0,0.2916666666666667,7.0,0.2916666666666667,1.2818990865089916,0.0,0.0,0.0,0.0,0.0,0.10071358685737997,0.0,560.0653981596129,-0.021353612999382914,0.032
raceline_xy,20260415_212047_eb9da4db,3434,109.91999999999145,90.9730244463731,-313.0472701456218,6.083320122218574,-0.04750636046468132,6.083505614666104,0.2534794006110877,3.115366333763954,-0.043514896731476925,0.2492128030884222,1.246064015442111,0.582681076405736,0.010060714621608735,0.0,0.0,0.6590707401683535,7.0,0.2916666666666667,7.0,0.2916666666666667,7.0,0.2916666666666667,1.2807277525948624,0.0,0.0,0.0,0.0,0.0,0.10067028742614342,0.0,559.8849468005056,-0.02497329498195846,0.032
raceline_xy,20260415_212047_eb9da4db,3435,109.95199999999144,90.77846973408965,-313.0403792859546,6.083459736852474,-0.047718485761853696,6.0836468851987595,0.25348528688328165,3.114032642625725,-0.04167731757879435,0.25041861834096724,1.252093091704836,0.5853889624171931,0.010581944377586527,0.0,0.0,0.659226284341252,7.0,0.2916666666666667,7.0,0.2916666666666667,7.0,0.2916666666666667,1.2795694923411722,0.0,0.0,0.0,0.0,0.0,0.10067481132386809,0.0,559.7578033211161,-0.027238059667008045,0.032
raceline_xy,20260415_212047_eb9da4db,3436,109.98399999999144,90.58392718740157,-313.03313742534925,6.083454572267719,-0.050611944461279534,6.083665104340242,0.25348604601417674,3.112704174058001,-0.041514059213481364,0.25169084591732566,1.2584542295866281,0.5880990071539336,0.011100624363422629,0.0,0.0,0.659382382698999,7.0,0.2916666666666667,7.0,0.2916666666666667,7.0,0.2916666666666667,1.2784217066126944,0.0,0.0,0.0,0.0,0.0,0.10071146118860272,0.0,559.7414060937817,-0.027345007699059988,0.032
raceline_xy,20260415_212047_eb9da4db,3437,110.01599999999144,90.38940183655846,-313.0255254526455,6.083330707670108,-0.05388683158405666,6.083569370813509,0.25348205711722954,3.1113394834703776,-0.042645800542528874,0.25308016960503427,1.2654008480251713,0.5907708582150497,0.011573314097998555,0.0,0.0,0.659538785297529,7.0,0.2916666666666667,7.0,0.2916666666666667,7.0,0.2916666666666667,1.277286605582828,0.0,0.0,0.0,0.0,0.0,0.10075654901656689,0.0,559.8275662678419,-0.02593268842563032,0.032
raceline_xy,20260415_212047_eb9da4db,3438,110.04799999999143,90.19489421593748,-313.0175803264212,6.083176516177837,-0.05572443894879295,6.083431740397329,0.2534763225165554,3.109928133012148,-0.044103719748794686,0.25455066321637115,1.2727533160818556,0.5933945317283045,0.011987352121307193,0.0,0.0,0.6596951311682293,7.0,0.2916666666666667,7.0,0.2916666666666667,7.0,0.2916666666666667,1.276166400116931,0.0,0.0,0.0,0.0,0.0,0.10078326720572044,0.0,559.9514336424032,-0.024116933066616966,0.032
raceline_xy,20260415_212047_eb9da4db,3439,110.07999999999143,90.00040132467058,-313.0093574596142,6.083077771461435,-0.055645235310287755,6.083332274819529,0.2534721781174804,3.1084866128708732,-0.04504642374277807,0.2560431582048911,1.2802157910244554,0.5959872585499664,0.012359183681930563,0.0,0.0,0.6598514214787241,7.0,0.2916666666666667,7.0,0.2916666666666667,7.0,0.2916666666666667,1.2750611223079276,0.0,0.0,0.0,0.0,0.0,0.10078118778592908,0.0,560.0409526624233,-0.023018606642665605,0.032
raceline_xy,20260415_212047_eb9da4db,3440,110.11199999999143,89.80591934178183,-313.00089783138793,6.083066679981992,-0.054266872898610596,6.083308731817031,0.2534711971590429,3.1070425311639234,-0.045126513472962156,0.2575132033790018,1.287566016895009,0.5985771879613404,0.012716372670388498,0.0,0.0,0.6600076573856616,7.0,0.2916666666666667,7.0,0.2916666666666667,7.0,0.2916666666666667,1.2739708034350827,0.0,0.0,0.0,0.0,0.0,0.10075979273839479,0.0,560.062141364672,-0.02301568529329537,0.032
raceline_xy,20260415_212047_eb9da4db,3441,110.14399999999142,89.61144631013258,-312.99220947844617,6.083115422172669,-0.05274561238154121,6.083344091788699,0.25347267049119576,3.105616557697717,-0.04456076021925483,0.25894969643698107,1.2947484821849053,0.6011850510331778,0.013079545374572454,0.0,0.0,0.6601638400347617,7.0,0.2916666666666667,7.0,0.2916666666666667,7.0,0.2916666666666667,1.272895024766826,0.0,0.0,0.0,0.0,0.0,0.10073788492177256,0.0,560.0303173901707,-0.023777724727769387,0.032
raceline_xy,20260415_212047_eb9da4db,3442,110.17599999999142,89.41698286444766,-312.98327282498207,6.08317406469307,-0.051975167861241206,6.083396100816436,0.25347483753401817,3.104213401494686,-0.04384784738201891,0.26036955210443585,1.3018477605221792,0.603815209999329,0.013454950746519145,0.0,0.0,0.660319970560864,7.0,0.2916666666666667,7.0,0.2916666666666667,7.0,0.2916666666666667,1.2718322266309436,0.0,0.0,0.0,0.0,0.0,0.10072753319800508,0.0,559.9835092652075,-0.024654161062228005,0.032
raceline_xy,20260415_212047_eb9da4db,3443,110.20799999999142,89.22253129096313,-312.97405962049487,6.083204639154842,-0.05217373334762723,6.083428373893,0.25347618224554164,3.102824078726899,-0.0434156092634585,0.2617986956587935,1.3089934782939674,0.6064582009398447,0.013834046727585037,0.0,0.0,0.660476050087977,7.0,0.2916666666666667,7.0,0.2916666666666667,7.0,0.2916666666666667,1.2707823527656597,0.0,0.0,0.0,0.0,0.0,0.10073050564816677,0.0,559.9544634962998,-0.02512138773659567,0.032
raceline_xy,20260415_212047_eb9da4db,3444,110.23999999999141,89.02809400950821,-312.9645510925392,6.083195491306203,-0.052962548032001816,6.083426042695198,0.2534760851122999,3.1014349283480946,-0.04341019929639258,0.26325388878104766,1.3162694439052383,0.609100015273091,0.014201232292369692,0.0,0.0,0.6606320797293284,7.0,0.2916666666666667,7.0,0.2916666666666667,7.0,0.2916666666666667,1.2697472977687458,0.0,0.0,0.0,0.0,0.0,0.1007415502724885,0.0,559.9565615743215,-0.025029255227651048,0.032
raceline_xy,20260415_212047_eb9da4db,3445,110.27199999999141,88.83367240184226,-312.95474565348286,6.0831596906001835,-0.05374644745114138,6.083397118547871,0.25347487993949464,3.1000365084935257,-0.04369980619416458,0.2647350523696912,1.323675261848456,0.611731111803167,0.014547177235588737,0.0,0.0,0.6607880605874152,7.0,0.2916666666666667,7.0,0.2916666666666667,7.0,0.2916666666666667,1.2687269054678105,0.0,0.0,0.0,0.0,0.0,0.10075272405980049,0.0,559.9825933069159,-0.02457262722495884,0.032
raceline_xy,20260415_212047_eb9da4db,3446,110.3039999999914,88.63926649479211,-312.94465503824944,6.083121962099948,-0.05410033171716261,6.083362528378087,0.2534734386824203,3.0986275909700973,-0.04402780478180487,0.26535978483933725,1.3267989241966862,0.6132873300266026,0.014005988097967492,0.0,0.0,0.6608660330643438,7.0,0.2916666666666667,7.0,0.2916666666666667,7.0,0.2916666666666667,1.2682221589918194,0.0,0.0,0.0,0.0,0.0,0.10075791911862673,0.0,560.0137244597211,0.000356461713793714,0.032
raceline_xy,20260415_212047_eb9da4db,3447,110.3359999999914,88.44487353743128,-312.93432087688103,6.083126514005427,-0.05303238590890136,6.083357676427633,0.25347323651781806,3.097199184493152,-0.04463681698705423,0.26508555344786194,1.3254277672393096,0.6158905543673248,0.014304201232681724,0.0,0.0,0.6610219427913719,7.0,0.2916666666666667,7.0,0.2916666666666667,7.0,0.2916666666666667,1.2672234676691263,0.0,0.0,0.0,0.0,0.0,0.10074910626818114,0.0,560.0180912151296,-0.022416399805378524,0.032
raceline_xy,20260415_212047_eb9da4db,3448,110.3679999999914,88.25045570858885,-312.92425858153814,6.083574266713558,-0.03732657064862399,6.083688776679474,0.25348703236164477,3.0960183149661926,-0.03690313193950629,0.2643014062045062,1.321507031022531,0.6187478318967856,0.014838263619961545,0.0,0.0,0.6611778064447759,7.0,0.2916666666666667,7.0,0.2916666666666667,7.0,0.2916666666666667,1.2662390481876453,0.0,0.0,0.0,0.0,0.0,0.10061134228003185,0.0,559.720100988473,-0.0333850537949727,0.032
raceline_xy,20260415_212047_eb9da4db,3449,110.3999999999914,88.05605192226686,-312.9138235260846,6.083717482826838,-0.04219209547733044,6.083863787411228,0.2534943244754678,3.094902031520405,-0.03488474230687215,0.2636413578788834,1.3182067893944167,0.6216669520769682,0.015425339422707296,0.0,0.0,0.6613336250899101,7.0,0.2916666666666667,7.0,0.2916666666666667,7.0,0.2916666666666667,1.2652687441328574,0.0,0.0,0.0,0.0,0.0,0.10064279419261539,0.0,559.5625913298945,-0.03565268221679196,0.032
raceline_xy,20260415_212047_eb9da4db,3450,110.43199999999139,87.86169041514621,-312.9027787572816,6.083357397408147,-0.05384694637685511,6.083595706342963,0.25348315443095676,3.0936790827447576,-0.03821694035530777,0.26334033341286,1.3167016670643,0.6244730683052584,0.01589429316842761,0.0,0.0,0.6614893997816382,7.0,0.2916666666666667,7.0,0.2916666666666667,7.0,0.2916666666666667,1.2643123911162473,0.0,0.0,0.0,0.0,0.0,0.10080780040587956,0.0,559.8038642913332,-0.030872928283431453,0.032
raceline_xy,20260415_212047_eb9da4db,3451,110.46399999999139,87.66737610784129,-312.891207313591,6.082764673440924,-0.061866050727420574,6.083079276213116,0.2534616365088798,3.0922831212691477,-0.043622404542471016,0.2633171737315786,1.3165858686578928,0.6270958537198639,0.01617889430764219,0.0,0.0,0.6616451315643876,7.0,0.2916666666666667,7.0,0.2916666666666667,7.0,0.2916666666666667,1.2633689530570336,0.0,0.0,0.0,0.0,0.0,0.10093653607047857,0.0,560.2686514081952,-0.023791582129277004,0.032
raceline_xy,20260415_212047_eb9da4db,3452,110.49599999999138,87.47309426457107,-312.8793198440889,6.082340333166624,-0.06252753273605094,6.0826617217148895,0.2534442384047871,3.0907619303677567,-0.04753516022208497,0.263304432469052,1.3165221623452599,0.6295911304153679,0.016330269479688297,0.0,0.0,0.6618014236747635,7.0,0.2916666666666667,7.0,0.2916666666666667,7.0,0.2916666666666667,1.2624359614617937,0.0,0.0,0.0,0.0,0.0,0.10094697533092174,0.0,560.6444504565991,-0.018983544315157422,0.032
raceline_xy,20260415_212047_eb9da4db,3453,110.52799999999138,87.27882426432855,-312.867292124572,6.082289445387228,-0.05753640285562028,6.0825615767637276,0.25344006569848865,3.0892185710348947,-0.048228036873671734,0.2632100021963103,1.3160500109815514,0.6320644607372219,0.016448402342733814,0.0,0.0,0.6619577146520408,7.0,0.2916666666666667,7.0,0.2916666666666667,7.0,0.2916666666666667,1.261516486623006,0.0,0.0,0.0,0.0,0.0,0.10085769919762909,0.0,560.7345809126448,-0.018339952706212134,0.032
raceline_xy,20260415_212047_eb9da4db,3454,110.55999999999138,87.08455500847738,-312.85517661615665,6.082492369239286,-0.05127668123767937,6.082708501966282,0.25344618758192844,3.087738809205703,-0.04624128249593801,0.2629845010053493,1.3149225050267466,0.6346023411109489,0.016618809029403714,0.0,0.0,0.6621139653026603,7.0,0.2916666666666667,7.0,0.2916666666666667,7.0,0.2916666666666667,1.2606107712559216,0.0,0.0,0.0,0.0,0.0,0.10076594417953977,0.0,560.6023482303457,-0.02093702946131204,0.032
raceline_xy,20260415_212047_eb9da4db,3455,110.59199999999137,86.89028814839556,-312.8429112666362,6.082741509815249,-0.04750841771361436,6.082927035973976,0.25345529316558235,3.086349947321886,-0.04340135533854274,0.262688405218571,1.313442026092855,0.6372311391237147,0.016868760464445742,0.0,0.0,0.6622701765572981,7.0,0.2916666666666667,7.0,0.2916666666666667,7.0,0.2916666666666667,1.2597188397466903,0.0,0.0,0.0,0.0,0.0,0.10072193156117186,0.0,560.4056676234209,-0.024377797753089833,0.032
raceline_xy,20260415_212047_eb9da4db,3456,110.62399999999137,86.6960326124479,-312.830387933911,6.0829016756585155,-0.04750943346436137,6.083087204865412,0.25346196686939215,3.08502356649769,-0.04144913320004706,0.2624291073324217,1.3121455366621084,0.6399208224112201,0.017169806795279463,0.0,0.0,0.6624263493373843,7.0,0.2916666666666667,7.0,0.2916666666666667,7.0,0.2916666666666667,1.2588407158879766,0.0,0.0,0.0,0.0,0.0,0.10072431393975075,0.0,560.2615156211291,-0.026504275591917113,0.032
raceline_xy,20260415_212047_eb9da4db,3457,110.65599999999137,86.50179792364871,-312.81752519769566,6.082922159155811,-0.05013015641256957,6.0831287202335895,0.25346369667639956,3.083707496863619,-0.04112676954437244,0.262287879779955,1.3114393988997748,0.6426179706537054,0.017469747732201224,0.0,0.0,0.6625824845551495,7.0,0.2916666666666667,7.0,0.2916666666666667,7.0,0.2916666666666667,1.2579753360627588,0.0,0.0,0.0,0.0,0.0,0.10075728314431906,0.0,560.224151789769,-0.026503896257484148,0.032
raceline_xy,20260415_212047_eb9da4db,3458,110.68799999999136,86.30758936675859,-312.80430533589816,6.082829589808689,-0.05313004345792527,6.083061615680873,0.25346090065336974,3.082361266540733,-0.04206890943630979,0.2622824499519606,1.3114122497598029,0.6452817577274899,0.017729942060207282,0.0,0.0,0.6627385831136727,7.0,0.2916666666666667,7.0,0.2916666666666667,7.0,0.2916666666666667,1.2571219422483944,0.0,0.0,0.0,0.0,0.0,0.1007978702203174,0.0,560.2845458872137,-0.024954552340308182,0.032
raceline_xy,20260415_212047_eb9da4db,3459,110.71999999999136,86.11340622851306,-312.7907657910367,6.0827097415578075,-0.05471605100155835,6.082955831360232,0.253456492973343,3.0809747716767157,-0.04332683017228557,0.26237523404328544,1.3118761702164272,0.6479025166013481,0.01793866703086522,0.0,0.0,0.6628946459069303,7.0,0.2916666666666667,7.0,0.2916666666666667,7.0,0.2916666666666667,1.2562824719031986,0.0,0.0,0.0,0.0,0.0,0.10082043029553728,0.0,560.3797517757905,-0.02310170937065545,0.032
raceline_xy,20260415_212047_eb9da4db,3460,110.75199999999136,85.91924373651922,-312.776963205457,6.082646422690846,-0.05438482566887326,6.082889544676673,0.25345373102819474,3.0795649752636898,-0.044054882607632934,0.26250928850066646,1.3125464425033322,0.6504979366007095,0.01811223564144715,0.0,0.0,0.6630506738198433,7.0,0.2916666666666667,7.0,0.2916666666666667,7.0,0.2916666666666667,1.2554577400965576,0.0,0.0,0.0,0.0,0.0,0.10081464966562152,0.0,560.4394097909936,-0.021986230656254078,0.032
raceline_xy,20260415_212047_eb9da4db,3461,110.78399999999135,85.7250970246528,-312.76293768930867,6.082666362141614,-0.05281590949265602,6.0828956586008145,0.2534539857750339,3.0781588942207314,-0.04393890680643747,0.26264424737520387,1.3132212368760192,0.6530955382417725,0.0182774646717756,0.0,0.0,0.6632066677283284,7.0,0.2916666666666667,7.0,0.2916666666666667,7.0,0.2916666666666667,1.2546481108158312,0.0,0.0,0.0,0.0,0.0,0.10079141919722526,0.0,560.4339072592666,-0.021940193743828038,0.032
raceline_xy,20260415_212047_eb9da4db,3462,110.81599999999135,85.53096408097808,-312.74869664077954,6.08274048473746,-0.051154129970890694,6.082955576829177,0.2534564823678824,3.076776138249267,-0.04321025885146569,0.2627726787917715,1.3138633939588575,0.6557149730613907,0.018453766482837253,0.0,0.0,0.6633626284993474,7.0,0.2916666666666667,7.0,0.2916666666666667,7.0,0.2916666666666667,1.253853944002114,0.0,0.0,0.0,0.0,0.0,0.100768673447548,0.0,560.3799808537399,-0.022615631062742145,0.032
raceline_xy,20260415_212047_eb9da4db,3463,110.84799999999134,85.33684612880079,-312.73422111699364,6.082821290875873,-0.05025098025110969,6.083028852286418,0.25345953551193406,3.0754205982047855,-0.042359988673248104,0.2629137137785081,1.3145685688925404,0.6583597966454495,0.018644837350216825,0.0,0.0,0.6635185569909572,7.0,0.2916666666666667,7.0,0.2916666666666667,7.0,0.2916666666666667,1.25307559556603,0.0,0.0,0.0,0.0,0.0,0.10075724504325695,0.0,560.3140329422234,-0.023373411419356657,0.032
raceline_xy,20260415_212047_eb9da4db,3464,110.87999999999134,85.14274609961065,-312.7194846558873,6.082874317893445,-0.05028864729533472,6.083082188770298,0.25346175786542907,3.0740830955406437,-0.04179641369001607,0.2630941375469619,1.3154706877348095,0.6610203826819032,0.01884130686687513,0.0,0.0,0.6636744540523617,7.0,0.2916666666666667,7.0,0.2916666666666667,7.0,0.2916666666666667,1.2523134174051114,0.0,0.0,0.0,0.0,0.0,0.10075819566052793,0.0,560.2660301067313,-0.023715336276386872,0.032
raceline_xy,20260415_212047_eb9da4db,3465,110.91199999999134,84.94866666849578,-312.7044706721723,6.082890342410321,-0.050877886757606794,6.083103112487054,0.2534626296869606,3.0727503317034977,-0.04164828677781844,0.26333095751874663,1.3166547875937331,0.6636831189243062,0.019029687296698405,0.0,0.0,0.6638303205239634,7.0,0.2916666666666667,7.0,0.2916666666666667,7.0,0.2916666666666667,1.2515677574205346,0.0,0.0,0.0,0.0,0.0,0.10076625320229553,0.0,560.2471987616511,-0.02351261770384536,0.032
raceline_xy,20260415_212047_eb9da4db,3466,110.94399999999133,84.7546089792711,-312.6891794024293,6.082882780379322,-0.051437152568421574,6.083100254023405,0.2534625105843085,3.0714134355882923,-0.04177732549726904,0.26362448685228856,1.3181224342614428,0.6663333669720308,0.019200920984602465,0.0,0.0,0.6639861572374149,7.0,0.2916666666666667,7.0,0.2916666666666667,7.0,0.2916666666666667,1.2508378051855296,0.0,0.0,0.0,0.0,0.0,0.10077396812157319,0.0,560.2497713789352,-0.02296696446768545,0.032
raceline_xy,20260415_212047_eb9da4db,3467,110.97599999999133,84.560572527767,-312.6736237036029,6.082874846399226,-0.05156457894723143,6.083093399148036,0.2534622249645015,3.0700715982614657,-0.041931673002519564,0.26256014120373367,1.3128007060186682,0.6680090227889393,0.01860889699185586,0.0,0.0,0.6640642058573392,7.0,0.2916666666666667,7.0,0.2916666666666667,7.0,0.2916666666666667,1.2504784431228357,0.0,0.0,0.0,0.0,0.0,0.10077589563289711,0.0,560.255940766767,-0.0005876510470141233,0.032
raceline_xy,20260415_212047_eb9da4db,3468,111.00799999999133,84.36655391860931,-312.6578429795883,6.082895115302275,-0.050368624193764366,6.083103647158369,0.25346265196493206,3.0687153514551344,-0.04238194333269167,0.2610752356375414,1.3053761781877071,0.6706391726151755,0.018743172771158445,0.0,0.0,0.6642204565837313,7.0,0.2916666666666667,7.0,0.2916666666666667,7.0,0.2916666666666667,1.2497716929072098,0.0,0.0,0.0,0.0,0.0,0.10076953642809247,0.0,560.2467175574675,-0.02101892425009492,0.032
raceline_xy,20260415_212047_eb9da4db,3469,111.03999999999132,84.17250613409445,-312.64229636005456,6.083316412219024,-0.03613922537545877,6.08342375762071,0.2534759899008629,3.067586577081631,-0.03527613164270252,0.25916902042210077,1.2958451021105037,0.6735010707259632,0.019091633451289614,0.0,0.0,0.6643766787815634,7.0,0.2916666666666667,7.0,0.2916666666666667,7.0,0.2916666666666667,1.2490820417312931,0.0,0.0,0.0,0.0,0.0,0.10064101347606817,0.0,559.9586181413606,-0.030776955375181,0.032
raceline_xy,20260415_212047_eb9da4db,3470,111.07199999999132,83.97848108953114,-312.626405857509,6.083448800750389,-0.040431335023348225,6.0835831550331525,0.25348263145971467,3.066521821535785,-0.033275345996572336,0.2574150404202535,1.2870752021012672,0.6764232606150942,0.019490814168376946,0.0,0.0,0.6645328727600586,7.0,0.2916666666666667,7.0,0.2916666666666667,7.0,0.2916666666666667,1.248409482810346,0.0,0.0,0.0,0.0,0.0,0.10067545596032962,0.0,559.8151604701624,-0.03276112209672783,0.032
raceline_xy,20260415_212047_eb9da4db,3471,111.10399999999132,83.78450839940867,-312.60996373898496,6.083172910676662,-0.05070712249461512,6.083384245094343,0.2534743435455976,3.065365122145254,-0.036146961783266186,0.2560233375851231,1.2801166879256154,0.6792467821198214,0.019784741294549324,0.0,0.0,0.6646890388187428,7.0,0.2916666666666667,7.0,0.2916666666666667,7.0,0.2916666666666667,1.2477540089098826,0.0,0.0,0.0,0.0,0.0,0.10080711909153812,0.0,559.9941794150911,-0.028369060869951973,0.032
raceline_xy,20260415_212047_eb9da4db,3472,111.13599999999131,83.59059001113559,-312.59304408114326,6.082698148190405,-0.05775587985143049,6.082972341187851,0.25345718088282715,3.0640564446842156,-0.040894608631615,0.25492412610714593,1.2746206305357295,0.6819124833184547,0.019913369944094317,0.0,0.0,0.6648451772475248,7.0,0.2916666666666667,7.0,0.2916666666666667,7.0,0.2916666666666667,1.2471152449687009,0.0,0.0,0.0,0.0,0.0,0.10091445819318136,0.0,560.3648929309336,-0.02190221247512873,0.032
raceline_xy,20260415_212047_eb9da4db,3473,111.16799999999131,83.39670741979154,-312.5758369127352,6.082367373701848,-0.05817878456507852,6.082645611873684,0.2534435671614035,3.0626389839434918,-0.04429323822296816,0.2539306055369597,1.2696530276847984,0.6844661106853573,0.01992025687043597,0.0,0.0,0.665001288326778,7.0,0.2916666666666667,7.0,0.2916666666666667,7.0,0.2916666666666667,1.2464914292160572,0.0,0.0,0.0,0.0,0.0,0.10092018733518268,0.0,560.6589493136844,-0.01746107765076871,0.032
raceline_xy,20260415_212047_eb9da4db,3474,111.1999999999913,83.20283824376325,-312.55850107998435,6.0823495010447,-0.0535030616046312,6.082584814900634,0.2534410339541931,3.061205807311034,-0.044784610026872625,0.2528854126595619,1.2644270632978094,0.6870029093170609,0.01989942270366374,0.0,0.0,0.6651573723274208,7.0,0.2916666666666667,7.0,0.2916666666666667,7.0,0.2916666666666667,1.2458822487353787,0.0,0.0,0.0,0.0,0.0,0.10084310237891528,0.0,560.7136665894292,-0.016818994854436345,0.032
raceline_xy,20260415_212047_eb9da4db,3475,111.2319999999913,83.0089715806346,-312.5410850213571,6.082543621996377,-0.04766832184484476,6.082730405204255,0.25344710021684397,3.059834661276014,-0.04284712114064168,0.2517409675977998,1.258704837988999,0.6896012773277236,0.019927506600438516,0.0,0.0,0.6653134295109983,7.0,0.2916666666666667,7.0,0.2916666666666667,7.0,0.2916666666666667,1.245287896754911,0.0,0.0,0.0,0.0,0.0,0.10076419291489724,0.0,560.5826353161704,-0.019157543016498857,0.032
raceline_xy,20260415_212047_eb9da4db,3476,111.2639999999913,82.81511061436714,-312.5235331063078,6.082774572404454,-0.04410106086166432,6.082934440075721,0.2534556016698217,3.0585501865676807,-0.04013958672275175,0.2505543342374971,1.2527716711874854,0.6922850525657323,0.020029358993440383,0.0,0.0,0.6654694601297636,7.0,0.2916666666666667,7.0,0.2916666666666667,7.0,0.2916666666666667,1.244707249499358,0.0,0.0,0.0,0.0,0.0,0.10072572953517059,0.0,560.3990039318511,-0.022280258195501633,0.032
raceline_xy,20260415_212047_eb9da4db,3477,111.2959999999913,82.6212660624105,-312.50574717263964,6.082928392130755,-0.04398530367702125,6.08308741764657,0.25346197573527374,3.0573260689413306,-0.03825381279261525,0.2494258724302876,1.2471293621514379,0.6950265180314461,0.020178874423256055,0.0,0.0,0.6656254644267606,7.0,0.2916666666666667,7.0,0.2916666666666667,7.0,0.2916666666666667,1.2441391842044554,0.0,0.0,0.0,0.0,0.0,0.10072654016209927,0.0,560.2613241180869,-0.02421278156238366,0.032
raceline_xy,20260415_212047_eb9da4db,3478,111.32799999999129,82.42744836347926,-312.4876531434971,6.082963119133995,-0.046278128750585124,6.083139154576774,0.2534641314406989,3.056114215468618,-0.037870333564056946,0.24843214670005187,1.2421607335002594,0.6977764929928143,0.020328167839275935,0.0,0.0,0.6657814426359046,7.0,0.2916666666666667,7.0,0.2916666666666667,7.0,0.2916666666666667,1.2435825791617432,0.0,0.0,0.0,0.0,0.0,0.10075305590621066,0.0,560.2147608809033,-0.02420937091537115,0.032
raceline_xy,20260415_212047_eb9da4db,3479,111.35999999999129,82.23366251264444,-312.4692348634457,6.0829017731086825,-0.04893413464720031,6.083098596177972,0.25346244150741554,3.0548771664659933,-0.0386571626872307,0.24759159398289732,1.2379579699144865,0.7004972117846653,0.020439986540488952,0.0,0.0,0.6659373949820656,7.0,0.2916666666666667,7.0,0.2916666666666667,7.0,0.2916666666666667,1.2430363137565719,0.0,0.0,0.0,0.0,0.0,0.10078591347800611,0.0,560.2512634398244,-0.022795834588708274,0.032
raceline_xy,20260415_212047_eb9da4db,3480,111.39199999999128,82.03990684382633,-312.4505263796905,6.082816472701156,-0.05031351932272454,6.083024551223772,0.25345935630099053,3.0536052006749888,-0.039747847829387,0.24687201660879182,1.234360083043959,0.7031793369831059,0.020504815366285012,0.0,0.0,0.6660933216811507,7.0,0.2916666666666667,7.0,0.2916666666666667,7.0,0.2916666666666667,1.2424992685028267,0.0,0.0,0.0,0.0,0.0,0.10080370847703404,0.0,560.3179038986044,-0.021109951287882397,0.032
raceline_xy,20260415_212047_eb9da4db,3481,111.42399999999128,81.84617572715021,-312.43157917877943,6.082777326711705,-0.04995404389645819,6.0829824439052596,0.2534576018293858,3.0523133575688117,-0.04036885271127031,0.24622345091545106,1.2311172545772553,0.7058369043232093,0.020537899013448158,0.0,0.0,0.666249222940186,7.0,0.2916666666666667,7.0,0.2916666666666667,7.0,0.2916666666666667,1.2419699624982452,0.0,0.0,0.0,0.0,0.0,0.10079789659041456,0.0,560.3558004852661,-0.02010426618248767,0.032
raceline_xy,20260415_212047_eb9da4db,3482,111.45599999999128,81.65246395305807,-312.412429610377,6.082806580584893,-0.048475442878263886,6.0829997341253526,0.253458322255223,3.051025903490647,-0.0402318526120327,0.24562334100758232,1.2281167050379116,0.7084896589782748,0.020564060316509813,0.0,0.0,0.6664051819729068,7.0,0.2916666666666667,7.0,0.2916666666666667,7.0,0.2916666666666667,1.2414460849461157,0.0,0.0,0.0,0.0,0.0,0.10077762312781104,0.0,560.3402392871823,-0.020249104417387854,0.032
raceline_xy,20260415_212047_eb9da4db,3483,111.48799999999127,81.4587696938804,-312.393083958941,6.082879935622533,-0.04693026918974097,6.083060969722844,0.25346087373845183,3.0497605163644126,-0.03954257157256601,0.2451091746648464,1.225545873324232,0.711161963653137,0.020601967646677988,0.0,0.0,0.6665614035439285,7.0,0.2916666666666667,7.0,0.2916666666666667,7.0,0.2916666666666667,1.2409280449801912,0.0,0.0,0.0,0.0,0.0,0.10075782787322239,0.0,560.28512724944,-0.02168297974028952,0.032
raceline_xy,20260415_212047_eb9da4db,3484,111.51999999999127,81.26509514298668,-312.37352023629785,6.082953631222203,-0.046223203246980926,6.083129249335229,0.2534637187223012,3.0485194100139026,-0.038784030456605265,0.2446691389188633,1.2233456945943164,0.7138556519953889,0.02065260621452092,0.0,0.0,0.6667176004721833,7.0,0.2916666666666667,7.0,0.2916666666666667,7.0,0.2916666666666667,1.240417066544352,0.0,0.0,0.0,0.0,0.0,0.10074886693694185,0.0,560.2236755982932,-0.022609570494578946,0.032
raceline_xy,20260415_212047_eb9da4db,3485,111.55199999999127,81.07144588402237,-312.3536975648161,6.08298118412323,-0.046849006533013604,6.083161588829478,0.2534650662012283,3.047285670004106,-0.03855376675041964,0.2443452098507005,1.2217260492535025,0.7165531688788986,0.02069904819470203,0.0,0.0,0.6668737732156295,7.0,0.2916666666666667,7.0,0.2916666666666667,7.0,0.2916666666666667,1.2399131584909395,0.0,0.0,0.0,0.0,0.0,0.10075689661392893,0.0,560.1945700534693,-0.022988686803645946,0.032
raceline_xy,20260415_212047_eb9da4db,3486,111.58399999999126,80.87782502182759,-312.3336011853587,6.0829673519166105,-0.047892786430639545,6.083155885186198,0.2534648285494249,3.046043646399056,-0.038812385020804384,0.2441530803455315,1.2207654017276575,0.719238569365054,0.020725630557777208,0.0,0.0,0.667029922224886,7.0,0.2916666666666667,7.0,0.2916666666666667,7.0,0.2916666666666667,1.239416329506223,0.0,0.0,0.0,0.0,0.0,0.10076934975509154,0.0,560.1997033324216,-0.022943720400661217,0.032
raceline_xy,20260415_212047_eb9da4db,3487,111.61599999999126,80.684233237461,-312.3132351362144,6.082932898470441,-0.04871566172232722,6.083127967007684,0.25346366529198683,3.044785602737724,-0.03931273191212033,0.2423222373252869,1.2116111866264345,0.7210321673101125,0.02009754486087445,0.0,0.0,0.6671079879680193,7.0,0.2916666666666667,7.0,0.2916666666666667,7.0,0.2916666666666667,1.2391705723344717,0.0,0.0,0.0,0.0,0.0,0.10077905569702489,0.0,560.2248296930841,-0.0018078895588124165,0.032
raceline_xy,20260415_212047_eb9da4db,3488,111.64799999999126,80.4906679988057,-312.292632346425,6.082889720190897,-0.04830839834430012,6.083081542224687,0.25346173092602864,3.043494934461516,-0.040331947777559954,0.2402505750987482,1.2012528754937408,0.7236662170778794,0.020058094608810695,0.0,0.0,0.6672641022049927,7.0,0.2916666666666667,7.0,0.2916666666666667,7.0,0.2916666666666667,1.2386835408645693,0.0,0.0,0.0,0.0,0.0,0.10078943506444238,0.0,560.266611997781,-0.021091625370811076,0.032
raceline_xy,20260415_212047_eb9da4db,3489,111.67999999999125,80.29707192910142,-312.2722329451736,6.083268126912625,-0.035254065108162536,6.083370279131272,0.2534737616304697,3.0424042939668396,-0.03408443203449959,0.23783387915095452,1.1891693957547727,0.7265025164098025,0.02020761387259684,0.0,0.0,0.6674201938026018,7.0,0.2916666666666667,7.0,0.2916666666666667,7.0,0.2916666666666667,1.2382011205216346,0.0,0.0,0.0,0.0,0.0,0.10065611208269626,0.0,560.0067487818545,-0.030883891774740716,0.032
raceline_xy,20260415_212047_eb9da4db,3490,111.71199999999125,80.1035075084039,-312.25149630579676,6.083371998557132,-0.03950343960182434,6.08350025845067,0.25347917743544457,3.0413628518658795,-0.03254665935065841,0.2356103960303809,1.1780519801519045,0.7293830479701389,0.020394467091701785,0.0,0.0,0.6675762631862427,7.0,0.2916666666666667,7.0,0.2916666666666667,7.0,0.2916666666666667,1.23772316187017,0.0,0.0,0.0,0.0,0.0,0.10069285587607202,0.0,559.8897673943969,-0.033684260785953254,0.032
raceline_xy,20260415_212047_eb9da4db,3491,111.74399999999125,79.91000950497781,-312.23021294683844,6.083077227690812,-0.049763960267856566,6.083280776833507,0.2534700323680628,3.040220923853189,-0.03568456374622263,0.2337937337678213,1.1689686688391066,0.7321552077195101,0.020467918198078028,0.0,0.0,0.6677323107742394,7.0,0.2916666666666667,7.0,0.2916666666666667,7.0,0.2916666666666667,1.2372487065893203,0.0,0.0,0.0,0.0,0.0,0.1008237910988461,0.0,560.0873008498432,-0.0305390311192081,0.032
raceline_xy,20260415_212047_eb9da4db,3492,111.77599999999124,79.71658101257472,-312.20843519785956,6.082559807209265,-0.05741022363386228,6.082830734292654,0.25345128059552724,3.038914897088148,-0.04081016018534981,0.23233731468407443,1.161686573420372,0.7347559034877169,0.02036357842216585,0.0,0.0,0.6678883369779022,7.0,0.2916666666666667,7.0,0.2916666666666667,7.0,0.2916666666666667,1.2367765259710293,0.0,0.0,0.0,0.0,0.0,0.10094039559904396,0.0,560.4923391366112,-0.025332766273274986,0.032
raceline_xy,20260415_212047_eb9da4db,3493,111.80799999999124,79.52320314508658,-312.1863267801756,6.082136514742869,-0.059107828411333996,6.082423720799795,0.25343432169999147,3.03747731234387,-0.04491979512393359,0.23108173637237547,1.1554086818618774,0.7372197344296905,0.02011320741702649,0.0,0.0,0.668044342201588,7.0,0.2916666666666667,7.0,0.2916666666666667,7.0,0.2916666666666667,1.2363054016483221,0.0,0.0,0.0,0.0,0.0,0.10096724335733852,0.0,560.8586512801838,-0.021892388761494765,0.032
raceline_xy,20260415_212047_eb9da4db,3494,111.83999999999124,79.32985275991514,-312.1640272329488,6.081993255209541,-0.05608936694419697,6.082251883430885,0.2534271618096202,3.0359896032487175,-0.046486007171010785,0.2298897952256944,1.1494489761284719,0.7396299401486233,0.01979745272484701,0.0,0.0,0.6682003268427619,7.0,0.2916666666666667,7.0,0.2916666666666667,7.0,0.2916666666666667,1.235834124977973,0.0,0.0,0.0,0.0,0.0,0.10091076271812678,0.0,561.0133049122029,-0.02197094251419422,0.032
raceline_xy,20260415_212047_eb9da4db,3495,111.87199999999123,79.13651885074479,-312.14157598510366,6.082063721046983,-0.05193061611181815,6.082285417157404,0.2534285590482252,3.034521792872603,-0.045864968341799206,0.22872370677057727,1.1436185338528864,0.7420570377804028,0.01948554660683577,0.0,0.0,0.6683562912920559,7.0,0.2916666666666667,7.0,0.2916666666666667,7.0,0.2916666666666667,1.2353614963086592,0.0,0.0,0.0,0.0,0.0,0.10084326441187973,0.0,560.9831245583357,-0.024917299729474554,0.032
raceline_xy,20260415_212047_eb9da4db,3496,111.90399999999123,78.9432061543265,-312.11891485810906,6.08218278196232,-0.04985109498374751,6.082387074567845,0.2534327947736602,3.033096057971467,-0.04455094050045765,0.22764388336201624,1.1382194168100812,0.7445223932775367,0.019198870548791547,0.0,0.0,0.6685122359333308,7.0,0.2916666666666667,7.0,0.2916666666666667,7.0,0.2916666666666667,1.2348863241356671,0.0,0.0,0.0,0.0,0.0,0.10081191167702064,0.0,560.8916328889391,-0.028742422967851313,0.032
raceline_xy,20260415_212047_eb9da4db,3497,111.93599999999122,78.74992864885625,-312.09594299930745,6.082218982735916,-0.05105326006133459,6.082433245775577,0.25343471857398236,3.031686992969475,-0.04403009853732573,0.2267541506689653,1.1337707533448265,0.7469956870177197,0.018911219523037648,0.0,0.0,0.6686681611437366,7.0,0.2916666666666667,7.0,0.2916666666666667,7.0,0.2916666666666667,1.2344067444056992,0.0,0.0,0.0,0.0,0.0,0.10082468016580172,0.0,560.8500788019805,-0.03164165343766104,0.032
raceline_xy,20260415_212047_eb9da4db,3498,111.96799999999122,78.55670077339384,-312.07257855854743,6.082108010278481,-0.054663593005937594,6.082353652747757,0.2534314021978232,3.0302476884287888,-0.04497425688754257,0.22614742534367197,1.1307371267183597,0.7494280374374176,0.01857546188148307,0.0,0.0,0.6688242181218174,7.0,0.2916666666666667,7.0,0.2916666666666667,7.0,0.2916666666666667,1.2339218439673003,0.0,0.0,0.0,0.0,0.0,0.10087186119916589,0.0,560.9217125270186,-0.03374493917171758,0.032
raceline_xy,20260415_212047_eb9da4db,3499,111.99999999999122,78.36353134482027,-312.0487896534235,6.081862416070785,-0.058880474684122275,6.082147429840335,0.2534228095766806,3.0287401719848743,-0.0471044634992764,0.22586560073279566,1.1293280036639781,0.7517852357364898,0.018152995284209883,0.0,0.0,0.6689803300457341,7.0,0.2916666666666667,7.0,0.2916666666666667,7.0,0.2916666666666667,1.2334331534706442,0.0,0.0,0.0,0.0,0.0,0.10093184910437616,0.0,561.1073131436982,-0.03382048259976867,0.032
raceline_xy,20260415_212047_eb9da4db,3500,112.03199999999121,78.17042508296794,-312.02457183395535,6.081518443337648,-0.06269815927356204,6.081841631926325,0.2534100679969302,3.027141392819656,-0.049954705053509095,0.2259147413190048,1.129573706595024,0.7540439798246563,0.017620455934701962,0.0,0.0,0.6691364264354258,7.0,0.2916666666666667,7.0,0.2916666666666667,7.0,0.2916666666666667,1.2329410342108147,0.0,0.0,0.0,0.0,0.0,0.10099324028742176,0.0,561.3825312663068,-0.03331464029816904,0.032
raceline_xy,20260415_212047_eb9da4db,3501,112.06399999999121,77.97737881865056,-311.9999592606483,6.081182547521089,-0.0649266423609115,6.0815291370808495,0.2533970473783687,3.0254573317798545,-0.05261832901414632,0.2262629238489889,1.1313146192449446,0.7562105263888843,0.01698378276279966,0.0,0.0,0.6692925093437908,7.0,0.2916666666666667,7.0,0.2916666666666667,7.0,0.2916666666666667,1.2324455740964784,0.0,0.0,0.0,0.0,0.0,0.1010262700682071,0.0,561.663776627235,-0.033402657149252155,0.032
raceline_xy,20260415_212047_eb9da4db,3502,112.09599999999121,77.78438791987433,-311.97498002312324,6.0809162188132895,-0.0658766105078914,6.081273040082851,0.2533863766701188,3.0237089615416846,-0.05462706557298773,0.226883511677625,1.1344175583881249,0.75830607110837,0.016263908102355007,0.0,0.0,0.6694485808137065,7.0,0.2916666666666667,7.0,0.2916666666666667,7.0,0.2916666666666667,1.2319468571391137,0.0,0.0,0.0,0.0,0.0,0.10103399934367222,0.0,561.8942639254335,-0.03462786011060126,0.032
raceline_xy,20260415_212047_eb9da4db,3503,112.1279999999912,77.59145163234791,-311.94963170983294,6.080707315956923,-0.06661578727383943,6.081072201959631,0.25337800841498465,3.021913903508999,-0.056085464986685866,0.22777993468617067,1.1388996734308532,0.7603480728897862,0.01547841458418242,0.0,0.0,0.6696046428781778,7.0,0.2916666666666667,7.0,0.2916666666666667,7.0,0.2916666666666667,1.2314449209506673,0.0,0.0,0.0,0.0,0.0,0.10103661391950282,0.0,562.0750182363316,-0.036797449053936504,0.032
raceline_xy,20260415_212047_eb9da4db,3504,112.1599999999912,77.3985747689734,-311.92388167111847,6.080497979696216,-0.06812166717459012,6.080879561595379,0.2533699817331408,3.020075225674992,-0.057447914729611894,0.22898551368704972,1.1449275684352485,0.7623390403190022,0.014631779671492318,0.0,0.0,0.6697606975604873,7.0,0.2916666666666667,7.0,0.2916666666666667,7.0,0.2916666666666667,1.230938240477185,0.0,0.0,0.0,0.0,0.0,0.10105312351588643,0.0,562.2483945641588,-0.03930519291323629,0.032
raceline_xy,20260415_212047_eb9da4db,3505,112.1919999999912,77.20576600977459,-311.89768358384623,6.080227577005481,-0.07076333705127713,6.080639344513748,0.2533599726880728,3.018181428871044,-0.059169276228224287,0.23054678408826193,1.1527339204413096,0.7642667255110571,0.013713662832038676,0.0,0.0,0.6699167468743455,7.0,0.2916666666666667,7.0,0.2916666666666667,7.0,0.2916666666666667,1.2304263385003769,0.0,0.0,0.0,0.0,0.0,0.10109177273114854,0.0,562.4645899376266,-0.041582021191132655,0.032
raceline_xy,20260415_212047_eb9da4db,3506,112.2239999999912,77.0130348035595,-311.8709962087256,6.079862549057041,-0.07427627151337934,6.080316240125699,0.25334651000523745,3.0162143607239136,-0.06145733315063034,0.23223780145656567,1.1611890072828284,0.7653357379329502,0.01222896921096206,0.0,0.0,0.6699947701448102,7.0,0.2916666666666667,7.0,0.2916666666666667,7.0,0.2916666666666667,1.2301678850325553,0.0,0.0,0.0,0.0,0.0,0.1011496623488212,0.0,562.7553838868707,-0.0008203921872238437,0.032
raceline_xy,20260415_212047_eb9da4db,3507,112.25599999999119,76.8203770498877,-311.84386333785926,6.079495428288057,-0.07583745348644211,6.079968419484323,0.25333201747851347,3.014151938071551,-0.06443545053631927,0.23233449750588633,1.1616724875294315,0.7670827666564879,0.011122296836897583,0.0,0.0,0.6701508151611366,7.0,0.2916666666666667,7.0,0.2916666666666667,7.0,0.2916666666666667,1.2296442922923587,0.0,0.0,0.0,0.0,0.0,0.10119182042148199,0.0,563.0684224641091,-0.04092612086630491,0.032
raceline_xy,20260415_212047_eb9da4db,3508,112.28799999999119,76.62765433372321,-311.81708729387725,6.0801958384896775,-0.05383080900549286,6.080434128447193,0.25335142201863303,3.012394049430597,-0.05493207020747519,0.23200791707536597,1.1600395853768297,0.7691361081001942,0.010310775032277064,0.0,0.0,0.6703068598024159,7.0,0.2916666666666667,7.0,0.2916666666666667,7.0,0.2916666666666667,1.2291095037448583,0.0,0.0,0.0,0.0,0.0,0.10089148723283108,0.0,562.6492843975261,-0.060234912221195064,0.032
raceline_xy,20260415_212047_eb9da4db,3509,112.31999999999118,76.43501516089438,-311.7896554417904,6.080367866428989,-0.06389611171809906,6.080703586279709,0.2533626494283212,3.0106516615601393,-0.054446019658065704,0.23226479377688602,1.1613239688844301,0.7711938520283721,0.009508554324583862,0.0,0.0,0.6704629060500653,7.0,0.2916666666666667,7.0,0.2916666666666667,7.0,0.2916666666666667,1.2285607340536333,0.0,0.0,0.0,0.0,0.0,0.1009261393856475,0.0,562.4067723482615,-0.06614022981980297,0.032
raceline_xy,20260415_212047_eb9da4db,3510,112.35199999999118,76.2425729178373,-311.76113126608357,6.078909481142335,-0.08630487202974624,6.079522103821834,0.2533134209925764,3.0086384982363423,-0.0628963154774624,0.2335511076025388,1.167755538012694,0.7729635538901802,0.00843259480812586,0.0,0.0,0.6706189558766263,7.0,0.2916666666666667,7.0,0.2916666666666667,7.0,0.2916666666666667,1.2279951433364902,0.0,0.0,0.0,0.0,0.0,0.1014965249897245,0.0,563.4701065603493,-0.060422313650674686,0.032
raceline_xy,20260415_212047_eb9da4db,3511,112.38399999999118,76.05035279174864,-311.73158985016715,6.0765102910170725,-0.10419422788566757,6.077403537199177,0.25322514738329904,3.00624579224818,-0.07474336285941079,0.23580664604446738,1.1790332302223367,0.7743368666922921,0.006977419261388285,0.0,0.0,0.6707750112459208,7.0,0.2916666666666667,7.0,0.2916666666666667,7.0,0.2916666666666667,1.2274098361051216,0.0,0.0,0.0,0.0,0.0,0.10199910188686169,0.0,565.3768165207402,-0.05102465267622552,0.032
raceline_xy,20260415_212047_eb9da4db,3512,112.41599999999117,75.85829797770292,-311.70137609358903,6.074543490573459,-0.10932952896857473,6.075527266400249,0.2531469694333437,3.0035491814573163,-0.08423097366484292,0.23869644483868577,1.1934822241934289,0.775393720363164,0.005222011410449312,0.0,0.0,0.6709310741132104,7.0,0.2916666666666667,7.0,0.2916666666666667,7.0,0.2916666666666667,1.226801859122838,0.0,0.0,0.0,0.0,0.0,0.1021091352510405,0.0,567.0654602397758,-0.04475873165054881,0.032
raceline_xy,20260415_212047_eb9da4db,3513,112.44799999999117,75.66634004982525,-311.6707535330161,6.073625439782917,-0.10516320633054599,6.07453580800574,0.2531056586669058,3.0007111742854953,-0.08864718051550625,0.2419530574013761,1.2097652870068805,0.7762987920378674,0.0033325770398566767,0.0,0.0,0.6710872443222475,7.0,0.2916666666666667,7.0,0.2916666666666667,7.0,0.2916666666666667,1.2261677361999794,0.0,0.0,0.0,0.0,0.0,0.10193078575571583,0.0,567.9577727948339,-0.0418232918039588,0.032
raceline_xy,20260415_212047_eb9da4db,3514,112.47999999999116,75.47444269191196,-311.6397955177055,6.073528001830774,-0.0985446751731639,6.074327406555191,0.25309697527313296,2.997868702042366,-0.08878992723389538,0.24549434832100456,1.2274717416050227,0.7771907023962372,0.0014501584256239042,0.0,0.0,0.6712439847415864,7.0,0.2916666666666667,7.0,0.2916666666666667,7.0,0.2916666666666667,1.22550360918015,0.0,0.0,0.0,0.0,0.0,0.1017067122043327,0.0,568.145334100328,-0.04825440090606104,0.032
raceline_xy,20260415_212047_eb9da4db,3515,112.51199999999116,75.28259873523491,-311.6084583863618,6.073855588271224,-0.0937193938592592,6.074578588837165,0.25310744120154854,2.995104411125358,-0.08635304090936853,0.24941101053410622,1.247055052670531,0.7781524615426729,-0.00034356396541790346,0.0,0.0,0.6714007131074697,7.0,0.2916666666666667,7.0,0.2916666666666667,7.0,0.2916666666666667,1.2248105616806233,0.0,0.0,0.0,0.0,0.0,0.10153822524200384,0.0,567.9192700465514,-0.058112935411419625,0.032
raceline_xy,20260415_212047_eb9da4db,3516,112.54399999999116,75.09084834936472,-311.5765274600058,6.073955770393832,-0.09592756496250698,6.074713227669284,0.25311305115288685,2.992375320726815,-0.08525568357041642,0.25390970678665004,1.2695485339332502,0.7791382593695557,-0.0020911699753360935,0.0,0.0,0.6715574091719573,7.0,0.2916666666666667,7.0,0.2916666666666667,7.0,0.2916666666666667,1.2240882065787746,0.0,0.0,0.0,0.0,0.0,0.10156131582570344,0.0,567.7980950976437,-0.06630050848914443,0.032
raceline_xy,20260415_212047_eb9da4db,3517,112.57599999999115,74.89924975867044,-311.54378107377937,6.073371395049025,-0.10478372852713602,6.074275243349102,0.2530948018062126,2.9895680792485013,-0.08769380195480814,0.25920445747605836,1.2960222873802918,0.7800316461493444,-0.0039056005337845257,0.0,0.0,0.6717140526910378,7.0,0.2916666666666667,7.0,0.2916666666666667,7.0,0.2916666666666667,1.2233361450752365,0.0,0.0,0.0,0.0,0.0,0.10178362100849593,0.0,568.1922809858079,-0.07014008961749872,0.032
raceline_xy,20260415_212047_eb9da4db,3518,112.60799999999115,74.70785049435369,-311.51010196454155,6.072003455846331,-0.11638696782050273,6.07311879466294,0.25304661644428916,2.986578614991563,-0.09337863282587026,0.2654028420824625,1.3270142104123124,0.7807266872779581,-0.005890506398046114,0.0,0.0,0.6718706234247765,7.0,0.2916666666666667,7.0,0.2916666666666667,7.0,0.2916666666666667,1.2225539661229572,0.0,0.0,0.0,0.0,0.0,0.10212262954279455,0.0,569.2330848033537,-0.07016472650927333,0.032
raceline_xy,20260415_212047_eb9da4db,3519,112.63999999999115,74.51666660892042,-311.47550647227473,6.070212037892482,-0.12620594015874165,6.07152387167391,0.25298016131974627,2.9833638229740824,-0.10040883983589198,0.2724735785168452,1.362367892584226,0.7811801951468853,-0.008086389105812941,0.0,0.0,0.6720271011374686,7.0,0.2916666666666667,7.0,0.2916666666666667,7.0,0.2916666666666667,1.2217391370968964,0.0,0.0,0.0,0.0,0.0,0.10241755013835477,0.0,570.6685154934806,-0.06892968407719141,0.032
raceline_xy,20260415_212047_eb9da4db,3520,112.67199999999114,74.32568489097412,-311.4400864437331,6.068519707997031,-0.13189888895308577,6.0699529457200425,0.25291470607166844,2.9799448308035563,-0.10678099866086291,0.28030359514551434,1.4015179757275715,0.7814143567249654,-0.010457712859760715,0.0,0.0,0.672183465597798,7.0,0.2916666666666667,7.0,0.2916666666666667,7.0,0.2916666666666667,1.2208772878448901,0.0,0.0,0.0,0.0,0.0,0.10256557273429937,0.0,572.0823488519613,-0.06899731094032838,0.032
raceline_xy,20260415_212047_eb9da4db,3521,112.70399999999114,74.13488558875247,-311.4039132400045,6.067200182866477,-0.1343820739908138,6.068688210872683,0.2528620087863618,2.976373979887529,-0.11152121406341013,0.2887965564855151,1.4439827824275755,0.7814824431118614,-0.012939813004626988,0.0,0.0,0.672339696579003,7.0,0.2916666666666667,7.0,0.2916666666666667,7.0,0.2916666666666667,1.219955810214188,0.0,0.0,0.0,0.0,0.0,0.10259509676340434,0.0,573.2206102145851,-0.07146113105427823,0.032
raceline_xy,20260415_212047_eb9da4db,3522,112.73599999999114,73.94426210585627,-311.3669879183171,6.066188301099718,-0.136148831395142,6.067715963086056,0.252821498461919,2.972694324535441,-0.11491854917204622,0.29792624671497575,1.4896312335748787,0.7814275587116128,-0.015465920112167186,0.0,0.0,0.6724957738590479,7.0,0.2916666666666667,7.0,0.2916666666666667,7.0,0.2916666666666667,1.2189508786251373,0.0,0.0,0.0,0.0,0.0,0.10259994708780132,0.0,574.0956332225492,-0.07579025096949561,0.032
raceline_xy,20260415_212047_eb9da4db,3523,112.76799999999113,73.75382733292956,-311.3292478986786,6.065224292453837,-0.1393240214842364,6.066824284643053,0.25278434519346055,2.968916361515909,-0.11798776445197347,0.3077324228181989,1.5386621140909944,0.7812593668637939,-0.0180019506109117,0.0,0.0,0.6726516772208015,7.0,0.2916666666666667,7.0,0.2916666666666667,7.0,0.2916666666666667,1.2178387938617614,0.0,0.0,0.0,0.0,0.0,0.1026630453337763,0.0,574.8981438212522,-0.08060789619593525,0.032
raceline_xy,20260415_212047_eb9da4db,3524,112.79999999999113,73.56360880976747,-311.2906024834475,6.064038378658444,-0.14472962647239962,6.065765254493565,0.25274021893723186,2.9650196979106784,-0.12169176541481563,0.31718138919955047,1.5859069459977522,0.7802789790816793,-0.021237165822463933,0.0,0.0,0.6727295573658524,7.0,0.2916666666666667,7.0,0.2916666666666667,7.0,0.2916666666666667,1.217235195341764,0.0,0.0,0.0,0.0,0.0,0.10282018672685209,0.0,575.8512709557914,0.004590521309745063,0.032
raceline_xy,20260415_212047_eb9da4db,3525,112.83199999999113,73.37356594560403,-311.2512138130356,6.0633381495560466,-0.1443873026031377,6.065057065602495,0.2527107110667706,2.961032891046111,-0.12450906734315748,0.3267527343396965,1.6337636716984822,0.7798772371697251,-0.02380550070254861,0.0,0.0,0.6728851619542365,7.0,0.2916666666666667,7.0,0.2916666666666667,7.0,0.2916666666666667,1.2159182026690143,0.0,0.0,0.0,0.0,0.0,0.10278065953381213,0.0,576.4886409577538,-0.08339423178919564,0.032
raceline_xy,20260415_212047_eb9da4db,3526,112.86399999999112,73.1833497860553,-311.2124043036652,6.065809653923483,-0.10485823622754564,6.0667159161556325,0.252779829839818,2.9576116410690094,-0.10690621454524854,0.3357069911890797,1.6785349559453984,0.7800443088733817,-0.02566145517611851,0.0,0.0,0.6730405421041982,7.0,0.2916666666666667,7.0,0.2916666666666667,7.0,0.2916666666666667,1.214435327862025,0.0,0.0,0.0,0.0,0.0,0.101876733502737,0.0,574.9956754599303,-0.11879080721430356,0.032
raceline_xy,20260415_212047_eb9da4db,3527,112.89599999999112,72.99334538159081,-311.172403864299,6.06655810631942,-0.12225181137228258,6.067789775753085,0.25282457398971186,2.95424791687683,-0.1051046742881185,0.3457986041140932,1.7289930205704658,0.7802497476562493,-0.027289913708138602,0.0,0.0,0.6731956776172876,7.0,0.2916666666666667,7.0,0.2916666666666667,7.0,0.2916666666666667,1.2127633048639617,0.0,0.0,0.0,0.0,0.0,0.10195323107624062,0.0,574.029201822223,-0.13020698644090017,0.032
raceline_xy,20260415_212047_eb9da4db,3528,112.92799999999112,72.80391290901223,-311.1303960938153,6.061357794528202,-0.16385368365280417,6.063572077821322,0.2526488365758884,2.9503940419247865,-0.12036443638842041,0.35785064091818986,1.7892532045909493,0.7799331939297165,-0.02921556544477344,0.0,0.0,0.6733505483008597,7.0,0.2916666666666667,7.0,0.2916666666666667,7.0,0.2916666666666667,1.2108790248041021,0.0,0.0,0.0,0.0,0.0,0.1040243948993653,0.0,577.8251299608102,-0.10031390589226134,0.032
raceline_xy,20260415_212047_eb9da4db,3529,112.95999999999111,72.61516072927184,-311.0865172348901,6.052561645833816,-0.19771826898502098,6.05579020364056,0.2523245918183567,2.9458367057538215,-0.142277283937319,0.37155530016785265,1.8577765008392633,0.7788840158818386,-0.03161544151279827,0.0,0.0,0.6735075106124916,7.0,0.2916666666666667,7.0,0.2916666666666667,7.0,0.2916666666666667,1.208746140262845,0.0,0.0,0.0,0.0,0.0,0.10590860552107238,0.0,584.8288167234953,-0.06697064725430808,0.032
